,Amount,Bet,Probability,Predication,Toss,Result,Heads,Tails,0,Number,Amount,Bet,Probability,Predication,Toss,Result,Heads,Tails,0,Number,Amount,Bet,Probability,Predication,Toss,Result,Heads,Tails,0,Number,Amount,Bet,Probability,Predication,Toss,Result,Heads,Tails,0,Number,Amount,Bet,Probability,Predication,Toss,Result,Heads,Tails,0,Number,Amount,Bet,Probability,Predication,Toss,Result,Heads,Tails,0,Number,Amount,Bet,Probability,Predication,Toss,Result,Heads,Tails,0,Number,Amount,Bet,Probability,Predication,Toss,Result,Heads,Tails,0,Number,Amount,Bet,Probability,Predication,Toss,Result,Heads,Tails,0,Number,Amount,Bet,Probability,Predication,Toss,Result,Heads,Tails,0,Number,Amount,Bet,Probability,Predication,Toss,Result,Heads,Tails,0,Number,Amount,Bet,Probability,Predication,Toss,Result,Heads,Tails,0,Number,Amount,Bet,Probability,Predication,Toss,Result,Heads,Tails,0,Number,Amount,Bet,Probability,Predication,Toss,Result,Heads,Tails,0,Number,Amount,Bet,Probability,Predication,Toss,Result,Heads,Tails,0,Number,Amount,Bet,Probability,Predication,Toss,Result,Heads,Tails,0,Number,Amount,Bet,Probability,Predication,Toss,Result,Heads,Tails,0,Number,Amount,Bet,Probability,Predication,Toss,Result,Heads,Tails,0,Number,Amount,Bet,Probability,Predication,Toss,Result,Heads,Tails,0,Number,Amount,Bet,Probability,Predication,Toss,Result,Heads,Tails,0,Number,Amount,Bet,Probability,Predication,Toss,Result,Heads,Tails,0,Number,Amount,Bet,Probability,Predication,Toss,Result,Heads,Tails,0,Number,Amount,Bet,Probability,Predication,Toss,Result,Heads,Tails,0,Number,Amount,Bet,Probability,Predication,Toss,Result,Heads,Tails,0,Number,Amount,Bet,Probability,Predication,Toss,Result,Heads,Tails,0,Number,Amount,Bet,Probability,Predication,Toss,Result,Heads,Tails,0,Number,Amount,Bet,Probability,Predication,Toss,Result,Heads,Tails,0,Number,Amount,Bet,Probability,Predication,Toss,Result,Heads,Tails,0,Number,Amount,Bet,Probability,Predication,Toss,Result,Heads,Tails,0,Number,Amount,Bet,Probability,Predication,Toss,Result,Heads,Tails,0,Number,Amount,Bet,Probability,Predication,Toss,Result,Heads,Tails,0,Number,Amount,Bet,Probability,Predication,Toss,Result,Heads,Tails,0,Number,Amount,Bet,Probability,Predication,Toss,Result,Heads,Tails,0,Number,Amount,Bet,Probability,Predication,Toss,Result,Heads,Tails,0,Number,Amount,Bet,Probability,Predication,Toss,Result,Heads,Tails,0,Number,Amount,Bet,Probability,Predication,Toss,Result,Heads,Tails,0,Number,Amount,Bet,Probability,Predication,Toss,Result,Heads,Tails,0,Number,Amount,Bet,Probability,Predication,Toss,Result,Heads,Tails,0,Number,Amount,Bet,Probability,Predication,Toss,Result,Heads,Tails,0,Number,Amount,Bet,Probability,Predication,Toss,Result,Heads,Tails,0,Number,Amount,Bet,Probability,Predication,Toss,Result,Heads,Tails,0,Number,Amount,Bet,Probability,Predication,Toss,Result,Heads,Tails,0,Number,Amount,Bet,Probability,Predication,Toss,Result,Heads,Tails,0,Number,Amount,Bet,Probability,Predication,Toss,Result,Heads,Tails,0,Number,Amount,Bet,Probability,Predication,Toss,Result,Heads,Tails,0,Number,Amount,Bet,Probability,Predication,Toss,Result,Heads,Tails,0,Number,Amount,Bet,Probability,Predication,Toss,Result,Heads,Tails,0,Number,Amount,Bet,Probability,Predication,Toss,Result,Heads,Tails,0,Number,Amount,Bet,Probability,Predication,Toss,Result,Heads,Tails,0,Number,Amount,Bet,Probability,Predication,Toss,Result,Heads,Tails,0,Number,Amount,Bet,Probability,Predication,Toss,Result,Heads,Tails,0,Number,Amount,Bet,Probability,Predication,Toss,Result,Heads,Tails,0,Number,Amount,Bet,Probability,Predication,Toss,Result,Heads,Tails,0,Number,Amount,Bet,Probability,Predication,Toss,Result,Heads,Tails,0,Number,Amount,Bet,Probability,Predication,Toss,Result,Heads,Tails,0,Number,Amount,Bet,Probability,Predication,Toss,Result,Heads,Tails,0,Number,Amount,Bet,Probability,Predication,Toss,Result,Heads,Tails,0,Number,Amount,Bet,Probability,Predication,Toss,Result,Heads,Tails,0,Number,Amount,Bet,Probability,Predication,Toss,Result,Heads,Tails,0,Number,Amount,Bet,Probability,Predication,Toss,Result,Heads,Tails,0,Number,Amount,Bet,Probability,Predication,Toss,Result,Heads,Tails,0,Number,Amount,Bet,Probability,Predication,Toss,Result,Heads,Tails,0,Number,Amount,Bet,Probability,Predication,Toss,Result,Heads,Tails,0,Number,Amount,Bet,Probability,Predication,Toss,Result,Heads,Tails,0,Number,Amount,Bet,Probability,Predication,Toss,Result,Heads,Tails,0,Number,Amount,Bet,Probability,Predication,Toss,Result,Heads,Tails,0,Number,Amount,Bet,Probability,Predication,Toss,Result,Heads,Tails,0,Number,Amount,Bet,Probability,Predication,Toss,Result,Heads,Tails,0,Number,Amount,Bet,Probability,Predication,Toss,Result,Heads,Tails,0,Number,Amount,Bet,Probability,Predication,Toss,Result,Heads,Tails,0,Number,Amount,Bet,Probability,Predication,Toss,Result,Heads,Tails,0,Number,Amount,Bet,Probability,Predication,Toss,Result,Heads,Tails,0,Number,Amount,Bet,Probability,Predication,Toss,Result,Heads,Tails,0,Number,Amount,Bet,Probability,Predication,Toss,Result,Heads,Tails,0,Number,Amount,Bet,Probability,Predication,Toss,Result,Heads,Tails,0,Number,Amount,Bet,Probability,Predication,Toss,Result,Heads,Tails,0,Number,Amount,Bet,Probability,Predication,Toss,Result,Heads,Tails,0,Number,Amount,Bet,Probability,Predication,Toss,Result,Heads,Tails,0,Number,Amount,Bet,Probability,Predication,Toss,Result,Heads,Tails,0,Number,Amount,Bet,Probability,Predication,Toss,Result,Heads,Tails,0,Number,Amount,Bet,Probability,Predication,Toss,Result,Heads,Tails,0,Number,Amount,Bet,Probability,Predication,Toss,Result,Heads,Tails,0,Number,Amount,Bet,Probability,Predication,Toss,Result,Heads,Tails,0,Number,Amount,Bet,Probability,Predication,Toss,Result,Heads,Tails,0,Number,Amount,Bet,Probability,Predication,Toss,Result,Heads,Tails,0,Number,Amount,Bet,Probability,Predication,Toss,Result,Heads,Tails,0,Number,Amount,Bet,Probability,Predication,Toss,Result,Heads,Tails,0,Number,Amount,Bet,Probability,Predication,Toss,Result,Heads,Tails,0,Number,Amount,Bet,Probability,Predication,Toss,Result,Heads,Tails,0,Number,Amount,Bet,Probability,Predication,Toss,Result,Heads,Tails,0,Number,Amount,Bet,Probability,Predication,Toss,Result,Heads,Tails,0,Number,Amount,Bet,Probability,Predication,Toss,Result,Heads,Tails,0,Number,Amount,Bet,Probability,Predication,Toss,Result,Heads,Tails,0,Number,Amount,Bet,Probability,Predication,Toss,Result,Heads,Tails,0,Number,Amount,Bet,Probability,Predication,Toss,Result,Heads,Tails,0,Number,Amount,Bet,Probability,Predication,Toss,Result,Heads,Tails,0,Number,Amount,Bet,Probability,Predication,Toss,Result,Heads,Tails,0,Number,Amount,Bet,Probability,Predication,Toss,Result,Heads,Tails,0,Number,Amount,Bet,Probability,Predication,Toss,Result,Heads,Tails,0,Number,Amount,Bet,Probability,Predication,Toss,Result,Heads,Tails,0,Number,Amount,Bet,Probability,Predication,Toss,Result,Heads,Tails,0,Number,Amount,Bet,Probability,Predication,Toss,Result,Heads,Tails,0,Number,Amount,Bet,Probability,Predication,Toss,Result,Heads,Tails,0,Number,Amount,Bet,Probability,Predication,Toss,Result,Heads,Tails,0,Number,Amount,Bet,Probability,Predication,Toss,Result,Heads,Tails,0,Number,Amount,Bet,Probability,Predication,Toss,Result,Heads,Tails,0,Number,Amount,Bet,Probability,Predication,Toss,Result,Heads,Tails,0,Number,Amount,Bet,Probability,Predication,Toss,Result,Heads,Tails,0,Number,Amount,Bet,Probability,Predication,Toss,Result,Heads,Tails,0,Number,Amount,Bet,Probability,Predication,Toss,Result,Heads,Tails,0,Number,Amount,Bet,Probability,Predication,Toss,Result,Heads,Tails,0,Number,Amount,Bet,Probability,Predication,Toss,Result,Heads,Tails,0,Number,Amount,Bet,Probability,Predication,Toss,Result,Heads,Tails,0,Number,Amount,Bet,Probability,Predication,Toss,Result,Heads,Tails,0,Number,Amount,Bet,Probability,Predication,Toss,Result,Heads,Tails,0,Number,Amount,Bet,Probability,Predication,Toss,Result,Heads,Tails,0,Number,Amount,Bet,Probability,Predication,Toss,Result,Heads,Tails,0,Number,Amount,Bet,Probability,Predication,Toss,Result,Heads,Tails,0,Number,Amount,Bet,Probability,Predication,Toss,Result,Heads,Tails,0,Number,Amount,Bet,Probability,Predication,Toss,Result,Heads,Tails,0,Number,Amount,Bet,Probability,Predication,Toss,Result,Heads,Tails,0,Number,Amount,Bet,Probability,Predication,Toss,Result,Heads,Tails,0,Number,Amount,Bet,Probability,Predication,Toss,Result,Heads,Tails,0,Number,Amount,Bet,Probability,Predication,Toss,Result,Heads,Tails,0,Number,Amount,Bet,Probability,Predication,Toss,Result,Heads,Tails,0,Number,Amount,Bet,Probability,Predication,Toss,Result,Heads,Tails,0,Number,Amount,Bet,Probability,Predication,Toss,Result,Heads,Tails,0,Number,Amount,Bet,Probability,Predication,Toss,Result,Heads,Tails,0,Number,Amount,Bet,Probability,Predication,Toss,Result,Heads,Tails,0,Number,Amount,Bet,Probability,Predication,Toss,Result,Heads,Tails,0,Number,Amount,Bet,Probability,Predication,Toss,Result,Heads,Tails,0,Number,Amount,Bet,Probability,Predication,Toss,Result,Heads,Tails,0,Number,Amount,Bet,Probability,Predication,Toss,Result,Heads,Tails,0,Number,Amount,Bet,Probability,Predication,Toss,Result,Heads,Tails,0,Number,Amount,Bet,Probability,Predication,Toss,Result,Heads,Tails,0,Number,Amount,Bet,Probability,Predication,Toss,Result,Heads,Tails,0,Number,Amount,Bet,Probability,Predication,Toss,Result,Heads,Tails,0,Number,Amount,Bet,Probability,Predication,Toss,Result,Heads,Tails,0,Number,Amount,Bet,Probability,Predication,Toss,Result,Heads,Tails,0,Number,Amount,Bet,Probability,Predication,Toss,Result,Heads,Tails,0,Number,Amount,Bet,Probability,Predication,Toss,Result,Heads,Tails,0,Number,Amount,Bet,Probability,Predication,Toss,Result,Heads,Tails,0,Number,Amount,Bet,Probability,Predication,Toss,Result,Heads,Tails,0,Number,Amount,Bet,Probability,Predication,Toss,Result,Heads,Tails,0,Number,Amount,Bet,Probability,Predication,Toss,Result,Heads,Tails,0,Number,Amount,Bet,Probability,Predication,Toss,Result,Heads,Tails,0,Number,Amount,Bet,Probability,Predication,Toss,Result,Heads,Tails,0,Number,Amount,Bet,Probability,Predication,Toss,Result,Heads,Tails,0,Number,Amount,Bet,Probability,Predication,Toss,Result,Heads,Tails,0,Number,Amount,Bet,Probability,Predication,Toss,Result,Heads,Tails,0,Number,Amount,Bet,Probability,Predication,Toss,Result,Heads,Tails,0,Number,Amount,Bet,Probability,Predication,Toss,Result,Heads,Tails,0,Number,Amount,Bet,Probability,Predication,Toss,Result,Heads,Tails,0,Number,Amount,Bet,Probability,Predication,Toss,Result,Heads,Tails,0,Number,Amount,Bet,Probability,Predication,Toss,Result,Heads,Tails,0,Number,Amount,Bet,Probability,Predication,Toss,Result,Heads,Tails,0,Number,Amount,Bet,Probability,Predication,Toss,Result,Heads,Tails,0,Number,Amount,Bet,Probability,Predication,Toss,Result,Heads,Tails,0,Number,Amount,Bet,Probability,Predication,Toss,Result,Heads,Tails,0,Number,Amount,Bet,Probability,Predication,Toss,Result,Heads,Tails,0,Number,Amount,Bet,Probability,Predication,Toss,Result,Heads,Tails,0,Number,Amount,Bet,Probability,Predication,Toss,Result,Heads,Tails,0,Number,Amount,Bet,Probability,Predication,Toss,Result,Heads,Tails,0,Number,Amount,Bet,Probability,Predication,Toss,Result,Heads,Tails,0,Number,Amount,Bet,Probability,Predication,Toss,Result,Heads,Tails,0,Number,Amount,Bet,Probability,Predication,Toss,Result,Heads,Tails,0,Number,Amount,Bet,Probability,Predication,Toss,Result,Heads,Tails,0,Number,Amount,Bet,Probability,Predication,Toss,Result,Heads,Tails,0,Number,Amount,Bet,Probability,Predication,Toss,Result,Heads,Tails,0,Number,Amount,Bet,Probability,Predication,Toss,Result,Heads,Tails,0,Number,Amount,Bet,Probability,Predication,Toss,Result,Heads,Tails,0,Number,Amount,Bet,Probability,Predication,Toss,Result,Heads,Tails,0,Number,Amount,Bet,Probability,Predication,Toss,Result,Heads,Tails,0,Number,Amount,Bet,Probability,Predication,Toss,Result,Heads,Tails,0,Number,Amount,Bet,Probability,Predication,Toss,Result,Heads,Tails,0,Number,Amount,Bet,Probability,Predication,Toss,Result,Heads,Tails,0,Number,Amount,Bet,Probability,Predication,Toss,Result,Heads,Tails,0,Number,Amount,Bet,Probability,Predication,Toss,Result,Heads,Tails,0,Number,Amount,Bet,Probability,Predication,Toss,Result,Heads,Tails,0,Number,Amount,Bet,Probability,Predication,Toss,Result,Heads,Tails,0,Number,Amount,Bet,Probability,Predication,Toss,Result,Heads,Tails,0,Number,Amount,Bet,Probability,Predication,Toss,Result,Heads,Tails,0,Number,Amount,Bet,Probability,Predication,Toss,Result,Heads,Tails,0,Number,Amount,Bet,Probability,Predication,Toss,Result,Heads,Tails,0,Number,Amount,Bet,Probability,Predication,Toss,Result,Heads,Tails,0,Number,Amount,Bet,Probability,Predication,Toss,Result,Heads,Tails,0,Number,Amount,Bet,Probability,Predication,Toss,Result,Heads,Tails,0,Number,Amount,Bet,Probability,Predication,Toss,Result,Heads,Tails,0,Number,Amount,Bet,Probability,Predication,Toss,Result,Heads,Tails,0,Number,Amount,Bet,Probability,Predication,Toss,Result,Heads,Tails,0,Number,Amount,Bet,Probability,Predication,Toss,Result,Heads,Tails,0,Number,Amount,Bet,Probability,Predication,Toss,Result,Heads,Tails,0,Number,Amount,Bet,Probability,Predication,Toss,Result,Heads,Tails,0,Number,Amount,Bet,Probability,Predication,Toss,Result,Heads,Tails,0,Number,Amount,Bet,Probability,Predication,Toss,Result,Heads,Tails,0,Number,Amount,Bet,Probability,Predication,Toss,Result,Heads,Tails,0,Number,Amount,Bet,Probability,Predication,Toss,Result,Heads,Tails,0,Number,Amount,Bet,Probability,Predication,Toss,Result,Heads,Tails,0,Number,Amount,Bet,Probability,Predication,Toss,Result,Heads,Tails,0,Number,Amount,Bet,Probability,Predication,Toss,Result,Heads,Tails,0,Number,Amount,Bet,Probability,Predication,Toss,Result,Heads,Tails,0,Number,Amount,Bet,Probability,Predication,Toss,Result,Heads,Tails,0,Number,Amount,Bet,Probability,Predication,Toss,Result,Heads,Tails,0,Number,Amount,Bet,Probability,Predication,Toss,Result,Heads,Tails,0,Number,Amount,Bet,Probability,Predication,Toss,Result,Heads,Tails,0,Number,Amount,Bet,Probability,Predication,Toss,Result,Heads,Tails,0,Number,Amount,Bet,Probability,Predication,Toss,Result,Heads,Tails,0,Number,Amount,Bet,Probability,Predication,Toss,Result,Heads,Tails,0,Number,Amount,Bet,Probability,Predication,Toss,Result,Heads,Tails,0,Number,Amount,Bet,Probability,Predication,Toss,Result,Heads,Tails,0,Number,Amount,Bet,Probability,Predication,Toss,Result,Heads,Tails,0,Number,Amount,Bet,Probability,Predication,Toss,Result,Heads,Tails,0,Number,Amount,Bet,Probability,Predication,Toss,Result,Heads,Tails,0,Number,Amount,Bet,Probability,Predication,Toss,Result,Heads,Tails,0,Number,Amount,Bet,Probability,Predication,Toss,Result,Heads,Tails,0,Number,Amount,Bet,Probability,Predication,Toss,Result,Heads,Tails,0,Number,Amount,Bet,Probability,Predication,Toss,Result,Heads,Tails,0,Number,Amount,Bet,Probability,Predication,Toss,Result,Heads,Tails,0,Number,Amount,Bet,Probability,Predication,Toss,Result,Heads,Tails,0,Number,Amount,Bet,Probability,Predication,Toss,Result,Heads,Tails,0,Number,Amount,Bet,Probability,Predication,Toss,Result,Heads,Tails,0,Number,Amount,Bet,Probability,Predication,Toss,Result,Heads,Tails,0,Number,Amount,Bet,Probability,Predication,Toss,Result,Heads,Tails,0,Number,Amount,Bet,Probability,Predication,Toss,Result,Heads,Tails,0,Number,Amount,Bet,Probability,Predication,Toss,Result,Heads,Tails,0,Number,Amount,Bet,Probability,Predication,Toss,Result,Heads,Tails,0,Number,Amount,Bet,Probability,Predication,Toss,Result,Heads,Tails,0,Number,Amount,Bet,Probability,Predication,Toss,Result,Heads,Tails,0,Number,Amount,Bet,Probability,Predication,Toss,Result,Heads,Tails,0,Number,Amount,Bet,Probability,Predication,Toss,Result,Heads,Tails,0,Number,Amount,Bet,Probability,Predication,Toss,Result,Heads,Tails,0,Number,Amount,Bet,Probability,Predication,Toss,Result,Heads,Tails,0,Number,Amount,Bet,Probability,Predication,Toss,Result,Heads,Tails,0,Number,Amount,Bet,Probability,Predication,Toss,Result,Heads,Tails,0,Number,Amount,Bet,Probability,Predication,Toss,Result,Heads,Tails,0,Number,Amount,Bet,Probability,Predication,Toss,Result,Heads,Tails,0,Number,Amount,Bet,Probability,Predication,Toss,Result,Heads,Tails,0,Number,Amount,Bet,Probability,Predication,Toss,Result,Heads,Tails,0,Number,Amount,Bet,Probability,Predication,Toss,Result,Heads,Tails,0,Number,Amount,Bet,Probability,Predication,Toss,Result,Heads,Tails,0,Number,Amount,Bet,Probability,Predication,Toss,Result,Heads,Tails,0,Number,Amount,Bet,Probability,Predication,Toss,Result,Heads,Tails,0,Number,Amount,Bet,Probability,Predication,Toss,Result,Heads,Tails,0,Number,Amount,Bet,Probability,Predication,Toss,Result,Heads,Tails,0,Number,Amount,Bet,Probability,Predication,Toss,Result,Heads,Tails,0,Number,Amount,Bet,Probability,Predication,Toss,Result,Heads,Tails,0,Number,Amount,Bet,Probability,Predication,Toss,Result,Heads,Tails,0,Number,Amount,Bet,Probability,Predication,Toss,Result,Heads,Tails,0,Number,Amount,Bet,Probability,Predication,Toss,Result,Heads,Tails,0,Number,Amount,Bet,Probability,Predication,Toss,Result,Heads,Tails,0,Number,Amount,Bet,Probability,Predication,Toss,Result,Heads,Tails,0,Number,Amount,Bet,Probability,Predication,Toss,Result,Heads,Tails,0,Number,Amount,Bet,Probability,Predication,Toss,Result,Heads,Tails,0,Number,Amount,Bet,Probability,Predication,Toss,Result,Heads,Tails,0,Number,Amount,Bet,Probability,Predication,Toss,Result,Heads,Tails,0,Number,Amount,Bet,Probability,Predication,Toss,Result,Heads,Tails,0,Number,Amount,Bet,Probability,Predication,Toss,Result,Heads,Tails,0,Number,Amount,Bet,Probability,Predication,Toss,Result,Heads,Tails,0,Number,Amount,Bet,Probability,Predication,Toss,Result,Heads,Tails,0,Number,Amount,Bet,Probability,Predication,Toss,Result,Heads,Tails,0,Number,Amount,Bet,Probability,Predication,Toss,Result,Heads,Tails,0,Number,Amount,Bet,Probability,Predication,Toss,Result,Heads,Tails,0,Number,Amount,Bet,Probability,Predication,Toss,Result,Heads,Tails,0,Number,Amount,Bet,Probability,Predication,Toss,Result,Heads,Tails,0,Number,Amount,Bet,Probability,Predication,Toss,Result,Heads,Tails,0,Number,Amount,Bet,Probability,Predication,Toss,Result,Heads,Tails,0,Number,Amount,Bet,Probability,Predication,Toss,Result,Heads,Tails,0,Number,Amount,Bet,Probability,Predication,Toss,Result,Heads,Tails,0,Number,Amount,Bet,Probability,Predication,Toss,Result,Heads,Tails,0,Number,Amount,Bet,Probability,Predication,Toss,Result,Heads,Tails,0,Number,Amount,Bet,Probability,Predication,Toss,Result,Heads,Tails,0,Number,Amount,Bet,Probability,Predication,Toss,Result,Heads,Tails,0,Number,Amount,Bet,Probability,Predication,Toss,Result,Heads,Tails,0,Number,Amount,Bet,Probability,Predication,Toss,Result,Heads,Tails,0,Number,Amount,Bet,Probability,Predication,Toss,Result,Heads,Tails,0,Number,Amount,Bet,Probability,Predication,Toss,Result,Heads,Tails,0,Number,Amount,Bet,Probability,Predication,Toss,Result,Heads,Tails,0,Number,Amount,Bet,Probability,Predication,Toss,Result,Heads,Tails,0,Number,Amount,Bet,Probability,Predication,Toss,Result,Heads,Tails,0,Number,Amount,Bet,Probability,Predication,Toss,Result,Heads,Tails,0,Number,Amount,Bet,Probability,Predication,Toss,Result,Heads,Tails,0,Number,Amount,Bet,Probability,Predication,Toss,Result,Heads,Tails,0,Number,Amount,Bet,Probability,Predication,Toss,Result,Heads,Tails,0,Number,Amount,Bet,Probability,Predication,Toss,Result,Heads,Tails,0,Number,Amount,Bet,Probability,Predication,Toss,Result,Heads,Tails,0,Number,Amount,Bet,Probability,Predication,Toss,Result,Heads,Tails,0,Number,Amount,Bet,Probability,Predication,Toss,Result,Heads,Tails,0,Number,Amount,Bet,Probability,Predication,Toss,Result,Heads,Tails,0,Number,Amount,Bet,Probability,Predication,Toss,Result,Heads,Tails,0,Number,Amount,Bet,Probability,Predication,Toss,Result,Heads,Tails,0,Number,Amount,Bet,Probability,Predication,Toss,Result,Heads,Tails,0,Number,Amount,Bet,Probability,Predication,Toss,Result,Heads,Tails,0,Number,Amount,Bet,Probability,Predication,Toss,Result,Heads,Tails,0,Number,Amount,Bet,Probability,Predication,Toss,Result,Heads,Tails,0,Number,Amount,Bet,Probability,Predication,Toss,Result,Heads,Tails,0,Number,Amount,Bet,Probability,Predication,Toss,Result,Heads,Tails,0,Number,Amount,Bet,Probability,Predication,Toss,Result,Heads,Tails,0,Number,Amount,Bet,Probability,Predication,Toss,Result,Heads,Tails,0,Number,Amount,Bet,Probability,Predication,Toss,Result,Heads,Tails,0,Number,Amount,Bet,Probability,Predication,Toss,Result,Heads,Tails,0,Number,Amount,Bet,Probability,Predication,Toss,Result,Heads,Tails,0,Number,Amount,Bet,Probability,Predication,Toss,Result,Heads,Tails,0,Number,Amount,Bet,Probability,Predication,Toss,Result,Heads,Tails,0,Number,Amount,Bet,Probability,Predication,Toss,Result,Heads,Tails,0,Number,Amount,Bet,Probability,Predication,Toss,Result,Heads,Tails,0,Number,Amount,Bet,Probability,Predication,Toss,Result,Heads,Tails,0,Number,Amount,Bet,Probability,Predication,Toss,Result,Heads,Tails,0,Number,Amount,Bet,Probability,Predication,Toss,Result,Heads,Tails,0,Number,Amount,Bet,Probability,Predication,Toss,Result,Heads,Tails,0,Number,Amount,Bet,Probability,Predication,Toss,Result,Heads,Tails,0,Number,Amount,Bet,Probability,Predication,Toss,Result,Heads,Tails,0,Number,Amount,Bet,Probability,Predication,Toss,Result,Heads,Tails,0,Number,Amount,Bet,Probability,Predication,Toss,Result,Heads,Tails,0,Number,Amount,Bet,Probability,Predication,Toss,Result,Heads,Tails,0,Number,Amount,Bet,Probability,Predication,Toss,Result,Heads,Tails,0,Number,Amount,Bet,Probability,Predication,Toss,Result,Heads,Tails,0,Number,Amount,Bet,Probability,Predication,Toss,Result,Heads,Tails,0,Number,Amount,Bet,Probability,Predication,Toss,Result,Heads,Tails,0,Number,Amount,Bet,Probability,Predication,Toss,Result,Heads,Tails,0,Number,Amount,Bet,Probability,Predication,Toss,Result,Heads,Tails,0,Number,Amount,Bet,Probability,Predication,Toss,Result,Heads,Tails,0,Number,Amount,Bet,Probability,Predication,Toss,Result,Heads,Tails,0,Number,Amount,Bet,Probability,Predication,Toss,Result,Heads,Tails,0,Number,Amount,Bet,Probability,Predication,Toss,Result,Heads,Tails,0,Number,Amount,Bet,Probability,Predication,Toss,Result,Heads,Tails,0,Number,Amount,Bet,Probability,Predication,Toss,Result,Heads,Tails,0,Number,Amount,Bet,Probability,Predication,Toss,Result,Heads,Tails,0,Number,Amount,Bet,Probability,Predication,Toss,Result,Heads,Tails,0,Number,Amount,Bet,Probability,Predication,Toss,Result,Heads,Tails,0,Number,Amount,Bet,Probability,Predication,Toss,Result,Heads,Tails,0,Number,Amount,Bet,Probability,Predication,Toss,Result,Heads,Tails,0,Number,Amount,Bet,Probability,Predication,Toss,Result,Heads,Tails,0,Number,Amount,Bet,Probability,Predication,Toss,Result,Heads,Tails,0,Number,Amount,Bet,Probability,Predication,Toss,Result,Heads,Tails,0,Number,Amount,Bet,Probability,Predication,Toss,Result,Heads,Tails,0,Number,Amount,Bet,Probability,Predication,Toss,Result,Heads,Tails,0,Number,Amount,Bet,Probability,Predication,Toss,Result,Heads,Tails,0,Number,Amount,Bet,Probability,Predication,Toss,Result,Heads,Tails,0,Number,Amount,Bet,Probability,Predication,Toss,Result,Heads,Tails,0,Number,Amount,Bet,Probability,Predication,Toss,Result,Heads,Tails,0,Number,Amount,Bet,Probability,Predication,Toss,Result,Heads,Tails,0,Number,Amount,Bet,Probability,Predication,Toss,Result,Heads,Tails,0,Number,Amount,Bet,Probability,Predication,Toss,Result,Heads,Tails,0,Number,Amount,Bet,Probability,Predication,Toss,Result,Heads,Tails,0,Number,Amount,Bet,Probability,Predication,Toss,Result,Heads,Tails,0,Number,Amount,Bet,Probability,Predication,Toss,Result,Heads,Tails,0,Number,Amount,Bet,Probability,Predication,Toss,Result,Heads,Tails,0,Number,Amount,Bet,Probability,Predication,Toss,Result,Heads,Tails,0,Number,Amount,Bet,Probability,Predication,Toss,Result,Heads,Tails,0,Number,Amount,Bet,Probability,Predication,Toss,Result,Heads,Tails,0,Number,Amount,Bet,Probability,Predication,Toss,Result,Heads,Tails,0,Number,Amount,Bet,Probability,Predication,Toss,Result,Heads,Tails,0,Number,Amount,Bet,Probability,Predication,Toss,Result,Heads,Tails,0,Number,Amount,Bet,Probability,Predication,Toss,Result,Heads,Tails,0,Number,Amount,Bet,Probability,Predication,Toss,Result,Heads,Tails,0,Number,Amount,Bet,Probability,Predication,Toss,Result,Heads,Tails,0,Number,Amount,Bet,Probability,Predication,Toss,Result,Heads,Tails,0,Number,Amount,Bet,Probability,Predication,Toss,Result,Heads,Tails,0,Number,Amount,Bet,Probability,Predication,Toss,Result,Heads,Tails,0,Number,Amount,Bet,Probability,Predication,Toss,Result,Heads,Tails,0,Number,Amount,Bet,Probability,Predication,Toss,Result,Heads,Tails,0,Number,Amount,Bet,Probability,Predication,Toss,Result,Heads,Tails,0,Number,Amount,Bet,Probability,Predication,Toss,Result,Heads,Tails,0,Number,Amount,Bet,Probability,Predication,Toss,Result,Heads,Tails,0,Number,Amount,Bet,Probability,Predication,Toss,Result,Heads,Tails,0,Number,Amount,Bet,Probability,Predication,Toss,Result,Heads,Tails,0,Number,Amount,Bet,Probability,Predication,Toss,Result,Heads,Tails,0,Number,Amount,Bet,Probability,Predication,Toss,Result,Heads,Tails,0,Number,Amount,Bet,Probability,Predication,Toss,Result,Heads,Tails,0,Number,Amount,Bet,Probability,Predication,Toss,Result,Heads,Tails,0,Number,Amount,Bet,Probability,Predication,Toss,Result,Heads,Tails,0,Number,Amount,Bet,Probability,Predication,Toss,Result,Heads,Tails,0,Number,Amount,Bet,Probability,Predication,Toss,Result,Heads,Tails,0,Number,Amount,Bet,Probability,Predication,Toss,Result,Heads,Tails,0,Number,Amount,Bet,Probability,Predication,Toss,Result,Heads,Tails,0,Number,Amount,Bet,Probability,Predication,Toss,Result,Heads,Tails,0,Number,Amount,Bet,Probability,Predication,Toss,Result,Heads,Tails,0,Number,Amount,Bet,Probability,Predication,Toss,Result,Heads,Tails,0,Number,Amount,Bet,Probability,Predication,Toss,Result,Heads,Tails,0,Number,Amount,Bet,Probability,Predication,Toss,Result,Heads,Tails,0,Number,Amount,Bet,Probability,Predication,Toss,Result,Heads,Tails,0,Number,Amount,Bet,Probability,Predication,Toss,Result,Heads,Tails,0,Number,Amount,Bet,Probability,Predication,Toss,Result,Heads,Tails,0,Number,Amount,Bet,Probability,Predication,Toss,Result,Heads,Tails,0,Number,Amount,Bet,Probability,Predication,Toss,Result,Heads,Tails,0,Number,Amount,Bet,Probability,Predication,Toss,Result,Heads,Tails,0,Number,Amount,Bet,Probability,Predication,Toss,Result,Heads,Tails,0,Number,Amount,Bet,Probability,Predication,Toss,Result,Heads,Tails,0,Number,Amount,Bet,Probability,Predication,Toss,Result,Heads,Tails,0,Number,Amount,Bet,Probability,Predication,Toss,Result,Heads,Tails,0,Number,Amount,Bet,Probability,Predication,Toss,Result,Heads,Tails,0,Number,Amount,Bet,Probability,Predication,Toss,Result,Heads,Tails,0,Number,Amount,Bet,Probability,Predication,Toss,Result,Heads,Tails,0,Number,Amount,Bet,Probability,Predication,Toss,Result,Heads,Tails,0,Number,Amount,Bet,Probability,Predication,Toss,Result,Heads,Tails,0,Number,Amount,Bet,Probability,Predication,Toss,Result,Heads,Tails,0,Number,Amount,Bet,Probability,Predication,Toss,Result,Heads,Tails,0,Number,Amount,Bet,Probability,Predication,Toss,Result,Heads,Tails,0,Number,Amount,Bet,Probability,Predication,Toss,Result,Heads,Tails,0,Number,Amount,Bet,Probability,Predication,Toss,Result,Heads,Tails,0,Number,Amount,Bet,Probability,Predication,Toss,Result,Heads,Tails,0,Number,Amount,Bet,Probability,Predication,Toss,Result,Heads,Tails,0,Number,Amount,Bet,Probability,Predication,Toss,Result,Heads,Tails,0,Number,Amount,Bet,Probability,Predication,Toss,Result,Heads,Tails,0,Number,Amount,Bet,Probability,Predication,Toss,Result,Heads,Tails,0,Number,Amount,Bet,Probability,Predication,Toss,Result,Heads,Tails,0,Number,Amount,Bet,Probability,Predication,Toss,Result,Heads,Tails,0,Number,Amount,Bet,Probability,Predication,Toss,Result,Heads,Tails,0,Number,Amount,Bet,Probability,Predication,Toss,Result,Heads,Tails,0,Number,Amount,Bet,Probability,Predication,Toss,Result,Heads,Tails,0,Number,Amount,Bet,Probability,Predication,Toss,Result,Heads,Tails,0,Number,Amount,Bet,Probability,Predication,Toss,Result,Heads,Tails,0,Number,Amount,Bet,Probability,Predication,Toss,Result,Heads,Tails,0,Number,Amount,Bet,Probability,Predication,Toss,Result,Heads,Tails,0,Number,Amount,Bet,Probability,Predication,Toss,Result,Heads,Tails,0,Number,Amount,Bet,Probability,Predication,Toss,Result,Heads,Tails,0,Number,Amount,Bet,Probability,Predication,Toss,Result,Heads,Tails,0,Number,Amount,Bet,Probability,Predication,Toss,Result,Heads,Tails,0,Number,Amount,Bet,Probability,Predication,Toss,Result,Heads,Tails,0,Number,Amount,Bet,Probability,Predication,Toss,Result,Heads,Tails,0,Number,Amount,Bet,Probability,Predication,Toss,Result,Heads,Tails,0,Number,Amount,Bet,Probability,Predication,Toss,Result,Heads,Tails,0,Number,Amount,Bet,Probability,Predication,Toss,Result,Heads,Tails,0,Number,Amount,Bet,Probability,Predication,Toss,Result,Heads,Tails,0,Number,Amount,Bet,Probability,Predication,Toss,Result,Heads,Tails,0,Number,Amount,Bet,Probability,Predication,Toss,Result,Heads,Tails,0,Number,Amount,Bet,Probability,Predication,Toss,Result,Heads,Tails,0,Number,Amount,Bet,Probability,Predication,Toss,Result,Heads,Tails,0,Number,Amount,Bet,Probability,Predication,Toss,Result,Heads,Tails,0,Number,Amount,Bet,Probability,Predication,Toss,Result,Heads,Tails,0,Number,Amount,Bet,Probability,Predication,Toss,Result,Heads,Tails,0,Number,Amount,Bet,Probability,Predication,Toss,Result,Heads,Tails,0,Number,Amount,Bet,Probability,Predication,Toss,Result,Heads,Tails,0,Number,Amount,Bet,Probability,Predication,Toss,Result,Heads,Tails,0,Number,Amount,Bet,Probability,Predication,Toss,Result,Heads,Tails,0,Number,Amount,Bet,Probability,Predication,Toss,Result,Heads,Tails,0,Number,Amount,Bet,Probability,Predication,Toss,Result,Heads,Tails,0,Number,Amount,Bet,Probability,Predication,Toss,Result,Heads,Tails,0,Number,Amount,Bet,Probability,Predication,Toss,Result,Heads,Tails,0,Number,Amount,Bet,Probability,Predication,Toss,Result,Heads,Tails,0,Number,Amount,Bet,Probability,Predication,Toss,Result,Heads,Tails,0,Number,Amount,Bet,Probability,Predication,Toss,Result,Heads,Tails,0,Number,Amount,Bet,Probability,Predication,Toss,Result,Heads,Tails,0,Number,Amount,Bet,Probability,Predication,Toss,Result,Heads,Tails,0,Number,Amount,Bet,Probability,Predication,Toss,Result,Heads,Tails,0,Number,Amount,Bet,Probability,Predication,Toss,Result,Heads,Tails,0,Number,Amount,Bet,Probability,Predication,Toss,Result,Heads,Tails,0,Number,Amount,Bet,Probability,Predication,Toss,Result,Heads,Tails,0,Number,Amount,Bet,Probability,Predication,Toss,Result,Heads,Tails,0,Number,Amount,Bet,Probability,Predication,Toss,Result,Heads,Tails,0,Number,Amount,Bet,Probability,Predication,Toss,Result,Heads,Tails,0,Number,Amount,Bet,Probability,Predication,Toss,Result,Heads,Tails,0,Number,Amount,Bet,Probability,Predication,Toss,Result,Heads,Tails,0,Number,Amount,Bet,Probability,Predication,Toss,Result,Heads,Tails,0,Number,Amount,Bet,Probability,Predication,Toss,Result,Heads,Tails,0,Number,Amount,Bet,Probability,Predication,Toss,Result,Heads,Tails,0,Number,Amount,Bet,Probability,Predication,Toss,Result,Heads,Tails,0,Number,Amount,Bet,Probability,Predication,Toss,Result,Heads,Tails,0,Number,Amount,Bet,Probability,Predication,Toss,Result,Heads,Tails,0,Number,Amount,Bet,Probability,Predication,Toss,Result,Heads,Tails,0,Number,Amount,Bet,Probability,Predication,Toss,Result,Heads,Tails,0,Number,Amount,Bet,Probability,Predication,Toss,Result,Heads,Tails,0,Number,Amount,Bet,Probability,Predication,Toss,Result,Heads,Tails,0,Number,Amount,Bet,Probability,Predication,Toss,Result,Heads,Tails,0,Number,Amount,Bet,Probability,Predication,Toss,Result,Heads,Tails,0,Number,Amount,Bet,Probability,Predication,Toss,Result,Heads,Tails,0,Number,Amount,Bet,Probability,Predication,Toss,Result,Heads,Tails,0,Number,Amount,Bet,Probability,Predication,Toss,Result,Heads,Tails,0,Number,Amount,Bet,Probability,Predication,Toss,Result,Heads,Tails,0,Number,Amount,Bet,Probability,Predication,Toss,Result,Heads,Tails,0,Number,Amount,Bet,Probability,Predication,Toss,Result,Heads,Tails,0,Number,Amount,Bet,Probability,Predication,Toss,Result,Heads,Tails,0,Number,Amount,Bet,Probability,Predication,Toss,Result,Heads,Tails,0,Number,Amount,Bet,Probability,Predication,Toss,Result,Heads,Tails,0,Number,Amount,Bet,Probability,Predication,Toss,Result,Heads,Tails,0,Number,Amount,Bet,Probability,Predication,Toss,Result,Heads,Tails,0,Number,Amount,Bet,Probability,Predication,Toss,Result,Heads,Tails,0,Number,Amount,Bet,Probability,Predication,Toss,Result,Heads,Tails,0,Number,Amount,Bet,Probability,Predication,Toss,Result,Heads,Tails,0,Number,Amount,Bet,Probability,Predication,Toss,Result,Heads,Tails,0,Number,Amount,Bet,Probability,Predication,Toss,Result,Heads,Tails,0,Number,Amount,Bet,Probability,Predication,Toss,Result,Heads,Tails,0,Number,Amount,Bet,Probability,Predication,Toss,Result,Heads,Tails,0,Number,Amount,Bet,Probability,Predication,Toss,Result,Heads,Tails,0,Number,Amount,Bet,Probability,Predication,Toss,Result,Heads,Tails,0,Number,Amount,Bet,Probability,Predication,Toss,Result,Heads,Tails,0,Number,Amount,Bet,Probability,Predication,Toss,Result,Heads,Tails,0,Number,Amount,Bet,Probability,Predication,Toss,Result,Heads,Tails,0,Number,Amount,Bet,Probability,Predication,Toss,Result,Heads,Tails,0,Number,Amount,Bet,Probability,Predication,Toss,Result,Heads,Tails,0,Number,Amount,Bet,Probability,Predication,Toss,Result,Heads,Tails,0,Number,Amount,Bet,Probability,Predication,Toss,Result,Heads,Tails,0,Number,Amount,Bet,Probability,Predication,Toss,Result,Heads,Tails,0,Number,Amount,Bet,Probability,Predication,Toss,Result,Heads,Tails,0,Number,Amount,Bet,Probability,Predication,Toss,Result,Heads,Tails,0,Number,Amount,Bet,Probability,Predication,Toss,Result,Heads,Tails,0,Number,Amount,Bet,Probability,Predication,Toss,Result,Heads,Tails,0,Number,Amount,Bet,Probability,Predication,Toss,Result,Heads,Tails,0,Number,Amount,Bet,Probability,Predication,Toss,Result,Heads,Tails,0,Number,Amount,Bet,Probability,Predication,Toss,Result,Heads,Tails,0,Number,Amount,Bet,Probability,Predication,Toss,Result,Heads,Tails,0,Number,Amount,Bet,Probability,Predication,Toss,Result,Heads,Tails,0,Number,Amount,Bet,Probability,Predication,Toss,Result,Heads,Tails,0,Number,Amount,Bet,Probability,Predication,Toss,Result,Heads,Tails,0,Number,Amount,Bet,Probability,Predication,Toss,Result,Heads,Tails,0,Number,Amount,Bet,Probability,Predication,Toss,Result,Heads,Tails,0,Number,Amount,Bet,Probability,Predication,Toss,Result,Heads,Tails,0,Number,Amount,Bet,Probability,Predication,Toss,Result,Heads,Tails,0,Number,Amount,Bet,Probability,Predication,Toss,Result,Heads,Tails,0,Number,Amount,Bet,Probability,Predication,Toss,Result,Heads,Tails,0,Number,Amount,Bet,Probability,Predication,Toss,Result,Heads,Tails,0,Number,Amount,Bet,Probability,Predication,Toss,Result,Heads,Tails,0,Number,Amount,Bet,Probability,Predication,Toss,Result,Heads,Tails,0,Number,Amount,Bet,Probability,Predication,Toss,Result,Heads,Tails,0,Number,Amount,Bet,Probability,Predication,Toss,Result,Heads,Tails,0,Number,Amount,Bet,Probability,Predication,Toss,Result,Heads,Tails,0,Number,Amount,Bet,Probability,Predication,Toss,Result,Heads,Tails,0,Number,Amount,Bet,Probability,Predication,Toss,Result,Heads,Tails,0,Number,Amount,Bet,Probability,Predication,Toss,Result,Heads,Tails,0,Number,Amount,Bet,Probability,Predication,Toss,Result,Heads,Tails,0,Number,Amount,Bet,Probability,Predication,Toss,Result,Heads,Tails,0,Number,Amount,Bet,Probability,Predication,Toss,Result,Heads,Tails,0,Number,Amount,Bet,Probability,Predication,Toss,Result,Heads,Tails,0,Number,Amount,Bet,Probability,Predication,Toss,Result,Heads,Tails,0,Number,Amount,Bet,Probability,Predication,Toss,Result,Heads,Tails,0,Number,Amount,Bet,Probability,Predication,Toss,Result,Heads,Tails,0,Number,Amount,Bet,Probability,Predication,Toss,Result,Heads,Tails,0,Number,Amount,Bet,Probability,Predication,Toss,Result,Heads,Tails,0,Number,Amount,Bet,Probability,Predication,Toss,Result,Heads,Tails,0,Number,Amount,Bet,Probability,Predication,Toss,Result,Heads,Tails,0,Number,Amount,Bet,Probability,Predication,Toss,Result,Heads,Tails,0,Number,Amount,Bet,Probability,Predication,Toss,Result,Heads,Tails,0,Number,Amount,Bet,Probability,Predication,Toss,Result,Heads,Tails,0,Number,Amount,Bet,Probability,Predication,Toss,Result,Heads,Tails,0,Number,Amount,Bet,Probability,Predication,Toss,Result,Heads,Tails,0,Number,Amount,Bet,Probability,Predication,Toss,Result,Heads,Tails,0,Number,Amount,Bet,Probability,Predication,Toss,Result,Heads,Tails,0,Number,Amount,Bet,Probability,Predication,Toss,Result,Heads,Tails,0,Number,Amount,Bet,Probability,Predication,Toss,Result,Heads,Tails,0,Number,Amount,Bet,Probability,Predication,Toss,Result,Heads,Tails,0,Number,Amount,Bet,Probability,Predication,Toss,Result,Heads,Tails,0,Number,Amount,Bet,Probability,Predication,Toss,Result,Heads,Tails,0,Number,Amount,Bet,Probability,Predication,Toss,Result,Heads,Tails,0,Number,Amount,Bet,Probability,Predication,Toss,Result,Heads,Tails,0,Number,Amount,Bet,Probability,Predication,Toss,Result,Heads,Tails,0,Number,Amount,Bet,Probability,Predication,Toss,Result,Heads,Tails,0,Number,Amount,Bet,Probability,Predication,Toss,Result,Heads,Tails,0,Number,Amount,Bet,Probability,Predication,Toss,Result,Heads,Tails,0,Number,Amount,Bet,Probability,Predication,Toss,Result,Heads,Tails,0,Number,Amount,Bet,Probability,Predication,Toss,Result,Heads,Tails,0,Number,Amount,Bet,Probability,Predication,Toss,Result,Heads,Tails,0,Number,Amount,Bet,Probability,Predication,Toss,Result,Heads,Tails,0,Number,Amount,Bet,Probability,Predication,Toss,Result,Heads,Tails,0,Number,Amount,Bet,Probability,Predication,Toss,Result,Heads,Tails,0,Number,Amount,Bet,Probability,Predication,Toss,Result,Heads,Tails,0,Number,Amount,Bet,Probability,Predication,Toss,Result,Heads,Tails,0,Number,Amount,Bet,Probability,Predication,Toss,Result,Heads,Tails,0,Number,Amount,Bet,Probability,Predication,Toss,Result,Heads,Tails,0,Number,Amount,Bet,Probability,Predication,Toss,Result,Heads,Tails,0,Number,Amount,Bet,Probability,Predication,Toss,Result,Heads,Tails,0,Number,Amount,Bet,Probability,Predication,Toss,Result,Heads,Tails,0,Number,Amount,Bet,Probability,Predication,Toss,Result,Heads,Tails,0,Number,Amount,Bet,Probability,Predication,Toss,Result,Heads,Tails,0,Number,Amount,Bet,Probability,Predication,Toss,Result,Heads,Tails,0,Number,Amount,Bet,Probability,Predication,Toss,Result,Heads,Tails,0,Number,Amount,Bet,Probability,Predication,Toss,Result,Heads,Tails,0,Number,Amount,Bet,Probability,Predication,Toss,Result,Heads,Tails,0,Number,Amount,Bet,Probability,Predication,Toss,Result,Heads,Tails,0,Number,Amount,Bet,Probability,Predication,Toss,Result,Heads,Tails,0,Number,Amount,Bet,Probability,Predication,Toss,Result,Heads,Tails,0,Number,Amount,Bet,Probability,Predication,Toss,Result,Heads,Tails,0,Number,Amount,Bet,Probability,Predication,Toss,Result,Heads,Tails,0,Number,Amount,Bet,Probability,Predication,Toss,Result,Heads,Tails,0,Number,Amount,Bet,Probability,Predication,Toss,Result,Heads,Tails,0,Number,Amount,Bet,Probability,Predication,Toss,Result,Heads,Tails,0,Number,Amount,Bet,Probability,Predication,Toss,Result,Heads,Tails,0,Number,Amount,Bet,Probability,Predication,Toss,Result,Heads,Tails,0,Number,Amount,Bet,Probability,Predication,Toss,Result,Heads,Tails,0,Number,Amount,Bet,Probability,Predication,Toss,Result,Heads,Tails,0,Number,Amount,Bet,Probability,Predication,Toss,Result,Heads,Tails,0,Number,Amount,Bet,Probability,Predication,Toss,Result,Heads,Tails,0,Number,Amount,Bet,Probability,Predication,Toss,Result,Heads,Tails,0,Number,Amount,Bet,Probability,Predication,Toss,Result,Heads,Tails,0,Number,Amount,Bet,Probability,Predication,Toss,Result,Heads,Tails,0,Number,Amount,Bet,Probability,Predication,Toss,Result,Heads,Tails,0,Number,Amount,Bet,Probability,Predication,Toss,Result,Heads,Tails,0,Number,Amount,Bet,Probability,Predication,Toss,Result,Heads,Tails,0,Number,Amount,Bet,Probability,Predication,Toss,Result,Heads,Tails,0,Number,Amount,Bet,Probability,Predication,Toss,Result,Heads,Tails,0,Number,Amount,Bet,Probability,Predication,Toss,Result,Heads,Tails,0,Number,Amount,Bet,Probability,Predication,Toss,Result,Heads,Tails,0,Number,Amount,Bet,Probability,Predication,Toss,Result,Heads,Tails,0,Number,Amount,Bet,Probability,Predication,Toss,Result,Heads,Tails,0,Number,Amount,Bet,Probability,Predication,Toss,Result,Heads,Tails,0,Number,Amount,Bet,Probability,Predication,Toss,Result,Heads,Tails,0,Number,Amount,Bet,Probability,Predication,Toss,Result,Heads,Tails,0,Number,Amount,Bet,Probability,Predication,Toss,Result,Heads,Tails,0,Number,Amount,Bet,Probability,Predication,Toss,Result,Heads,Tails,0,Number,Amount,Bet,Probability,Predication,Toss,Result,Heads,Tails,0,Number,Amount,Bet,Probability,Predication,Toss,Result,Heads,Tails,0,Number,Amount,Bet,Probability,Predication,Toss,Result,Heads,Tails,0,Number,Amount,Bet,Probability,Predication,Toss,Result,Heads,Tails,0,Number,Amount,Bet,Probability,Predication,Toss,Result,Heads,Tails,0,Number,Amount,Bet,Probability,Predication,Toss,Result,Heads,Tails,0,Number,Amount,Bet,Probability,Predication,Toss,Result,Heads,Tails,0,Number,Amount,Bet,Probability,Predication,Toss,Result,Heads,Tails,0,Number,Amount,Bet,Probability,Predication,Toss,Result,Heads,Tails,0,Number,Amount,Bet,Probability,Predication,Toss,Result,Heads,Tails,0,Number,Amount,Bet,Probability,Predication,Toss,Result,Heads,Tails,0,Number,Amount,Bet,Probability,Predication,Toss,Result,Heads,Tails,0,Number,Amount,Bet,Probability,Predication,Toss,Result,Heads,Tails,0,Number,Amount,Bet,Probability,Predication,Toss,Result,Heads,Tails,0,Number,Amount,Bet,Probability,Predication,Toss,Result,Heads,Tails,0,Number,Amount,Bet,Probability,Predication,Toss,Result,Heads,Tails,0,Number,Amount,Bet,Probability,Predication,Toss,Result,Heads,Tails,0,Number,Amount,Bet,Probability,Predication,Toss,Result,Heads,Tails,0,Number,Amount,Bet,Probability,Predication,Toss,Result,Heads,Tails,0,Number,Amount,Bet,Probability,Predication,Toss,Result,Heads,Tails,0,Number,Amount,Bet,Probability,Predication,Toss,Result,Heads,Tails,0,Number,Amount,Bet,Probability,Predication,Toss,Result,Heads,Tails,0,Number,Amount,Bet,Probability,Predication,Toss,Result,Heads,Tails,0,Number,Amount,Bet,Probability,Predication,Toss,Result,Heads,Tails,0,Number,Amount,Bet,Probability,Predication,Toss,Result,Heads,Tails,0,Number,Amount,Bet,Probability,Predication,Toss,Result,Heads,Tails,0,Number,Amount,Bet,Probability,Predication,Toss,Result,Heads,Tails,0,Number,Amount,Bet,Probability,Predication,Toss,Result,Heads,Tails,0,Number,Amount,Bet,Probability,Predication,Toss,Result,Heads,Tails,0,Number,Amount,Bet,Probability,Predication,Toss,Result,Heads,Tails,0,Number,Amount,Bet,Probability,Predication,Toss,Result,Heads,Tails,0,Number,Amount,Bet,Probability,Predication,Toss,Result,Heads,Tails,0,Number,Amount,Bet,Probability,Predication,Toss,Result,Heads,Tails,0,Number,Amount,Bet,Probability,Predication,Toss,Result,Heads,Tails,0,Number,Amount,Bet,Probability,Predication,Toss,Result,Heads,Tails,0,Number,Amount,Bet,Probability,Predication,Toss,Result,Heads,Tails,0,Number,Amount,Bet,Probability,Predication,Toss,Result,Heads,Tails,0,Number,Amount,Bet,Probability,Predication,Toss,Result,Heads,Tails,0,Number,Amount,Bet,Probability,Predication,Toss,Result,Heads,Tails,0,Number,Amount,Bet,Probability,Predication,Toss,Result,Heads,Tails,0,Number,Amount,Bet,Probability,Predication,Toss,Result,Heads,Tails,0,Number,Amount,Bet,Probability,Predication,Toss,Result,Heads,Tails,0,Number,Amount,Bet,Probability,Predication,Toss,Result,Heads,Tails,0,Number,Amount,Bet,Probability,Predication,Toss,Result,Heads,Tails,0,Number,Amount,Bet,Probability,Predication,Toss,Result,Heads,Tails,0,Number,Amount,Bet,Probability,Predication,Toss,Result,Heads,Tails,0,Number,Amount,Bet,Probability,Predication,Toss,Result,Heads,Tails,0,Number,Amount,Bet,Probability,Predication,Toss,Result,Heads,Tails,0,Number,Amount,Bet,Probability,Predication,Toss,Result,Heads,Tails,0,Number,Amount,Bet,Probability,Predication,Toss,Result,Heads,Tails,0,Number,Amount,Bet,Probability,Predication,Toss,Result,Heads,Tails,0,Number,Amount,Bet,Probability,Predication,Toss,Result,Heads,Tails,0,Number,Amount,Bet,Probability,Predication,Toss,Result,Heads,Tails,0,Number,Amount,Bet,Probability,Predication,Toss,Result,Heads,Tails,0,Number,Amount,Bet,Probability,Predication,Toss,Result,Heads,Tails,0,Number,Amount,Bet,Probability,Predication,Toss,Result,Heads,Tails,0,Number,Amount,Bet,Probability,Predication,Toss,Result,Heads,Tails,0,Number,Amount,Bet,Probability,Predication,Toss,Result,Heads,Tails,0,Number,Amount,Bet,Probability,Predication,Toss,Result,Heads,Tails,0,Number,Amount,Bet,Probability,Predication,Toss,Result,Heads,Tails,0,Number,Amount,Bet,Probability,Predication,Toss,Result,Heads,Tails,0,Number,Amount,Bet,Probability,Predication,Toss,Result,Heads,Tails,0,Number,Amount,Bet,Probability,Predication,Toss,Result,Heads,Tails,0,Number,Amount,Bet,Probability,Predication,Toss,Result,Heads,Tails,0,Number,Amount,Bet,Probability,Predication,Toss,Result,Heads,Tails,0,Number,Amount,Bet,Probability,Predication,Toss,Result,Heads,Tails,0,Number,Amount,Bet,Probability,Predication,Toss,Result,Heads,Tails,0,Number,Amount,Bet,Probability,Predication,Toss,Result,Heads,Tails,0,Number,Amount,Bet,Probability,Predication,Toss,Result,Heads,Tails,0,Number,Amount,Bet,Probability,Predication,Toss,Result,Heads,Tails,0,Number,Amount,Bet,Probability,Predication,Toss,Result,Heads,Tails,0,Number,Amount,Bet,Probability,Predication,Toss,Result,Heads,Tails,0,Number,Amount,Bet,Probability,Predication,Toss,Result,Heads,Tails,0,Number,Amount,Bet,Probability,Predication,Toss,Result,Heads,Tails,0,Number,Amount,Bet,Probability,Predication,Toss,Result,Heads,Tails,0,Number,Amount,Bet,Probability,Predication,Toss,Result,Heads,Tails,0,Number,Amount,Bet,Probability,Predication,Toss,Result,Heads,Tails,0,Number,Amount,Bet,Probability,Predication,Toss,Result,Heads,Tails,0,Number,Amount,Bet,Probability,Predication,Toss,Result,Heads,Tails,0,Number,Amount,Bet,Probability,Predication,Toss,Result,Heads,Tails,0,Number,Amount,Bet,Probability,Predication,Toss,Result,Heads,Tails,0,Number,Amount,Bet,Probability,Predication,Toss,Result,Heads,Tails,0,Number,Amount,Bet,Probability,Predication,Toss,Result,Heads,Tails,0,Number,Amount,Bet,Probability,Predication,Toss,Result,Heads,Tails,0,Number,Amount,Bet,Probability,Predication,Toss,Result,Heads,Tails,0,Number,Amount,Bet,Probability,Predication,Toss,Result,Heads,Tails,0,Number,Amount,Bet,Probability,Predication,Toss,Result,Heads,Tails,0,Number,Amount,Bet,Probability,Predication,Toss,Result,Heads,Tails,0,Number,Amount,Bet,Probability,Predication,Toss,Result,Heads,Tails,0,Number,Amount,Bet,Probability,Predication,Toss,Result,Heads,Tails,0,Number,Amount,Bet,Probability,Predication,Toss,Result,Heads,Tails,0,Number,Amount,Bet,Probability,Predication,Toss,Result,Heads,Tails,0,Number,Amount,Bet,Probability,Predication,Toss,Result,Heads,Tails,0,Number,Amount,Bet,Probability,Predication,Toss,Result,Heads,Tails,0,Number,Amount,Bet,Probability,Predication,Toss,Result,Heads,Tails,0,Number,Amount,Bet,Probability,Predication,Toss,Result,Heads,Tails,0,Number,Amount,Bet,Probability,Predication,Toss,Result,Heads,Tails,0,Number,Amount,Bet,Probability,Predication,Toss,Result,Heads,Tails,0,Number,Amount,Bet,Probability,Predication,Toss,Result,Heads,Tails,0,Number,Amount,Bet,Probability,Predication,Toss,Result,Heads,Tails,0,Number,Amount,Bet,Probability,Predication,Toss,Result,Heads,Tails,0,Number,Amount,Bet,Probability,Predication,Toss,Result,Heads,Tails,0,Number,Amount,Bet,Probability,Predication,Toss,Result,Heads,Tails,0,Number,Amount,Bet,Probability,Predication,Toss,Result,Heads,Tails,0,Number,Amount,Bet,Probability,Predication,Toss,Result,Heads,Tails,0,Number,Amount,Bet,Probability,Predication,Toss,Result,Heads,Tails,0,Number,Amount,Bet,Probability,Predication,Toss,Result,Heads,Tails,0,Number,Amount,Bet,Probability,Predication,Toss,Result,Heads,Tails,0,Number,Amount,Bet,Probability,Predication,Toss,Result,Heads,Tails,0,Number,Amount,Bet,Probability,Predication,Toss,Result,Heads,Tails,0,Number,Amount,Bet,Probability,Predication,Toss,Result,Heads,Tails,0,Number,Amount,Bet,Probability,Predication,Toss,Result,Heads,Tails,0,Number,Amount,Bet,Probability,Predication,Toss,Result,Heads,Tails,0,Number,Amount,Bet,Probability,Predication,Toss,Result,Heads,Tails,0,Number,Amount,Bet,Probability,Predication,Toss,Result,Heads,Tails,0,Number,Amount,Bet,Probability,Predication,Toss,Result,Heads,Tails,0,Number,Amount,Bet,Probability,Predication,Toss,Result,Heads,Tails,0,Number,Amount,Bet,Probability,Predication,Toss,Result,Heads,Tails,0,Number,Amount,Bet,Probability,Predication,Toss,Result,Heads,Tails,0,Number,Amount,Bet,Probability,Predication,Toss,Result,Heads,Tails,0,Number,Amount,Bet,Probability,Predication,Toss,Result,Heads,Tails,0,Number,Amount,Bet,Probability,Predication,Toss,Result,Heads,Tails,0,Number,Amount,Bet,Probability,Predication,Toss,Result,Heads,Tails,0,Number,Amount,Bet,Probability,Predication,Toss,Result,Heads,Tails,0,Number,Amount,Bet,Probability,Predication,Toss,Result,Heads,Tails,0,Number,Amount,Bet,Probability,Predication,Toss,Result,Heads,Tails,0,Number,Amount,Bet,Probability,Predication,Toss,Result,Heads,Tails,0,Number,Amount,Bet,Probability,Predication,Toss,Result,Heads,Tails,0,Number,Amount,Bet,Probability,Predication,Toss,Result,Heads,Tails,0,Number,Amount,Bet,Probability,Predication,Toss,Result,Heads,Tails,0,Number,Amount,Bet,Probability,Predication,Toss,Result,Heads,Tails,0,Number,Amount,Bet,Probability,Predication,Toss,Result,Heads,Tails,0,Number,Amount,Bet,Probability,Predication,Toss,Result,Heads,Tails,0,Number,Amount,Bet,Probability,Predication,Toss,Result,Heads,Tails,0,Number,Amount,Bet,Probability,Predication,Toss,Result,Heads,Tails,0,Number,Amount,Bet,Probability,Predication,Toss,Result,Heads,Tails,0,Number,Amount,Bet,Probability,Predication,Toss,Result,Heads,Tails,0,Number,Amount,Bet,Probability,Predication,Toss,Result,Heads,Tails,0,Number,Amount,Bet,Probability,Predication,Toss,Result,Heads,Tails,0,Number,Amount,Bet,Probability,Predication,Toss,Result,Heads,Tails,0,Number,Amount,Bet,Probability,Predication,Toss,Result,Heads,Tails,0,Number,Amount,Bet,Probability,Predication,Toss,Result,Heads,Tails,0,Number,Amount,Bet,Probability,Predication,Toss,Result,Heads,Tails,0,Number,Amount,Bet,Probability,Predication,Toss,Result,Heads,Tails,0,Number,Amount,Bet,Probability,Predication,Toss,Result,Heads,Tails,0,Number,Amount,Bet,Probability,Predication,Toss,Result,Heads,Tails,0,Number,Amount,Bet,Probability,Predication,Toss,Result,Heads,Tails,0,Number,Amount,Bet,Probability,Predication,Toss,Result,Heads,Tails,0,Number,Amount,Bet,Probability,Predication,Toss,Result,Heads,Tails,0,Number,Amount,Bet,Probability,Predication,Toss,Result,Heads,Tails,0,Number,Amount,Bet,Probability,Predication,Toss,Result,Heads,Tails,0,Number,Amount,Bet,Probability,Predication,Toss,Result,Heads,Tails,0,Number,Amount,Bet,Probability,Predication,Toss,Result,Heads,Tails,0,Number,Amount,Bet,Probability,Predication,Toss,Result,Heads,Tails,0,Number,Amount,Bet,Probability,Predication,Toss,Result,Heads,Tails,0,Number,Amount,Bet,Probability,Predication,Toss,Result,Heads,Tails,0,Number,Amount,Bet,Probability,Predication,Toss,Result,Heads,Tails,0,Number,Amount,Bet,Probability,Predication,Toss,Result,Heads,Tails,0,Number,Amount,Bet,Probability,Predication,Toss,Result,Heads,Tails,0,Number,Amount,Bet,Probability,Predication,Toss,Result,Heads,Tails,0,Number,Amount,Bet,Probability,Predication,Toss,Result,Heads,Tails,0,Number,Amount,Bet,Probability,Predication,Toss,Result,Heads,Tails,0,Number,Amount,Bet,Probability,Predication,Toss,Result,Heads,Tails,0,Number,Amount,Bet,Probability,Predication,Toss,Result,Heads,Tails,0,Number,Amount,Bet,Probability,Predication,Toss,Result,Heads,Tails,0,Number,Amount,Bet,Probability,Predication,Toss,Result,Heads,Tails,0,Number,Amount,Bet,Probability,Predication,Toss,Result,Heads,Tails,0,Number,Amount,Bet,Probability,Predication,Toss,Result,Heads,Tails,0,Number,Amount,Bet,Probability,Predication,Toss,Result,Heads,Tails,0,Number,Amount,Bet,Probability,Predication,Toss,Result,Heads,Tails,0,Number,Amount,Bet,Probability,Predication,Toss,Result,Heads,Tails,0,Number,Amount,Bet,Probability,Predication,Toss,Result,Heads,Tails,0,Number,Amount,Bet,Probability,Predication,Toss,Result,Heads,Tails,0,Number,Amount,Bet,Probability,Predication,Toss,Result,Heads,Tails,0,Number,Amount,Bet,Probability,Predication,Toss,Result,Heads,Tails,0,Number,Amount,Bet,Probability,Predication,Toss,Result,Heads,Tails,0,Number,Amount,Bet,Probability,Predication,Toss,Result,Heads,Tails,0,Number,Amount,Bet,Probability,Predication,Toss,Result,Heads,Tails,0,Number,Amount,Bet,Probability,Predication,Toss,Result,Heads,Tails,0,Number,Amount,Bet,Probability,Predication,Toss,Result,Heads,Tails,0,Number,Amount,Bet,Probability,Predication,Toss,Result,Heads,Tails,0,Number,Amount,Bet,Probability,Predication,Toss,Result,Heads,Tails,0,Number,Amount,Bet,Probability,Predication,Toss,Result,Heads,Tails,0,Number,Amount,Bet,Probability,Predication,Toss,Result,Heads,Tails,0,Number,Amount,Bet,Probability,Predication,Toss,Result,Heads,Tails,0,Number,Amount,Bet,Probability,Predication,Toss,Result,Heads,Tails,0,Number,Amount,Bet,Probability,Predication,Toss,Result,Heads,Tails,0,Number,Amount,Bet,Probability,Predication,Toss,Result,Heads,Tails,0,Number,Amount,Bet,Probability,Predication,Toss,Result,Heads,Tails,0,Number,Amount,Bet,Probability,Predication,Toss,Result,Heads,Tails,0,Number,Amount,Bet,Probability,Predication,Toss,Result,Heads,Tails,0,Number,Amount,Bet,Probability,Predication,Toss,Result,Heads,Tails,0,Number,Amount,Bet,Probability,Predication,Toss,Result,Heads,Tails,0,Number,Amount,Bet,Probability,Predication,Toss,Result,Heads,Tails,0,Number,Amount,Bet,Probability,Predication,Toss,Result,Heads,Tails,0,Number,Amount,Bet,Probability,Predication,Toss,Result,Heads,Tails,0,Number,Amount,Bet,Probability,Predication,Toss,Result,Heads,Tails,0,Number,Amount,Bet,Probability,Predication,Toss,Result,Heads,Tails,0,Number,Amount,Bet,Probability,Predication,Toss,Result,Heads,Tails,0,Number,Amount,Bet,Probability,Predication,Toss,Result,Heads,Tails,0,Number,Amount,Bet,Probability,Predication,Toss,Result,Heads,Tails,0,Number,Amount,Bet,Probability,Predication,Toss,Result,Heads,Tails,0,Number,Amount,Bet,Probability,Predication,Toss,Result,Heads,Tails,0,Number,Amount,Bet,Probability,Predication,Toss,Result,Heads,Tails,0,Number,Amount,Bet,Probability,Predication,Toss,Result,Heads,Tails,0,Number,Amount,Bet,Probability,Predication,Toss,Result,Heads,Tails,0,Number,Amount,Bet,Probability,Predication,Toss,Result,Heads,Tails,0,Number,Amount,Bet,Probability,Predication,Toss,Result,Heads,Tails,0,Number,Amount,Bet,Probability,Predication,Toss,Result,Heads,Tails,0,Number,Amount,Bet,Probability,Predication,Toss,Result,Heads,Tails,0,Number,Amount,Bet,Probability,Predication,Toss,Result,Heads,Tails,0,Number,Amount,Bet,Probability,Predication,Toss,Result,Heads,Tails,0,Number,Amount,Bet,Probability,Predication,Toss,Result,Heads,Tails,0,Number,Amount,Bet,Probability,Predication,Toss,Result,Heads,Tails,0,Number,Amount,Bet,Probability,Predication,Toss,Result,Heads,Tails,0,Number,Amount,Bet,Probability,Predication,Toss,Result,Heads,Tails,0,Number,Amount,Bet,Probability,Predication,Toss,Result,Heads,Tails,0,Number,Amount,Bet,Probability,Predication,Toss,Result,Heads,Tails,0,Number,Amount,Bet,Probability,Predication,Toss,Result,Heads,Tails,0,Number,Amount,Bet,Probability,Predication,Toss,Result,Heads,Tails,0,Number,Amount,Bet,Probability,Predication,Toss,Result,Heads,Tails,0,Number,Amount,Bet,Probability,Predication,Toss,Result,Heads,Tails,0,Number,Amount,Bet,Probability,Predication,Toss,Result,Heads,Tails,0,Number,Amount,Bet,Probability,Predication,Toss,Result,Heads,Tails,0,Number,Amount,Bet,Probability,Predication,Toss,Result,Heads,Tails,0,Number,Amount,Bet,Probability,Predication,Toss,Result,Heads,Tails,0,Number,Amount,Bet,Probability,Predication,Toss,Result,Heads,Tails,0,Number,Amount,Bet,Probability,Predication,Toss,Result,Heads,Tails,0,Number,Amount,Bet,Probability,Predication,Toss,Result,Heads,Tails,0,Number,Amount,Bet,Probability,Predication,Toss,Result,Heads,Tails,0,Number,Amount,Bet,Probability,Predication,Toss,Result,Heads,Tails,0,Number,Amount,Bet,Probability,Predication,Toss,Result,Heads,Tails,0,Number,Amount,Bet,Probability,Predication,Toss,Result,Heads,Tails,0,Number,Amount,Bet,Probability,Predication,Toss,Result,Heads,Tails,0,Number,Amount,Bet,Probability,Predication,Toss,Result,Heads,Tails,0,Number,Amount,Bet,Probability,Predication,Toss,Result,Heads,Tails,0,Number,Amount,Bet,Probability,Predication,Toss,Result,Heads,Tails,0,Number,Amount,Bet,Probability,Predication,Toss,Result,Heads,Tails,0,Number,Amount,Bet,Probability,Predication,Toss,Result,Heads,Tails,0,Number,Amount,Bet,Probability,Predication,Toss,Result,Heads,Tails,0,Number,Amount,Bet,Probability,Predication,Toss,Result,Heads,Tails,0,Number,Amount,Bet,Probability,Predication,Toss,Result,Heads,Tails,0,Number,Amount,Bet,Probability,Predication,Toss,Result,Heads,Tails,0,Number,Amount,Bet,Probability,Predication,Toss,Result,Heads,Tails,0,Number,Amount,Bet,Probability,Predication,Toss,Result,Heads,Tails,0,Number,Amount,Bet,Probability,Predication,Toss,Result,Heads,Tails,0,Number,Amount,Bet,Probability,Predication,Toss,Result,Heads,Tails,0,Number,Amount,Bet,Probability,Predication,Toss,Result,Heads,Tails,0,Number,Amount,Bet,Probability,Predication,Toss,Result,Heads,Tails,0,Number,Amount,Bet,Probability,Predication,Toss,Result,Heads,Tails,0,Number,Amount,Bet,Probability,Predication,Toss,Result,Heads,Tails,0,Number,Amount,Bet,Probability,Predication,Toss,Result,Heads,Tails,0,Number,Amount,Bet,Probability,Predication,Toss,Result,Heads,Tails,0,Number,Amount,Bet,Probability,Predication,Toss,Result,Heads,Tails,0,Number,Amount,Bet,Probability,Predication,Toss,Result,Heads,Tails,0,Number,Amount,Bet,Probability,Predication,Toss,Result,Heads,Tails,0,Number,Amount,Bet,Probability,Predication,Toss,Result,Heads,Tails,0,Number,Amount,Bet,Probability,Predication,Toss,Result,Heads,Tails,0,Number,Amount,Bet,Probability,Predication,Toss,Result,Heads,Tails,0,Number,Amount,Bet,Probability,Predication,Toss,Result,Heads,Tails,0,Number,Amount,Bet,Probability,Predication,Toss,Result,Heads,Tails,0,Number,Amount,Bet,Probability,Predication,Toss,Result,Heads,Tails,0,Number,Amount,Bet,Probability,Predication,Toss,Result,Heads,Tails,0,Number,Amount,Bet,Probability,Predication,Toss,Result,Heads,Tails,0,Number,Amount,Bet,Probability,Predication,Toss,Result,Heads,Tails,0,Number,Amount,Bet,Probability,Predication,Toss,Result,Heads,Tails,0,Number,Amount,Bet,Probability,Predication,Toss,Result,Heads,Tails,0,Number,Amount,Bet,Probability,Predication,Toss,Result,Heads,Tails,0,Number,Amount,Bet,Probability,Predication,Toss,Result,Heads,Tails,0,Number,Amount,Bet,Probability,Predication,Toss,Result,Heads,Tails,0,Number,Amount,Bet,Probability,Predication,Toss,Result,Heads,Tails,0,Number,Amount,Bet,Probability,Predication,Toss,Result,Heads,Tails,0,Number,Amount,Bet,Probability,Predication,Toss,Result,Heads,Tails,0,Number,Amount,Bet,Probability,Predication,Toss,Result,Heads,Tails,0,Number,Amount,Bet,Probability,Predication,Toss,Result,Heads,Tails,0,Number,Amount,Bet,Probability,Predication,Toss,Result,Heads,Tails,0,Number,Amount,Bet,Probability,Predication,Toss,Result,Heads,Tails,0,Number,Amount,Bet,Probability,Predication,Toss,Result,Heads,Tails,0,Number,Amount,Bet,Probability,Predication,Toss,Result,Heads,Tails,0,Number,Amount,Bet,Probability,Predication,Toss,Result,Heads,Tails,0,Number,Amount,Bet,Probability,Predication,Toss,Result,Heads,Tails,0,Number,Amount,Bet,Probability,Predication,Toss,Result,Heads,Tails,0,Number,Amount,Bet,Probability,Predication,Toss,Result,Heads,Tails,0,Number,Amount,Bet,Probability,Predication,Toss,Result,Heads,Tails,0,Number,Amount,Bet,Probability,Predication,Toss,Result,Heads,Tails,0,Number,Amount,Bet,Probability,Predication,Toss,Result,Heads,Tails,0,Number,Amount,Bet,Probability,Predication,Toss,Result,Heads,Tails,0,Number,Amount,Bet,Probability,Predication,Toss,Result,Heads,Tails,0,Number,Amount,Bet,Probability,Predication,Toss,Result,Heads,Tails,0,Number,Amount,Bet,Probability,Predication,Toss,Result,Heads,Tails,0,Number,Amount,Bet,Probability,Predication,Toss,Result,Heads,Tails,0,Number,Amount,Bet,Probability,Predication,Toss,Result,Heads,Tails,0,Number,Amount,Bet,Probability,Predication,Toss,Result,Heads,Tails,0,Number,Amount,Bet,Probability,Predication,Toss,Result,Heads,Tails,0,Number,Amount,Bet,Probability,Predication,Toss,Result,Heads,Tails,0,Number,Amount,Bet,Probability,Predication,Toss,Result,Heads,Tails,0,Number,Amount,Bet,Probability,Predication,Toss,Result,Heads,Tails,0,Number,Amount,Bet,Probability,Predication,Toss,Result,Heads,Tails,0,Number,Amount,Bet,Probability,Predication,Toss,Result,Heads,Tails,0,Number,Amount,Bet,Probability,Predication,Toss,Result,Heads,Tails,0,Number,Amount,Bet,Probability,Predication,Toss,Result,Heads,Tails,0,Number,Amount,Bet,Probability,Predication,Toss,Result,Heads,Tails,0,Number,Amount,Bet,Probability,Predication,Toss,Result,Heads,Tails,0,Number,Amount,Bet,Probability,Predication,Toss,Result,Heads,Tails,0,Number,Amount,Bet,Probability,Predication,Toss,Result,Heads,Tails,0,Number,Amount,Bet,Probability,Predication,Toss,Result,Heads,Tails,0,Number,Amount,Bet,Probability,Predication,Toss,Result,Heads,Tails,0,Number,Amount,Bet,Probability,Predication,Toss,Result,Heads,Tails,0,Number,Amount,Bet,Probability,Predication,Toss,Result,Heads,Tails,0,Number,Amount,Bet,Probability,Predication,Toss,Result,Heads,Tails,0,Number,Amount,Bet,Probability,Predication,Toss,Result,Heads,Tails,0,Number,Amount,Bet,Probability,Predication,Toss,Result,Heads,Tails,0,Number,Amount,Bet,Probability,Predication,Toss,Result,Heads,Tails,0,Number,Amount,Bet,Probability,Predication,Toss,Result,Heads,Tails,0,Number,Amount,Bet,Probability,Predication,Toss,Result,Heads,Tails,0,Number,Amount,Bet,Probability,Predication,Toss,Result,Heads,Tails,0,Number,Amount,Bet,Probability,Predication,Toss,Result,Heads,Tails,0,Number,Amount,Bet,Probability,Predication,Toss,Result,Heads,Tails,0,Number,Amount,Bet,Probability,Predication,Toss,Result,Heads,Tails,0,Number,Amount,Bet,Probability,Predication,Toss,Result,Heads,Tails,0,Number,Amount,Bet,Probability,Predication,Toss,Result,Heads,Tails,0,Number,Amount,Bet,Probability,Predication,Toss,Result,Heads,Tails,0,Number,Amount,Bet,Probability,Predication,Toss,Result,Heads,Tails,0,Number,Amount,Bet,Probability,Predication,Toss,Result,Heads,Tails,0,Number,Amount,Bet,Probability,Predication,Toss,Result,Heads,Tails,0,Number,Amount,Bet,Probability,Predication,Toss,Result,Heads,Tails,0,Number,Amount,Bet,Probability,Predication,Toss,Result,Heads,Tails,0,Number,Amount,Bet,Probability,Predication,Toss,Result,Heads,Tails,0,Number,Amount,Bet,Probability,Predication,Toss,Result,Heads,Tails,0,Number,Amount,Bet,Probability,Predication,Toss,Result,Heads,Tails,0,Number,Amount,Bet,Probability,Predication,Toss,Result,Heads,Tails,0,Number,Amount,Bet,Probability,Predication,Toss,Result,Heads,Tails,0,Number,Amount,Bet,Probability,Predication,Toss,Result,Heads,Tails,0,Number,Amount,Bet,Probability,Predication,Toss,Result,Heads,Tails,0,Number,Amount,Bet,Probability,Predication,Toss,Result,Heads,Tails,0,Number,Amount,Bet,Probability,Predication,Toss,Result,Heads,Tails,0,Number,Amount,Bet,Probability,Predication,Toss,Result,Heads,Tails,0,Number,Amount,Bet,Probability,Predication,Toss,Result,Heads,Tails,0,Number,Amount,Bet,Probability,Predication,Toss,Result,Heads,Tails,0,Number,Amount,Bet,Probability,Predication,Toss,Result,Heads,Tails,0,Number,Amount,Bet,Probability,Predication,Toss,Result,Heads,Tails,0,Number,Amount,Bet,Probability,Predication,Toss,Result,Heads,Tails,0,Number,Amount,Bet,Probability,Predication,Toss,Result,Heads,Tails,0,Number,Amount,Bet,Probability,Predication,Toss,Result,Heads,Tails,0,Number,Amount,Bet,Probability,Predication,Toss,Result,Heads,Tails,0,Number,Amount,Bet,Probability,Predication,Toss,Result,Heads,Tails,0,Number,Amount,Bet,Probability,Predication,Toss,Result,Heads,Tails,0,Number,Amount,Bet,Probability,Predication,Toss,Result,Heads,Tails,0,Number,Amount,Bet,Probability,Predication,Toss,Result,Heads,Tails,0,Number,Amount,Bet,Probability,Predication,Toss,Result,Heads,Tails,0,Number,Amount,Bet,Probability,Predication,Toss,Result,Heads,Tails,0,Number,Amount,Bet,Probability,Predication,Toss,Result,Heads,Tails,0,Number,Amount,Bet,Probability,Predication,Toss,Result,Heads,Tails,0,Number,Amount,Bet,Probability,Predication,Toss,Result,Heads,Tails,0,Number,Amount,Bet,Probability,Predication,Toss,Result,Heads,Tails,0,Number,Amount,Bet,Probability,Predication,Toss,Result,Heads,Tails,0,Number,Amount,Bet,Probability,Predication,Toss,Result,Heads,Tails,0,Number,Amount,Bet,Probability,Predication,Toss,Result,Heads,Tails,0,Number,Amount,Bet,Probability,Predication,Toss,Result,Heads,Tails,0,Number,Amount,Bet,Probability,Predication,Toss,Result,Heads,Tails,0,Number,Amount,Bet,Probability,Predication,Toss,Result,Heads,Tails,0,Number,Amount,Bet,Probability,Predication,Toss,Result,Heads,Tails,0,Number,Amount,Bet,Probability,Predication,Toss,Result,Heads,Tails,0,Number,Amount,Bet,Probability,Predication,Toss,Result,Heads,Tails,0,Number,Amount,Bet,Probability,Predication,Toss,Result,Heads,Tails,0,Number,Amount,Bet,Probability,Predication,Toss,Result,Heads,Tails,0,Number,Amount,Bet,Probability,Predication,Toss,Result,Heads,Tails,0,Number,Amount,Bet,Probability,Predication,Toss,Result,Heads,Tails,0,Number,Amount,Bet,Probability,Predication,Toss,Result,Heads,Tails,0,Number,Amount,Bet,Probability,Predication,Toss,Result,Heads,Tails,0,Number,Amount,Bet,Probability,Predication,Toss,Result,Heads,Tails,0,Number,Amount,Bet,Probability,Predication,Toss,Result,Heads,Tails,0,Number,Amount,Bet,Probability,Predication,Toss,Result,Heads,Tails,0,Number,Amount,Bet,Probability,Predication,Toss,Result,Heads,Tails,0,Number,Amount,Bet,Probability,Predication,Toss,Result,Heads,Tails,0,Number,Amount,Bet,Probability,Predication,Toss,Result,Heads,Tails,0,Number,Amount,Bet,Probability,Predication,Toss,Result,Heads,Tails,0,Number,Amount,Bet,Probability,Predication,Toss,Result,Heads,Tails,0,Number,Amount,Bet,Probability,Predication,Toss,Result,Heads,Tails,0,Number,Amount,Bet,Probability,Predication,Toss,Result,Heads,Tails,0,Number,Amount,Bet,Probability,Predication,Toss,Result,Heads,Tails,0,Number,Amount,Bet,Probability,Predication,Toss,Result,Heads,Tails,0,Number,Amount,Bet,Probability,Predication,Toss,Result,Heads,Tails,0,Number,Amount,Bet,Probability,Predication,Toss,Result,Heads,Tails,0,Number,Amount,Bet,Probability,Predication,Toss,Result,Heads,Tails,0,Number,Amount,Bet,Probability,Predication,Toss,Result,Heads,Tails,0,Number,Amount,Bet,Probability,Predication,Toss,Result,Heads,Tails,0,Number,Amount,Bet,Probability,Predication,Toss,Result,Heads,Tails,0,Number,Amount,Bet,Probability,Predication,Toss,Result,Heads,Tails,0,Number,Amount,Bet,Probability,Predication,Toss,Result,Heads,Tails,0,Number,Amount,Bet,Probability,Predication,Toss,Result,Heads,Tails,0,Number,Amount,Bet,Probability,Predication,Toss,Result,Heads,Tails,0,Number,Amount,Bet,Probability,Predication,Toss,Result,Heads,Tails,0,Number,Amount,Bet,Probability,Predication,Toss,Result,Heads,Tails,0,Number,Amount,Bet,Probability,Predication,Toss,Result,Heads,Tails,0,Number,Amount,Bet,Probability,Predication,Toss,Result,Heads,Tails,0,Number,Amount,Bet,Probability,Predication,Toss,Result,Heads,Tails,0,Number,Amount,Bet,Probability,Predication,Toss,Result,Heads,Tails,0,Number,Amount,Bet,Probability,Predication,Toss,Result,Heads,Tails,0,Number,Amount,Bet,Probability,Predication,Toss,Result,Heads,Tails,0,Number,Amount,Bet,Probability,Predication,Toss,Result,Heads,Tails,0,Number,Amount,Bet,Probability,Predication,Toss,Result,Heads,Tails,0
0,10000,1000.0,1.0,H,H,Win,1,0,,0,10000,1000.0,1.0,H,H,Win,1,0,,0,10000,1000.0,1.0,H,H,Win,1,0,,0,10000,1000.0,0.0,H,T,Lose,0,1,,0,10000,1000.0,1.0,H,H,Win,1,0,,0,10000,1000.0,1.0,H,H,Win,1,0,,0,10000,1000.0,1.0,H,H,Win,1,0,,0,10000,1000.0,0.0,H,T,Lose,0,1,,0,10000,1000.0,0.0,H,T,Lose,0,1,,0,10000,1000.0,0.0,H,T,Lose,0,1,,0,10000,1000.0,1.0,H,H,Win,1,0,,0,10000,1000.0,0.0,H,T,Lose,0,1,,0,10000,1000.0,1.0,H,H,Win,1,0,,0,10000,1000.0,1.0,H,H,Win,1,0,,0,10000,1000.0,1.0,H,H,Win,1,0,,0,10000,1000.0,0.0,H,T,Lose,0,1,,0,10000,1000.0,0.0,H,T,Lose,0,1,,0,10000,1000.0,0.0,H,T,Lose,0,1,,0,10000,1000.0,1.0,H,H,Win,1,0,,0,10000,1000.0,1.0,H,H,Win,1,0,,0,10000,1000.0,0.0,H,T,Lose,0,1,,0,10000,1000.0,1.0,H,H,Win,1,0,,0,10000,1000.0,1.0,H,H,Win,1,0,,0,10000,1000.0,1.0,H,H,Win,1,0,,0,10000,1000.0,1.0,H,H,Win,1,0,,0,10000,1000.0,0.0,H,T,Lose,0,1,,0,10000,1000.0,1.0,H,H,Win,1,0,,0,10000,1000.0,0.0,H,T,Lose,0,1,,0,10000,1000.0,0.0,H,T,Lose,0,1,,0,10000,1000.0,0.0,H,T,Lose,0,1,,0,10000,1000.0,1.0,H,H,Win,1,0,,0,10000,1000.0,0.0,H,T,Lose,0,1,,0,10000,1000.0,1.0,H,H,Win,1,0,,0,10000,1000.0,1.0,H,H,Win,1,0,,0,10000,1000.0,0.0,H,T,Lose,0,1,,0,10000,1000.0,1.0,H,H,Win,1,0,,0,10000,1000.0,0.0,H,T,Lose,0,1,,0,10000,1000.0,0.0,H,T,Lose,0,1,,0,10000,1000.0,1.0,H,H,Win,1,0,,0,10000,1000.0,1.0,H,H,Win,1,0,,0,10000,1000.0,1.0,H,H,Win,1,0,,0,10000,1000.0,1.0,H,H,Win,1,0,,0,10000,1000.0,1.0,H,H,Win,1,0,,0,10000,1000.0,0.0,H,T,Lose,0,1,,0,10000,1000.0,1.0,H,H,Win,1,0,,0,10000,1000.0,0.0,H,T,Lose,0,1,,0,10000,1000.0,1.0,H,H,Win,1,0,,0,10000,1000.0,0.0,H,T,Lose,0,1,,0,10000,1000.0,1.0,H,H,Win,1,0,,0,10000,1000.0,0.0,H,T,Lose,0,1,,0,10000,1000.0,0.0,H,T,Lose,0,1,,0,10000,1000.0,0.0,H,T,Lose,0,1,,0,10000,1000.0,0.0,H,T,Lose,0,1,,0,10000,1000.0,1.0,H,H,Win,1,0,,0,10000,1000.0,0.0,H,T,Lose,0,1,,0,10000,1000.0,0.0,H,T,Lose,0,1,,0,10000,1000.0,1.0,H,H,Win,1,0,,0,10000,1000.0,0.0,H,T,Lose,0,1,,0,10000,1000.0,1.0,H,H,Win,1,0,,0,10000,1000.0,0.0,H,T,Lose,0,1,,0,10000,1000.0,1.0,H,H,Win,1,0,,0,10000,1000.0,1.0,H,H,Win,1,0,,0,10000,1000.0,1.0,H,H,Win,1,0,,0,10000,1000.0,0.0,H,T,Lose,0,1,,0,10000,1000.0,1.0,H,H,Win,1,0,,0,10000,1000.0,1.0,H,H,Win,1,0,,0,10000,1000.0,0.0,H,T,Lose,0,1,,0,10000,1000.0,1.0,H,H,Win,1,0,,0,10000,1000.0,1.0,H,H,Win,1,0,,0,10000,1000.0,0.0,H,T,Lose,0,1,,0,10000,1000.0,1.0,H,H,Win,1,0,,0,10000,1000.0,1.0,H,H,Win,1,0,,0,10000,1000.0,1.0,H,H,Win,1,0,,0,10000,1000.0,0.0,H,T,Lose,0,1,,0,10000,1000.0,0.0,H,T,Lose,0,1,,0,10000,1000.0,1.0,H,H,Win,1,0,,0,10000,1000.0,0.0,H,T,Lose,0,1,,0,10000,1000.0,0.0,H,T,Lose,0,1,,0,10000,1000.0,1.0,H,H,Win,1,0,,0,10000,1000.0,1.0,H,H,Win,1,0,,0,10000,1000.0,0.0,H,T,Lose,0,1,,0,10000,1000.0,0.0,H,T,Lose,0,1,,0,10000,1000.0,0.0,H,T,Lose,0,1,,0,10000,1000.0,1.0,H,H,Win,1,0,,0,10000,1000.0,0.0,H,T,Lose,0,1,,0,10000,1000.0,0.0,H,T,Lose,0,1,,0,10000,1000.0,1.0,H,H,Win,1,0,,0,10000,1000.0,1.0,H,H,Win,1,0,,0,10000,1000.0,0.0,H,T,Lose,0,1,,0,10000,1000.0,0.0,H,T,Lose,0,1,,0,10000,1000.0,0.0,H,T,Lose,0,1,,0,10000,1000.0,0.0,H,T,Lose,0,1,,0,10000,1000.0,0.0,H,T,Lose,0,1,,0,10000,1000.0,0.0,H,T,Lose,0,1,,0,10000,1000.0,1.0,H,H,Win,1,0,,0,10000,1000.0,0.0,H,T,Lose,0,1,,0,10000,1000.0,1.0,H,H,Win,1,0,,0,10000,1000.0,0.0,H,T,Lose,0,1,,0,10000,1000.0,0.0,H,T,Lose,0,1,,0,10000,1000.0,0.0,H,T,Lose,0,1,,0,10000,1000.0,1.0,H,H,Win,1,0,,0,10000,1000.0,1.0,H,H,Win,1,0,,0,10000,1000.0,0.0,H,T,Lose,0,1,,0,10000,1000.0,0.0,H,T,Lose,0,1,,0,10000,1000.0,1.0,H,H,Win,1,0,,0,10000,1000.0,1.0,H,H,Win,1,0,,0,10000,1000.0,1.0,H,H,Win,1,0,,0,10000,1000.0,1.0,H,H,Win,1,0,,0,10000,1000.0,0.0,H,T,Lose,0,1,,0,10000,1000.0,1.0,H,H,Win,1,0,,0,10000,1000.0,0.0,H,T,Lose,0,1,,0,10000,1000.0,0.0,H,T,Lose,0,1,,0,10000,1000.0,1.0,H,H,Win,1,0,,0,10000,1000.0,0.0,H,T,Lose,0,1,,0,10000,1000.0,1.0,H,H,Win,1,0,,0,10000,1000.0,0.0,H,T,Lose,0,1,,0,10000,1000.0,0.0,H,T,Lose,0,1,,0,10000,1000.0,1.0,H,H,Win,1,0,,0,10000,1000.0,0.0,H,T,Lose,0,1,,0,10000,1000.0,1.0,H,H,Win,1,0,,0,10000,1000.0,1.0,H,H,Win,1,0,,0,10000,1000.0,0.0,H,T,Lose,0,1,,0,10000,1000.0,0.0,H,T,Lose,0,1,,0,10000,1000.0,0.0,H,T,Lose,0,1,,0,10000,1000.0,0.0,H,T,Lose,0,1,,0,10000,1000.0,1.0,H,H,Win,1,0,,0,10000,1000.0,0.0,H,T,Lose,0,1,,0,10000,1000.0,1.0,H,H,Win,1,0,,0,10000,1000.0,1.0,H,H,Win,1,0,,0,10000,1000.0,0.0,H,T,Lose,0,1,,0,10000,1000.0,0.0,H,T,Lose,0,1,,0,10000,1000.0,1.0,H,H,Win,1,0,,0,10000,1000.0,1.0,H,H,Win,1,0,,0,10000,1000.0,1.0,H,H,Win,1,0,,0,10000,1000.0,1.0,H,H,Win,1,0,,0,10000,1000.0,0.0,H,T,Lose,0,1,,0,10000,1000.0,1.0,H,H,Win,1,0,,0,10000,1000.0,0.0,H,T,Lose,0,1,,0,10000,1000.0,1.0,H,H,Win,1,0,,0,10000,1000.0,1.0,H,H,Win,1,0,,0,10000,1000.0,1.0,H,H,Win,1,0,,0,10000,1000.0,1.0,H,H,Win,1,0,,0,10000,1000.0,0.0,H,T,Lose,0,1,,0,10000,1000.0,0.0,H,T,Lose,0,1,,0,10000,1000.0,1.0,H,H,Win,1,0,,0,10000,1000.0,1.0,H,H,Win,1,0,,0,10000,1000.0,0.0,H,T,Lose,0,1,,0,10000,1000.0,1.0,H,H,Win,1,0,,0,10000,1000.0,0.0,H,T,Lose,0,1,,0,10000,1000.0,1.0,H,H,Win,1,0,,0,10000,1000.0,1.0,H,H,Win,1,0,,0,10000,1000.0,1.0,H,H,Win,1,0,,0,10000,1000.0,1.0,H,H,Win,1,0,,0,10000,1000.0,1.0,H,H,Win,1,0,,0,10000,1000.0,0.0,H,T,Lose,0,1,,0,10000,1000.0,0.0,H,T,Lose,0,1,,0,10000,1000.0,1.0,H,H,Win,1,0,,0,10000,1000.0,0.0,H,T,Lose,0,1,,0,10000,1000.0,1.0,H,H,Win,1,0,,0,10000,1000.0,1.0,H,H,Win,1,0,,0,10000,1000.0,1.0,H,H,Win,1,0,,0,10000,1000.0,0.0,H,T,Lose,0,1,,0,10000,1000.0,1.0,H,H,Win,1,0,,0,10000,1000.0,0.0,H,T,Lose,0,1,,0,10000,1000.0,0.0,H,T,Lose,0,1,,0,10000,1000.0,1.0,H,H,Win,1,0,,0,10000,1000.0,1.0,H,H,Win,1,0,,0,10000,1000.0,1.0,H,H,Win,1,0,,0,10000,1000.0,1.0,H,H,Win,1,0,,0,10000,1000.0,1.0,H,H,Win,1,0,,0,10000,1000.0,0.0,H,T,Lose,0,1,,0,10000,1000.0,1.0,H,H,Win,1,0,,0,10000,1000.0,1.0,H,H,Win,1,0,,0,10000,1000.0,0.0,H,T,Lose,0,1,,0,10000,1000.0,1.0,H,H,Win,1,0,,0,10000,1000.0,0.0,H,T,Lose,0,1,,0,10000,1000.0,0.0,H,T,Lose,0,1,,0,10000,1000.0,0.0,H,T,Lose,0,1,,0,10000,1000.0,0.0,H,T,Lose,0,1,,0,10000,1000.0,0.0,H,T,Lose,0,1,,0,10000,1000.0,0.0,H,T,Lose,0,1,,0,10000,1000.0,1.0,H,H,Win,1,0,,0,10000,1000.0,0.0,H,T,Lose,0,1,,0,10000,1000.0,0.0,H,T,Lose,0,1,,0,10000,1000.0,0.0,H,T,Lose,0,1,,0,10000,1000.0,1.0,H,H,Win,1,0,,0,10000,1000.0,1.0,H,H,Win,1,0,,0,10000,1000.0,1.0,H,H,Win,1,0,,0,10000,1000.0,0.0,H,T,Lose,0,1,,0,10000,1000.0,1.0,H,H,Win,1,0,,0,10000,1000.0,1.0,H,H,Win,1,0,,0,10000,1000.0,0.0,H,T,Lose,0,1,,0,10000,1000.0,1.0,H,H,Win,1,0,,0,10000,1000.0,1.0,H,H,Win,1,0,,0,10000,1000.0,1.0,H,H,Win,1,0,,0,10000,1000.0,0.0,H,T,Lose,0,1,,0,10000,1000.0,0.0,H,T,Lose,0,1,,0,10000,1000.0,1.0,H,H,Win,1,0,,0,10000,1000.0,0.0,H,T,Lose,0,1,,0,10000,1000.0,1.0,H,H,Win,1,0,,0,10000,1000.0,1.0,H,H,Win,1,0,,0,10000,1000.0,1.0,H,H,Win,1,0,,0,10000,1000.0,0.0,H,T,Lose,0,1,,0,10000,1000.0,1.0,H,H,Win,1,0,,0,10000,1000.0,0.0,H,T,Lose,0,1,,0,10000,1000.0,0.0,H,T,Lose,0,1,,0,10000,1000.0,0.0,H,T,Lose,0,1,,0,10000,1000.0,0.0,H,T,Lose,0,1,,0,10000,1000.0,0.0,H,T,Lose,0,1,,0,10000,1000.0,0.0,H,T,Lose,0,1,,0,10000,1000.0,0.0,H,T,Lose,0,1,,0,10000,1000.0,1.0,H,H,Win,1,0,,0,10000,1000.0,0.0,H,T,Lose,0,1,,0,10000,1000.0,0.0,H,T,Lose,0,1,,0,10000,1000.0,0.0,H,T,Lose,0,1,,0,10000,1000.0,1.0,H,H,Win,1,0,,0,10000,1000.0,1.0,H,H,Win,1,0,,0,10000,1000.0,1.0,H,H,Win,1,0,,0,10000,1000.0,1.0,H,H,Win,1,0,,0,10000,1000.0,1.0,H,H,Win,1,0,,0,10000,1000.0,0.0,H,T,Lose,0,1,,0,10000,1000.0,1.0,H,H,Win,1,0,,0,10000,1000.0,0.0,H,T,Lose,0,1,,0,10000,1000.0,1.0,H,H,Win,1,0,,0,10000,1000.0,0.0,H,T,Lose,0,1,,0,10000,1000.0,0.0,H,T,Lose,0,1,,0,10000,1000.0,0.0,H,T,Lose,0,1,,0,10000,1000.0,0.0,H,T,Lose,0,1,,0,10000,1000.0,1.0,H,H,Win,1,0,,0,10000,1000.0,1.0,H,H,Win,1,0,,0,10000,1000.0,1.0,H,H,Win,1,0,,0,10000,1000.0,0.0,H,T,Lose,0,1,,0,10000,1000.0,0.0,H,T,Lose,0,1,,0,10000,1000.0,0.0,H,T,Lose,0,1,,0,10000,1000.0,0.0,H,T,Lose,0,1,,0,10000,1000.0,1.0,H,H,Win,1,0,,0,10000,1000.0,1.0,H,H,Win,1,0,,0,10000,1000.0,0.0,H,T,Lose,0,1,,0,10000,1000.0,1.0,H,H,Win,1,0,,0,10000,1000.0,1.0,H,H,Win,1,0,,0,10000,1000.0,1.0,H,H,Win,1,0,,0,10000,1000.0,0.0,H,T,Lose,0,1,,0,10000,1000.0,1.0,H,H,Win,1,0,,0,10000,1000.0,1.0,H,H,Win,1,0,,0,10000,1000.0,1.0,H,H,Win,1,0,,0,10000,1000.0,0.0,H,T,Lose,0,1,,0,10000,1000.0,0.0,H,T,Lose,0,1,,0,10000,1000.0,1.0,H,H,Win,1,0,,0,10000,1000.0,1.0,H,H,Win,1,0,,0,10000,1000.0,1.0,H,H,Win,1,0,,0,10000,1000.0,1.0,H,H,Win,1,0,,0,10000,1000.0,1.0,H,H,Win,1,0,,0,10000,1000.0,0.0,H,T,Lose,0,1,,0,10000,1000.0,1.0,H,H,Win,1,0,,0,10000,1000.0,0.0,H,T,Lose,0,1,,0,10000,1000.0,1.0,H,H,Win,1,0,,0,10000,1000.0,0.0,H,T,Lose,0,1,,0,10000,1000.0,0.0,H,T,Lose,0,1,,0,10000,1000.0,1.0,H,H,Win,1,0,,0,10000,1000.0,0.0,H,T,Lose,0,1,,0,10000,1000.0,0.0,H,T,Lose,0,1,,0,10000,1000.0,0.0,H,T,Lose,0,1,,0,10000,1000.0,1.0,H,H,Win,1,0,,0,10000,1000.0,1.0,H,H,Win,1,0,,0,10000,1000.0,1.0,H,H,Win,1,0,,0,10000,1000.0,0.0,H,T,Lose,0,1,,0,10000,1000.0,1.0,H,H,Win,1,0,,0,10000,1000.0,0.0,H,T,Lose,0,1,,0,10000,1000.0,0.0,H,T,Lose,0,1,,0,10000,1000.0,0.0,H,T,Lose,0,1,,0,10000,1000.0,1.0,H,H,Win,1,0,,0,10000,1000.0,0.0,H,T,Lose,0,1,,0,10000,1000.0,1.0,H,H,Win,1,0,,0,10000,1000.0,1.0,H,H,Win,1,0,,0,10000,1000.0,0.0,H,T,Lose,0,1,,0,10000,1000.0,0.0,H,T,Lose,0,1,,0,10000,1000.0,0.0,H,T,Lose,0,1,,0,10000,1000.0,0.0,H,T,Lose,0,1,,0,10000,1000.0,1.0,H,H,Win,1,0,,0,10000,1000.0,1.0,H,H,Win,1,0,,0,10000,1000.0,1.0,H,H,Win,1,0,,0,10000,1000.0,1.0,H,H,Win,1,0,,0,10000,1000.0,1.0,H,H,Win,1,0,,0,10000,1000.0,0.0,H,T,Lose,0,1,,0,10000,1000.0,0.0,H,T,Lose,0,1,,0,10000,1000.0,0.0,H,T,Lose,0,1,,0,10000,1000.0,0.0,H,T,Lose,0,1,,0,10000,1000.0,0.0,H,T,Lose,0,1,,0,10000,1000.0,0.0,H,T,Lose,0,1,,0,10000,1000.0,1.0,H,H,Win,1,0,,0,10000,1000.0,1.0,H,H,Win,1,0,,0,10000,1000.0,1.0,H,H,Win,1,0,,0,10000,1000.0,0.0,H,T,Lose,0,1,,0,10000,1000.0,0.0,H,T,Lose,0,1,,0,10000,1000.0,1.0,H,H,Win,1,0,,0,10000,1000.0,1.0,H,H,Win,1,0,,0,10000,1000.0,0.0,H,T,Lose,0,1,,0,10000,1000.0,0.0,H,T,Lose,0,1,,0,10000,1000.0,0.0,H,T,Lose,0,1,,0,10000,1000.0,0.0,H,T,Lose,0,1,,0,10000,1000.0,0.0,H,T,Lose,0,1,,0,10000,1000.0,0.0,H,T,Lose,0,1,,0,10000,1000.0,0.0,H,T,Lose,0,1,,0,10000,1000.0,0.0,H,T,Lose,0,1,,0,10000,1000.0,0.0,H,T,Lose,0,1,,0,10000,1000.0,1.0,H,H,Win,1,0,,0,10000,1000.0,0.0,H,T,Lose,0,1,,0,10000,1000.0,1.0,H,H,Win,1,0,,0,10000,1000.0,1.0,H,H,Win,1,0,,0,10000,1000.0,0.0,H,T,Lose,0,1,,0,10000,1000.0,0.0,H,T,Lose,0,1,,0,10000,1000.0,0.0,H,T,Lose,0,1,,0,10000,1000.0,1.0,H,H,Win,1,0,,0,10000,1000.0,1.0,H,H,Win,1,0,,0,10000,1000.0,0.0,H,T,Lose,0,1,,0,10000,1000.0,1.0,H,H,Win,1,0,,0,10000,1000.0,0.0,H,T,Lose,0,1,,0,10000,1000.0,1.0,H,H,Win,1,0,,0,10000,1000.0,1.0,H,H,Win,1,0,,0,10000,1000.0,1.0,H,H,Win,1,0,,0,10000,1000.0,0.0,H,T,Lose,0,1,,0,10000,1000.0,1.0,H,H,Win,1,0,,0,10000,1000.0,1.0,H,H,Win,1,0,,0,10000,1000.0,0.0,H,T,Lose,0,1,,0,10000,1000.0,0.0,H,T,Lose,0,1,,0,10000,1000.0,1.0,H,H,Win,1,0,,0,10000,1000.0,0.0,H,T,Lose,0,1,,0,10000,1000.0,1.0,H,H,Win,1,0,,0,10000,1000.0,0.0,H,T,Lose,0,1,,0,10000,1000.0,1.0,H,H,Win,1,0,,0,10000,1000.0,1.0,H,H,Win,1,0,,0,10000,1000.0,0.0,H,T,Lose,0,1,,0,10000,1000.0,1.0,H,H,Win,1,0,,0,10000,1000.0,0.0,H,T,Lose,0,1,,0,10000,1000.0,0.0,H,T,Lose,0,1,,0,10000,1000.0,1.0,H,H,Win,1,0,,0,10000,1000.0,0.0,H,T,Lose,0,1,,0,10000,1000.0,1.0,H,H,Win,1,0,,0,10000,1000.0,1.0,H,H,Win,1,0,,0,10000,1000.0,0.0,H,T,Lose,0,1,,0,10000,1000.0,0.0,H,T,Lose,0,1,,0,10000,1000.0,0.0,H,T,Lose,0,1,,0,10000,1000.0,0.0,H,T,Lose,0,1,,0,10000,1000.0,0.0,H,T,Lose,0,1,,0,10000,1000.0,1.0,H,H,Win,1,0,,0,10000,1000.0,1.0,H,H,Win,1,0,,0,10000,1000.0,1.0,H,H,Win,1,0,,0,10000,1000.0,0.0,H,T,Lose,0,1,,0,10000,1000.0,1.0,H,H,Win,1,0,,0,10000,1000.0,0.0,H,T,Lose,0,1,,0,10000,1000.0,0.0,H,T,Lose,0,1,,0,10000,1000.0,0.0,H,T,Lose,0,1,,0,10000,1000.0,0.0,H,T,Lose,0,1,,0,10000,1000.0,0.0,H,T,Lose,0,1,,0,10000,1000.0,0.0,H,T,Lose,0,1,,0,10000,1000.0,1.0,H,H,Win,1,0,,0,10000,1000.0,0.0,H,T,Lose,0,1,,0,10000,1000.0,1.0,H,H,Win,1,0,,0,10000,1000.0,0.0,H,T,Lose,0,1,,0,10000,1000.0,0.0,H,T,Lose,0,1,,0,10000,1000.0,0.0,H,T,Lose,0,1,,0,10000,1000.0,0.0,H,T,Lose,0,1,,0,10000,1000.0,1.0,H,H,Win,1,0,,0,10000,1000.0,1.0,H,H,Win,1,0,,0,10000,1000.0,1.0,H,H,Win,1,0,,0,10000,1000.0,1.0,H,H,Win,1,0,,0,10000,1000.0,0.0,H,T,Lose,0,1,,0,10000,1000.0,0.0,H,T,Lose,0,1,,0,10000,1000.0,1.0,H,H,Win,1,0,,0,10000,1000.0,1.0,H,H,Win,1,0,,0,10000,1000.0,1.0,H,H,Win,1,0,,0,10000,1000.0,0.0,H,T,Lose,0,1,,0,10000,1000.0,1.0,H,H,Win,1,0,,0,10000,1000.0,0.0,H,T,Lose,0,1,,0,10000,1000.0,0.0,H,T,Lose,0,1,,0,10000,1000.0,1.0,H,H,Win,1,0,,0,10000,1000.0,0.0,H,T,Lose,0,1,,0,10000,1000.0,0.0,H,T,Lose,0,1,,0,10000,1000.0,1.0,H,H,Win,1,0,,0,10000,1000.0,1.0,H,H,Win,1,0,,0,10000,1000.0,1.0,H,H,Win,1,0,,0,10000,1000.0,0.0,H,T,Lose,0,1,,0,10000,1000.0,1.0,H,H,Win,1,0,,0,10000,1000.0,0.0,H,T,Lose,0,1,,0,10000,1000.0,1.0,H,H,Win,1,0,,0,10000,1000.0,1.0,H,H,Win,1,0,,0,10000,1000.0,0.0,H,T,Lose,0,1,,0,10000,1000.0,1.0,H,H,Win,1,0,,0,10000,1000.0,0.0,H,T,Lose,0,1,,0,10000,1000.0,1.0,H,H,Win,1,0,,0,10000,1000.0,0.0,H,T,Lose,0,1,,0,10000,1000.0,1.0,H,H,Win,1,0,,0,10000,1000.0,0.0,H,T,Lose,0,1,,0,10000,1000.0,1.0,H,H,Win,1,0,,0,10000,1000.0,1.0,H,H,Win,1,0,,0,10000,1000.0,1.0,H,H,Win,1,0,,0,10000,1000.0,0.0,H,T,Lose,0,1,,0,10000,1000.0,0.0,H,T,Lose,0,1,,0,10000,1000.0,1.0,H,H,Win,1,0,,0,10000,1000.0,1.0,H,H,Win,1,0,,0,10000,1000.0,0.0,H,T,Lose,0,1,,0,10000,1000.0,0.0,H,T,Lose,0,1,,0,10000,1000.0,1.0,H,H,Win,1,0,,0,10000,1000.0,0.0,H,T,Lose,0,1,,0,10000,1000.0,0.0,H,T,Lose,0,1,,0,10000,1000.0,1.0,H,H,Win,1,0,,0,10000,1000.0,0.0,H,T,Lose,0,1,,0,10000,1000.0,1.0,H,H,Win,1,0,,0,10000,1000.0,0.0,H,T,Lose,0,1,,0,10000,1000.0,0.0,H,T,Lose,0,1,,0,10000,1000.0,1.0,H,H,Win,1,0,,0,10000,1000.0,0.0,H,T,Lose,0,1,,0,10000,1000.0,1.0,H,H,Win,1,0,,0,10000,1000.0,0.0,H,T,Lose,0,1,,0,10000,1000.0,1.0,H,H,Win,1,0,,0,10000,1000.0,1.0,H,H,Win,1,0,,0,10000,1000.0,0.0,H,T,Lose,0,1,,0,10000,1000.0,0.0,H,T,Lose,0,1,,0,10000,1000.0,0.0,H,T,Lose,0,1,,0,10000,1000.0,0.0,H,T,Lose,0,1,,0,10000,1000.0,0.0,H,T,Lose,0,1,,0,10000,1000.0,1.0,H,H,Win,1,0,,0,10000,1000.0,0.0,H,T,Lose,0,1,,0,10000,1000.0,1.0,H,H,Win,1,0,,0,10000,1000.0,1.0,H,H,Win,1,0,,0,10000,1000.0,1.0,H,H,Win,1,0,,0,10000,1000.0,0.0,H,T,Lose,0,1,,0,10000,1000.0,1.0,H,H,Win,1,0,,0,10000,1000.0,1.0,H,H,Win,1,0,,0,10000,1000.0,1.0,H,H,Win,1,0,,0,10000,1000.0,1.0,H,H,Win,1,0,,0,10000,1000.0,0.0,H,T,Lose,0,1,,0,10000,1000.0,0.0,H,T,Lose,0,1,,0,10000,1000.0,1.0,H,H,Win,1,0,,0,10000,1000.0,0.0,H,T,Lose,0,1,,0,10000,1000.0,0.0,H,T,Lose,0,1,,0,10000,1000.0,1.0,H,H,Win,1,0,,0,10000,1000.0,0.0,H,T,Lose,0,1,,0,10000,1000.0,0.0,H,T,Lose,0,1,,0,10000,1000.0,1.0,H,H,Win,1,0,,0,10000,1000.0,1.0,H,H,Win,1,0,,0,10000,1000.0,1.0,H,H,Win,1,0,,0,10000,1000.0,0.0,H,T,Lose,0,1,,0,10000,1000.0,0.0,H,T,Lose,0,1,,0,10000,1000.0,0.0,H,T,Lose,0,1,,0,10000,1000.0,0.0,H,T,Lose,0,1,,0,10000,1000.0,0.0,H,T,Lose,0,1,,0,10000,1000.0,0.0,H,T,Lose,0,1,,0,10000,1000.0,1.0,H,H,Win,1,0,,0,10000,1000.0,1.0,H,H,Win,1,0,,0,10000,1000.0,0.0,H,T,Lose,0,1,,0,10000,1000.0,0.0,H,T,Lose,0,1,,0,10000,1000.0,0.0,H,T,Lose,0,1,,0,10000,1000.0,1.0,H,H,Win,1,0,,0,10000,1000.0,1.0,H,H,Win,1,0,,0,10000,1000.0,1.0,H,H,Win,1,0,,0,10000,1000.0,0.0,H,T,Lose,0,1,,0,10000,1000.0,1.0,H,H,Win,1,0,,0,10000,1000.0,1.0,H,H,Win,1,0,,0,10000,1000.0,0.0,H,T,Lose,0,1,,0,10000,1000.0,0.0,H,T,Lose,0,1,,0,10000,1000.0,0.0,H,T,Lose,0,1,,0,10000,1000.0,1.0,H,H,Win,1,0,,0,10000,1000.0,1.0,H,H,Win,1,0,,0,10000,1000.0,1.0,H,H,Win,1,0,,0,10000,1000.0,1.0,H,H,Win,1,0,,0,10000,1000.0,0.0,H,T,Lose,0,1,,0,10000,1000.0,0.0,H,T,Lose,0,1,,0,10000,1000.0,1.0,H,H,Win,1,0,,0,10000,1000.0,0.0,H,T,Lose,0,1,,0,10000,1000.0,1.0,H,H,Win,1,0,,0,10000,1000.0,1.0,H,H,Win,1,0,,0,10000,1000.0,1.0,H,H,Win,1,0,,0,10000,1000.0,0.0,H,T,Lose,0,1,,0,10000,1000.0,0.0,H,T,Lose,0,1,,0,10000,1000.0,1.0,H,H,Win,1,0,,0,10000,1000.0,0.0,H,T,Lose,0,1,,0,10000,1000.0,0.0,H,T,Lose,0,1,,0,10000,1000.0,0.0,H,T,Lose,0,1,,0,10000,1000.0,0.0,H,T,Lose,0,1,,0,10000,1000.0,0.0,H,T,Lose,0,1,,0,10000,1000.0,0.0,H,T,Lose,0,1,,0,10000,1000.0,0.0,H,T,Lose,0,1,,0,10000,1000.0,1.0,H,H,Win,1,0,,0,10000,1000.0,0.0,H,T,Lose,0,1,,0,10000,1000.0,0.0,H,T,Lose,0,1,,0,10000,1000.0,1.0,H,H,Win,1,0,,0,10000,1000.0,0.0,H,T,Lose,0,1,,0,10000,1000.0,0.0,H,T,Lose,0,1,,0,10000,1000.0,1.0,H,H,Win,1,0,,0,10000,1000.0,0.0,H,T,Lose,0,1,,0,10000,1000.0,0.0,H,T,Lose,0,1,,0,10000,1000.0,0.0,H,T,Lose,0,1,,0,10000,1000.0,1.0,H,H,Win,1,0,,0,10000,1000.0,0.0,H,T,Lose,0,1,,0,10000,1000.0,1.0,H,H,Win,1,0,,0,10000,1000.0,1.0,H,H,Win,1,0,,0,10000,1000.0,1.0,H,H,Win,1,0,,0,10000,1000.0,0.0,H,T,Lose,0,1,,0,10000,1000.0,0.0,H,T,Lose,0,1,,0,10000,1000.0,0.0,H,T,Lose,0,1,,0,10000,1000.0,1.0,H,H,Win,1,0,,0,10000,1000.0,1.0,H,H,Win,1,0,,0,10000,1000.0,0.0,H,T,Lose,0,1,,0,10000,1000.0,0.0,H,T,Lose,0,1,,0,10000,1000.0,1.0,H,H,Win,1,0,,0,10000,1000.0,0.0,H,T,Lose,0,1,,0,10000,1000.0,0.0,H,T,Lose,0,1,,0,10000,1000.0,0.0,H,T,Lose,0,1,,0,10000,1000.0,0.0,H,T,Lose,0,1,,0,10000,1000.0,1.0,H,H,Win,1,0,,0,10000,1000.0,1.0,H,H,Win,1,0,,0,10000,1000.0,1.0,H,H,Win,1,0,,0,10000,1000.0,0.0,H,T,Lose,0,1,,0,10000,1000.0,0.0,H,T,Lose,0,1,,0,10000,1000.0,1.0,H,H,Win,1,0,,0,10000,1000.0,1.0,H,H,Win,1,0,,0,10000,1000.0,1.0,H,H,Win,1,0,,0,10000,1000.0,1.0,H,H,Win,1,0,,0,10000,1000.0,1.0,H,H,Win,1,0,,0,10000,1000.0,0.0,H,T,Lose,0,1,,0,10000,1000.0,1.0,H,H,Win,1,0,,0,10000,1000.0,1.0,H,H,Win,1,0,,0,10000,1000.0,0.0,H,T,Lose,0,1,,0,10000,1000.0,0.0,H,T,Lose,0,1,,0,10000,1000.0,1.0,H,H,Win,1,0,,0,10000,1000.0,1.0,H,H,Win,1,0,,0,10000,1000.0,1.0,H,H,Win,1,0,,0,10000,1000.0,1.0,H,H,Win,1,0,,0,10000,1000.0,1.0,H,H,Win,1,0,,0,10000,1000.0,1.0,H,H,Win,1,0,,0,10000,1000.0,0.0,H,T,Lose,0,1,,0,10000,1000.0,0.0,H,T,Lose,0,1,,0,10000,1000.0,0.0,H,T,Lose,0,1,,0,10000,1000.0,0.0,H,T,Lose,0,1,,0,10000,1000.0,1.0,H,H,Win,1,0,,0,10000,1000.0,0.0,H,T,Lose,0,1,,0,10000,1000.0,1.0,H,H,Win,1,0,,0,10000,1000.0,0.0,H,T,Lose,0,1,,0,10000,1000.0,1.0,H,H,Win,1,0,,0,10000,1000.0,0.0,H,T,Lose,0,1,,0,10000,1000.0,1.0,H,H,Win,1,0,,0,10000,1000.0,1.0,H,H,Win,1,0,,0,10000,1000.0,0.0,H,T,Lose,0,1,,0,10000,1000.0,0.0,H,T,Lose,0,1,,0,10000,1000.0,0.0,H,T,Lose,0,1,,0,10000,1000.0,1.0,H,H,Win,1,0,,0,10000,1000.0,1.0,H,H,Win,1,0,,0,10000,1000.0,0.0,H,T,Lose,0,1,,0,10000,1000.0,1.0,H,H,Win,1,0,,0,10000,1000.0,0.0,H,T,Lose,0,1,,0,10000,1000.0,1.0,H,H,Win,1,0,,0,10000,1000.0,1.0,H,H,Win,1,0,,0,10000,1000.0,1.0,H,H,Win,1,0,,0,10000,1000.0,1.0,H,H,Win,1,0,,0,10000,1000.0,0.0,H,T,Lose,0,1,,0,10000,1000.0,0.0,H,T,Lose,0,1,,0,10000,1000.0,0.0,H,T,Lose,0,1,,0,10000,1000.0,0.0,H,T,Lose,0,1,,0,10000,1000.0,1.0,H,H,Win,1,0,,0,10000,1000.0,0.0,H,T,Lose,0,1,,0,10000,1000.0,0.0,H,T,Lose,0,1,,0,10000,1000.0,1.0,H,H,Win,1,0,,0,10000,1000.0,0.0,H,T,Lose,0,1,,0,10000,1000.0,0.0,H,T,Lose,0,1,,0,10000,1000.0,1.0,H,H,Win,1,0,,0,10000,1000.0,0.0,H,T,Lose,0,1,,0,10000,1000.0,1.0,H,H,Win,1,0,,0,10000,1000.0,0.0,H,T,Lose,0,1,,0,10000,1000.0,0.0,H,T,Lose,0,1,,0,10000,1000.0,0.0,H,T,Lose,0,1,,0,10000,1000.0,0.0,H,T,Lose,0,1,,0,10000,1000.0,0.0,H,T,Lose,0,1,,0,10000,1000.0,0.0,H,T,Lose,0,1,,0,10000,1000.0,1.0,H,H,Win,1,0,,0,10000,1000.0,0.0,H,T,Lose,0,1,,0,10000,1000.0,1.0,H,H,Win,1,0,,0,10000,1000.0,0.0,H,T,Lose,0,1,,0,10000,1000.0,1.0,H,H,Win,1,0,,0,10000,1000.0,1.0,H,H,Win,1,0,,0,10000,1000.0,1.0,H,H,Win,1,0,,0,10000,1000.0,0.0,H,T,Lose,0,1,,0,10000,1000.0,1.0,H,H,Win,1,0,,0,10000,1000.0,1.0,H,H,Win,1,0,,0,10000,1000.0,0.0,H,T,Lose,0,1,,0,10000,1000.0,0.0,H,T,Lose,0,1,,0,10000,1000.0,0.0,H,T,Lose,0,1,,0,10000,1000.0,1.0,H,H,Win,1,0,,0,10000,1000.0,1.0,H,H,Win,1,0,,0,10000,1000.0,0.0,H,T,Lose,0,1,,0,10000,1000.0,0.0,H,T,Lose,0,1,,0,10000,1000.0,1.0,H,H,Win,1,0,,0,10000,1000.0,0.0,H,T,Lose,0,1,,0,10000,1000.0,0.0,H,T,Lose,0,1,,0,10000,1000.0,1.0,H,H,Win,1,0,,0,10000,1000.0,1.0,H,H,Win,1,0,,0,10000,1000.0,1.0,H,H,Win,1,0,,0,10000,1000.0,1.0,H,H,Win,1,0,,0,10000,1000.0,1.0,H,H,Win,1,0,,0,10000,1000.0,1.0,H,H,Win,1,0,,0,10000,1000.0,0.0,H,T,Lose,0,1,,0,10000,1000.0,0.0,H,T,Lose,0,1,,0,10000,1000.0,1.0,H,H,Win,1,0,,0,10000,1000.0,1.0,H,H,Win,1,0,,0,10000,1000.0,0.0,H,T,Lose,0,1,,0,10000,1000.0,0.0,H,T,Lose,0,1,,0,10000,1000.0,1.0,H,H,Win,1,0,,0,10000,1000.0,1.0,H,H,Win,1,0,,0,10000,1000.0,0.0,H,T,Lose,0,1,,0,10000,1000.0,0.0,H,T,Lose,0,1,,0,10000,1000.0,1.0,H,H,Win,1,0,,0,10000,1000.0,0.0,H,T,Lose,0,1,,0,10000,1000.0,0.0,H,T,Lose,0,1,,0,10000,1000.0,0.0,H,T,Lose,0,1,,0,10000,1000.0,0.0,H,T,Lose,0,1,,0,10000,1000.0,1.0,H,H,Win,1,0,,0,10000,1000.0,1.0,H,H,Win,1,0,,0,10000,1000.0,0.0,H,T,Lose,0,1,,0,10000,1000.0,0.0,H,T,Lose,0,1,,0,10000,1000.0,1.0,H,H,Win,1,0,,0,10000,1000.0,1.0,H,H,Win,1,0,,0,10000,1000.0,0.0,H,T,Lose,0,1,,0,10000,1000.0,1.0,H,H,Win,1,0,,0,10000,1000.0,1.0,H,H,Win,1,0,,0,10000,1000.0,0.0,H,T,Lose,0,1,,0,10000,1000.0,1.0,H,H,Win,1,0,,0,10000,1000.0,0.0,H,T,Lose,0,1,,0,10000,1000.0,0.0,H,T,Lose,0,1,,0,10000,1000.0,1.0,H,H,Win,1,0,,0,10000,1000.0,0.0,H,T,Lose,0,1,,0,10000,1000.0,0.0,H,T,Lose,0,1,,0,10000,1000.0,1.0,H,H,Win,1,0,,0,10000,1000.0,0.0,H,T,Lose,0,1,,0,10000,1000.0,0.0,H,T,Lose,0,1,,0,10000,1000.0,0.0,H,T,Lose,0,1,,0,10000,1000.0,1.0,H,H,Win,1,0,,0,10000,1000.0,0.0,H,T,Lose,0,1,,0,10000,1000.0,1.0,H,H,Win,1,0,,0,10000,1000.0,0.0,H,T,Lose,0,1,,0,10000,1000.0,1.0,H,H,Win,1,0,,0,10000,1000.0,1.0,H,H,Win,1,0,,0,10000,1000.0,1.0,H,H,Win,1,0,,0,10000,1000.0,1.0,H,H,Win,1,0,,0,10000,1000.0,0.0,H,T,Lose,0,1,,0,10000,1000.0,0.0,H,T,Lose,0,1,,0,10000,1000.0,0.0,H,T,Lose,0,1,,0,10000,1000.0,0.0,H,T,Lose,0,1,,0,10000,1000.0,1.0,H,H,Win,1,0,,0,10000,1000.0,1.0,H,H,Win,1,0,,0,10000,1000.0,1.0,H,H,Win,1,0,,0,10000,1000.0,0.0,H,T,Lose,0,1,,0,10000,1000.0,0.0,H,T,Lose,0,1,,0,10000,1000.0,1.0,H,H,Win,1,0,,0,10000,1000.0,1.0,H,H,Win,1,0,,0,10000,1000.0,1.0,H,H,Win,1,0,,0,10000,1000.0,0.0,H,T,Lose,0,1,,0,10000,1000.0,0.0,H,T,Lose,0,1,,0,10000,1000.0,1.0,H,H,Win,1,0,,0,10000,1000.0,1.0,H,H,Win,1,0,,0,10000,1000.0,1.0,H,H,Win,1,0,,0,10000,1000.0,1.0,H,H,Win,1,0,,0,10000,1000.0,0.0,H,T,Lose,0,1,,0,10000,1000.0,1.0,H,H,Win,1,0,,0,10000,1000.0,0.0,H,T,Lose,0,1,,0,10000,1000.0,0.0,H,T,Lose,0,1,,0,10000,1000.0,1.0,H,H,Win,1,0,,0,10000,1000.0,1.0,H,H,Win,1,0,,0,10000,1000.0,1.0,H,H,Win,1,0,,0,10000,1000.0,1.0,H,H,Win,1,0,,0,10000,1000.0,1.0,H,H,Win,1,0,,0,10000,1000.0,0.0,H,T,Lose,0,1,,0,10000,1000.0,1.0,H,H,Win,1,0,,0,10000,1000.0,1.0,H,H,Win,1,0,,0,10000,1000.0,1.0,H,H,Win,1,0,,0,10000,1000.0,1.0,H,H,Win,1,0,,0,10000,1000.0,1.0,H,H,Win,1,0,,0,10000,1000.0,0.0,H,T,Lose,0,1,,0,10000,1000.0,0.0,H,T,Lose,0,1,,0,10000,1000.0,0.0,H,T,Lose,0,1,,0,10000,1000.0,1.0,H,H,Win,1,0,,0,10000,1000.0,1.0,H,H,Win,1,0,,0,10000,1000.0,0.0,H,T,Lose,0,1,,0,10000,1000.0,1.0,H,H,Win,1,0,,0,10000,1000.0,0.0,H,T,Lose,0,1,,0,10000,1000.0,0.0,H,T,Lose,0,1,,0,10000,1000.0,0.0,H,T,Lose,0,1,,0,10000,1000.0,1.0,H,H,Win,1,0,,0,10000,1000.0,0.0,H,T,Lose,0,1,,0,10000,1000.0,0.0,H,T,Lose,0,1,,0,10000,1000.0,0.0,H,T,Lose,0,1,,0,10000,1000.0,1.0,H,H,Win,1,0,,0,10000,1000.0,1.0,H,H,Win,1,0,,0,10000,1000.0,0.0,H,T,Lose,0,1,,0,10000,1000.0,0.0,H,T,Lose,0,1,,0,10000,1000.0,0.0,H,T,Lose,0,1,,0,10000,1000.0,1.0,H,H,Win,1,0,,0,10000,1000.0,0.0,H,T,Lose,0,1,,0,10000,1000.0,0.0,H,T,Lose,0,1,,0,10000,1000.0,1.0,H,H,Win,1,0,,0,10000,1000.0,1.0,H,H,Win,1,0,,0,10000,1000.0,0.0,H,T,Lose,0,1,,0,10000,1000.0,1.0,H,H,Win,1,0,,0,10000,1000.0,1.0,H,H,Win,1,0,,0,10000,1000.0,0.0,H,T,Lose,0,1,,0,10000,1000.0,1.0,H,H,Win,1,0,,0,10000,1000.0,1.0,H,H,Win,1,0,,0,10000,1000.0,1.0,H,H,Win,1,0,,0,10000,1000.0,0.0,H,T,Lose,0,1,,0,10000,1000.0,1.0,H,H,Win,1,0,,0,10000,1000.0,0.0,H,T,Lose,0,1,,0,10000,1000.0,1.0,H,H,Win,1,0,,0,10000,1000.0,1.0,H,H,Win,1,0,,0,10000,1000.0,0.0,H,T,Lose,0,1,,0,10000,1000.0,0.0,H,T,Lose,0,1,,0,10000,1000.0,0.0,H,T,Lose,0,1,,0,10000,1000.0,1.0,H,H,Win,1,0,,0,10000,1000.0,1.0,H,H,Win,1,0,,0,10000,1000.0,1.0,H,H,Win,1,0,,0,10000,1000.0,0.0,H,T,Lose,0,1,,0,10000,1000.0,1.0,H,H,Win,1,0,,0,10000,1000.0,1.0,H,H,Win,1,0,,0,10000,1000.0,1.0,H,H,Win,1,0,,0,10000,1000.0,0.0,H,T,Lose,0,1,,0,10000,1000.0,1.0,H,H,Win,1,0,,0,10000,1000.0,1.0,H,H,Win,1,0,,0,10000,1000.0,1.0,H,H,Win,1,0,,0,10000,1000.0,0.0,H,T,Lose,0,1,,0,10000,1000.0,0.0,H,T,Lose,0,1,,0,10000,1000.0,1.0,H,H,Win,1,0,,0,10000,1000.0,1.0,H,H,Win,1,0,,0,10000,1000.0,1.0,H,H,Win,1,0,,0,10000,1000.0,1.0,H,H,Win,1,0,,0,10000,1000.0,1.0,H,H,Win,1,0,,0,10000,1000.0,0.0,H,T,Lose,0,1,,0,10000,1000.0,0.0,H,T,Lose,0,1,,0,10000,1000.0,0.0,H,T,Lose,0,1,,0,10000,1000.0,0.0,H,T,Lose,0,1,,0,10000,1000.0,0.0,H,T,Lose,0,1,,0,10000,1000.0,0.0,H,T,Lose,0,1,,0,10000,1000.0,0.0,H,T,Lose,0,1,,0,10000,1000.0,0.0,H,T,Lose,0,1,,0,10000,1000.0,0.0,H,T,Lose,0,1,,0,10000,1000.0,1.0,H,H,Win,1,0,,0,10000,1000.0,1.0,H,H,Win,1,0,,0,10000,1000.0,1.0,H,H,Win,1,0,,0,10000,1000.0,1.0,H,H,Win,1,0,,0,10000,1000.0,1.0,H,H,Win,1,0,,0,10000,1000.0,1.0,H,H,Win,1,0,,0,10000,1000.0,1.0,H,H,Win,1,0,,0,10000,1000.0,0.0,H,T,Lose,0,1,,0,10000,1000.0,1.0,H,H,Win,1,0,,0,10000,1000.0,0.0,H,T,Lose,0,1,,0,10000,1000.0,1.0,H,H,Win,1,0,,0,10000,1000.0,1.0,H,H,Win,1,0,,0,10000,1000.0,0.0,H,T,Lose,0,1,,0,10000,1000.0,1.0,H,H,Win,1,0,,0,10000,1000.0,0.0,H,T,Lose,0,1,,0,10000,1000.0,1.0,H,H,Win,1,0,,0,10000,1000.0,0.0,H,T,Lose,0,1,,0,10000,1000.0,1.0,H,H,Win,1,0,,0,10000,1000.0,0.0,H,T,Lose,0,1,,0,10000,1000.0,0.0,H,T,Lose,0,1,,0,10000,1000.0,1.0,H,H,Win,1,0,,0,10000,1000.0,1.0,H,H,Win,1,0,,0,10000,1000.0,1.0,H,H,Win,1,0,,0,10000,1000.0,1.0,H,H,Win,1,0,,0,10000,1000.0,1.0,H,H,Win,1,0,,0,10000,1000.0,0.0,H,T,Lose,0,1,,0,10000,1000.0,1.0,H,H,Win,1,0,,0,10000,1000.0,1.0,H,H,Win,1,0,,0,10000,1000.0,0.0,H,T,Lose,0,1,,0,10000,1000.0,0.0,H,T,Lose,0,1,,0,10000,1000.0,0.0,H,T,Lose,0,1,,0,10000,1000.0,0.0,H,T,Lose,0,1,,0,10000,1000.0,0.0,H,T,Lose,0,1,,0,10000,1000.0,1.0,H,H,Win,1,0,,0,10000,1000.0,1.0,H,H,Win,1,0,,0,10000,1000.0,1.0,H,H,Win,1,0,,0,10000,1000.0,0.0,H,T,Lose,0,1,,0,10000,1000.0,0.0,H,T,Lose,0,1,,0,10000,1000.0,0.0,H,T,Lose,0,1,,0,10000,1000.0,0.0,H,T,Lose,0,1,,0,10000,1000.0,1.0,H,H,Win,1,0,,0,10000,1000.0,0.0,H,T,Lose,0,1,,0,10000,1000.0,0.0,H,T,Lose,0,1,,0,10000,1000.0,0.0,H,T,Lose,0,1,,0,10000,1000.0,0.0,H,T,Lose,0,1,,0,10000,1000.0,1.0,H,H,Win,1,0,,0,10000,1000.0,1.0,H,H,Win,1,0,,0,10000,1000.0,1.0,H,H,Win,1,0,,0,10000,1000.0,1.0,H,H,Win,1,0,,0,10000,1000.0,1.0,H,H,Win,1,0,,0,10000,1000.0,0.0,H,T,Lose,0,1,,0,10000,1000.0,1.0,H,H,Win,1,0,,0,10000,1000.0,0.0,H,T,Lose,0,1,,0,10000,1000.0,1.0,H,H,Win,1,0,,0,10000,1000.0,0.0,H,T,Lose,0,1,,0,10000,1000.0,0.0,H,T,Lose,0,1,,0,10000,1000.0,0.0,H,T,Lose,0,1,,0,10000,1000.0,0.0,H,T,Lose,0,1,,0,10000,1000.0,0.0,H,T,Lose,0,1,,0,10000,1000.0,0.0,H,T,Lose,0,1,,0,10000,1000.0,1.0,H,H,Win,1,0,,0,10000,1000.0,0.0,H,T,Lose,0,1,,0,10000,1000.0,0.0,H,T,Lose,0,1,,0,10000,1000.0,0.0,H,T,Lose,0,1,,0,10000,1000.0,1.0,H,H,Win,1,0,,0,10000,1000.0,0.0,H,T,Lose,0,1,,0,10000,1000.0,0.0,H,T,Lose,0,1,,0,10000,1000.0,1.0,H,H,Win,1,0,,0,10000,1000.0,0.0,H,T,Lose,0,1,,0,10000,1000.0,1.0,H,H,Win,1,0,,0,10000,1000.0,0.0,H,T,Lose,0,1,,0,10000,1000.0,0.0,H,T,Lose,0,1,,0,10000,1000.0,1.0,H,H,Win,1,0,,0,10000,1000.0,1.0,H,H,Win,1,0,,0,10000,1000.0,0.0,H,T,Lose,0,1,,0,10000,1000.0,1.0,H,H,Win,1,0,,0,10000,1000.0,1.0,H,H,Win,1,0,,0,10000,1000.0,0.0,H,T,Lose,0,1,,0,10000,1000.0,1.0,H,H,Win,1,0,,0,10000,1000.0,1.0,H,H,Win,1,0,,0,10000,1000.0,1.0,H,H,Win,1,0,,0,10000,1000.0,0.0,H,T,Lose,0,1,,0,10000,1000.0,1.0,H,H,Win,1,0,,0,10000,1000.0,1.0,H,H,Win,1,0,,0,10000,1000.0,0.0,H,T,Lose,0,1,,0,10000,1000.0,1.0,H,H,Win,1,0,,0,10000,1000.0,0.0,H,T,Lose,0,1,,0,10000,1000.0,0.0,H,T,Lose,0,1,,0,10000,1000.0,0.0,H,T,Lose,0,1,,0,10000,1000.0,1.0,H,H,Win,1,0,,0,10000,1000.0,1.0,H,H,Win,1,0,,0,10000,1000.0,0.0,H,T,Lose,0,1,,0,10000,1000.0,1.0,H,H,Win,1,0,,0,10000,1000.0,1.0,H,H,Win,1,0,,0,10000,1000.0,1.0,H,H,Win,1,0,,0,10000,1000.0,0.0,H,T,Lose,0,1,,0,10000,1000.0,1.0,H,H,Win,1,0,,0,10000,1000.0,0.0,H,T,Lose,0,1,,0,10000,1000.0,1.0,H,H,Win,1,0,,0,10000,1000.0,1.0,H,H,Win,1,0,,0,10000,1000.0,0.0,H,T,Lose,0,1,,0,10000,1000.0,0.0,H,T,Lose,0,1,,0,10000,1000.0,0.0,H,T,Lose,0,1,,0,10000,1000.0,1.0,H,H,Win,1,0,,0,10000,1000.0,1.0,H,H,Win,1,0,,0,10000,1000.0,1.0,H,H,Win,1,0,,0,10000,1000.0,1.0,H,H,Win,1,0,,0,10000,1000.0,1.0,H,H,Win,1,0,,0,10000,1000.0,0.0,H,T,Lose,0,1,,0,10000,1000.0,0.0,H,T,Lose,0,1,,0,10000,1000.0,1.0,H,H,Win,1,0,,0,10000,1000.0,0.0,H,T,Lose,0,1,,0,10000,1000.0,1.0,H,H,Win,1,0,,0,10000,1000.0,1.0,H,H,Win,1,0,,0,10000,1000.0,0.0,H,T,Lose,0,1,,0,10000,1000.0,1.0,H,H,Win,1,0,,0,10000,1000.0,0.0,H,T,Lose,0,1,,0,10000,1000.0,1.0,H,H,Win,1,0,,0,10000,1000.0,1.0,H,H,Win,1,0,,0,10000,1000.0,1.0,H,H,Win,1,0,,0,10000,1000.0,1.0,H,H,Win,1,0,,0,10000,1000.0,1.0,H,H,Win,1,0,,0,10000,1000.0,1.0,H,H,Win,1,0,,0,10000,1000.0,0.0,H,T,Lose,0,1,,0,10000,1000.0,1.0,H,H,Win,1,0,,0,10000,1000.0,0.0,H,T,Lose,0,1,,0,10000,1000.0,0.0,H,T,Lose,0,1,,0,10000,1000.0,0.0,H,T,Lose,0,1,,0,10000,1000.0,0.0,H,T,Lose,0,1,,0,10000,1000.0,0.0,H,T,Lose,0,1,,0,10000,1000.0,1.0,H,H,Win,1,0,,0,10000,1000.0,1.0,H,H,Win,1,0,,0,10000,1000.0,1.0,H,H,Win,1,0,,0,10000,1000.0,1.0,H,H,Win,1,0,,0,10000,1000.0,1.0,H,H,Win,1,0,,0,10000,1000.0,1.0,H,H,Win,1,0,,0,10000,1000.0,0.0,H,T,Lose,0,1,,0,10000,1000.0,0.0,H,T,Lose,0,1,,0,10000,1000.0,1.0,H,H,Win,1,0,,0,10000,1000.0,0.0,H,T,Lose,0,1,,0,10000,1000.0,0.0,H,T,Lose,0,1,,0,10000,1000.0,1.0,H,H,Win,1,0,,0,10000,1000.0,0.0,H,T,Lose,0,1,,0,10000,1000.0,0.0,H,T,Lose,0,1,,0,10000,1000.0,0.0,H,T,Lose,0,1,,0,10000,1000.0,1.0,H,H,Win,1,0,,0,10000,1000.0,1.0,H,H,Win,1,0,,0,10000,1000.0,1.0,H,H,Win,1,0,,0,10000,1000.0,0.0,H,T,Lose,0,1,,0,10000,1000.0,0.0,H,T,Lose,0,1,,0,10000,1000.0,1.0,H,H,Win,1,0,,0,10000,1000.0,0.0,H,T,Lose,0,1,,0,10000,1000.0,1.0,H,H,Win,1,0,,0,10000,1000.0,1.0,H,H,Win,1,0,,0,10000,1000.0,1.0,H,H,Win,1,0,,0,10000,1000.0,1.0,H,H,Win,1,0,,0,10000,1000.0,1.0,H,H,Win,1,0,,0,10000,1000.0,0.0,H,T,Lose,0,1,,0,10000,1000.0,0.0,H,T,Lose,0,1,,0,10000,1000.0,1.0,H,H,Win,1,0,,0,10000,1000.0,1.0,H,H,Win,1,0,,0,10000,1000.0,0.0,H,T,Lose,0,1,,0,10000,1000.0,1.0,H,H,Win,1,0,,0,10000,1000.0,0.0,H,T,Lose,0,1,,0,10000,1000.0,0.0,H,T,Lose,0,1,,0,10000,1000.0,0.0,H,T,Lose,0,1,,0,10000,1000.0,0.0,H,T,Lose,0,1,,0,10000,1000.0,1.0,H,H,Win,1,0,,0,10000,1000.0,1.0,H,H,Win,1,0,,0,10000,1000.0,0.0,H,T,Lose,0,1,,0,10000,1000.0,0.0,H,T,Lose,0,1,,0,10000,1000.0,1.0,H,H,Win,1,0,,0,10000,1000.0,1.0,H,H,Win,1,0,,0,10000,1000.0,0.0,H,T,Lose,0,1,,0,10000,1000.0,1.0,H,H,Win,1,0,,0,10000,1000.0,1.0,H,H,Win,1,0,,0,10000,1000.0,0.0,H,T,Lose,0,1,,0,10000,1000.0,1.0,H,H,Win,1,0,,0,10000,1000.0,1.0,H,H,Win,1,0,,0,10000,1000.0,0.0,H,T,Lose,0,1,,0,10000,1000.0,0.0,H,T,Lose,0,1,,0,10000,1000.0,1.0,H,H,Win,1,0,,0,10000,1000.0,0.0,H,T,Lose,0,1,,0,10000,1000.0,0.0,H,T,Lose,0,1,,0,10000,1000.0,0.0,H,T,Lose,0,1,,0,10000,1000.0,0.0,H,T,Lose,0,1,,0,10000,1000.0,1.0,H,H,Win,1,0,,0,10000,1000.0,1.0,H,H,Win,1,0,,0,10000,1000.0,1.0,H,H,Win,1,0,,0,10000,1000.0,1.0,H,H,Win,1,0,,0,10000,1000.0,1.0,H,H,Win,1,0,,0,10000,1000.0,0.0,H,T,Lose,0,1,,0,10000,1000.0,1.0,H,H,Win,1,0,,0,10000,1000.0,1.0,H,H,Win,1,0,,0,10000,1000.0,0.0,H,T,Lose,0,1,,0,10000,1000.0,1.0,H,H,Win,1,0,,0,10000,1000.0,1.0,H,H,Win,1,0,,0,10000,1000.0,1.0,H,H,Win,1,0,,0,10000,1000.0,0.0,H,T,Lose,0,1,,0,10000,1000.0,0.0,H,T,Lose,0,1,,0,10000,1000.0,1.0,H,H,Win,1,0,,0,10000,1000.0,0.0,H,T,Lose,0,1,,0,10000,1000.0,0.0,H,T,Lose,0,1,,0,10000,1000.0,1.0,H,H,Win,1,0,,0,10000,1000.0,1.0,H,H,Win,1,0,,0,10000,1000.0,0.0,H,T,Lose,0,1,,0,10000,1000.0,1.0,H,H,Win,1,0,,0,10000,1000.0,1.0,H,H,Win,1,0,,0,10000,1000.0,1.0,H,H,Win,1,0,,0,10000,1000.0,1.0,H,H,Win,1,0,,0,10000,1000.0,0.0,H,T,Lose,0,1,,0,10000,1000.0,0.0,H,T,Lose,0,1,,0,10000,1000.0,0.0,H,T,Lose,0,1,,0,10000,1000.0,1.0,H,H,Win,1,0,,0,10000,1000.0,1.0,H,H,Win,1,0,,0,10000,1000.0,0.0,H,T,Lose,0,1,,0,10000,1000.0,1.0,H,H,Win,1,0,,0,10000,1000.0,0.0,H,T,Lose,0,1,,0,10000,1000.0,1.0,H,H,Win,1,0,,0,10000,1000.0,1.0,H,H,Win,1,0,,0,10000,1000.0,1.0,H,H,Win,1,0,,0,10000,1000.0,1.0,H,H,Win,1,0,,0,10000,1000.0,0.0,H,T,Lose,0,1,,0,10000,1000.0,0.0,H,T,Lose,0,1,,0,10000,1000.0,0.0,H,T,Lose,0,1,,0,10000,1000.0,1.0,H,H,Win,1,0,,0,10000,1000.0,0.0,H,T,Lose,0,1,,0,10000,1000.0,1.0,H,H,Win,1,0,,0,10000,1000.0,0.0,H,T,Lose,0,1,,0,10000,1000.0,0.0,H,T,Lose,0,1,,0,10000,1000.0,0.0,H,T,Lose,0,1,,0,10000,1000.0,1.0,H,H,Win,1,0,,0,10000,1000.0,1.0,H,H,Win,1,0,,0,10000,1000.0,1.0,H,H,Win,1,0,,0,10000,1000.0,0.0,H,T,Lose,0,1,,0,10000,1000.0,0.0,H,T,Lose,0,1,,0,10000,1000.0,0.0,H,T,Lose,0,1,,0,10000,1000.0,0.0,H,T,Lose,0,1,,0,10000,1000.0,0.0,H,T,Lose,0,1,,0,10000,1000.0,1.0,H,H,Win,1,0,,0,10000,1000.0,1.0,H,H,Win,1,0,,0,10000,1000.0,1.0,H,H,Win,1,0,,0,10000,1000.0,1.0,H,H,Win,1,0,,0,10000,1000.0,1.0,H,H,Win,1,0,,0,10000,1000.0,1.0,H,H,Win,1,0,,0,10000,1000.0,0.0,H,T,Lose,0,1,,0,10000,1000.0,1.0,H,H,Win,1,0,,0,10000,1000.0,1.0,H,H,Win,1,0,,0,10000,1000.0,1.0,H,H,Win,1,0,,0,10000,1000.0,1.0,H,H,Win,1,0,,0,10000,1000.0,0.0,H,T,Lose,0,1,,0,10000,1000.0,0.0,H,T,Lose,0,1,,0,10000,1000.0,0.0,H,T,Lose,0,1,,0,10000,1000.0,1.0,H,H,Win,1,0,,0,10000,1000.0,1.0,H,H,Win,1,0,,0,10000,1000.0,0.0,H,T,Lose,0,1,,0,10000,1000.0,0.0,H,T,Lose,0,1,,0,10000,1000.0,0.0,H,T,Lose,0,1,
1,11000.0,1100.0,1.0,H,H,Win,2,0,,1,11000.0,1100.0,0.5,H,T,Lose,1,1,,1,11000.0,1100.0,0.5,H,T,Lose,1,1,,1,9000.0,900.0,0.5,T,H,Lose,1,1,,1,11000.0,1100.0,0.5,H,T,Lose,1,1,,1,11000.0,1100.0,1.0,H,H,Win,2,0,,1,11000.0,1100.0,1.0,H,H,Win,2,0,,1,9000.0,900.0,0.0,T,T,Win,0,2,,1,9000.0,900.0,0.0,T,T,Win,0,2,,1,9000.0,900.0,0.5,T,H,Lose,1,1,,1,11000.0,1100.0,1.0,H,H,Win,2,0,,1,9000.0,900.0,0.5,T,H,Lose,1,1,,1,11000.0,1100.0,1.0,H,H,Win,2,0,,1,11000.0,1100.0,0.5,T,T,Win,1,1,,1,11000.0,1100.0,0.5,H,T,Lose,1,1,,1,9000.0,900.0,0.0,T,T,Win,0,2,,1,9000.0,900.0,0.0,T,T,Win,0,2,,1,9000.0,900.0,0.5,T,H,Lose,1,1,,1,11000.0,1100.0,0.5,T,T,Win,1,1,,1,11000.0,1100.0,1.0,H,H,Win,2,0,,1,9000.0,900.0,0.0,T,T,Win,0,2,,1,11000.0,1100.0,1.0,T,H,Lose,2,0,,1,11000.0,1100.0,1.0,T,H,Lose,2,0,,1,11000.0,1100.0,1.0,T,H,Lose,2,0,,1,11000.0,1100.0,0.5,H,T,Lose,1,1,,1,9000.0,900.0,0.5,T,H,Lose,1,1,,1,11000.0,1100.0,1.0,H,H,Win,2,0,,1,9000.0,900.0,0.5,T,H,Lose,1,1,,1,9000.0,900.0,0.0,T,T,Win,0,2,,1,9000.0,900.0,0.5,T,H,Lose,1,1,,1,11000.0,1100.0,0.5,H,T,Lose,1,1,,1,9000.0,900.0,0.5,T,H,Lose,1,1,,1,11000.0,1100.0,1.0,T,H,Lose,2,0,,1,11000.0,1100.0,0.5,H,T,Lose,1,1,,1,9000.0,900.0,0.5,T,H,Lose,1,1,,1,11000.0,1100.0,0.5,H,T,Lose,1,1,,1,9000.0,900.0,0.0,T,T,Win,0,2,,1,9000.0,900.0,0.0,T,T,Win,0,2,,1,11000.0,1100.0,1.0,H,H,Win,2,0,,1,11000.0,1100.0,1.0,T,H,Lose,2,0,,1,11000.0,1100.0,0.5,T,T,Win,1,1,,1,11000.0,1100.0,0.5,H,T,Lose,1,1,,1,11000.0,1100.0,1.0,T,H,Lose,2,0,,1,9000.0,900.0,0.0,T,T,Win,0,2,,1,11000.0,1100.0,1.0,T,H,Lose,2,0,,1,9000.0,900.0,0.5,T,H,Lose,1,1,,1,11000.0,1100.0,1.0,H,H,Win,2,0,,1,9000.0,900.0,0.5,T,H,Lose,1,1,,1,11000.0,1100.0,1.0,H,H,Win,2,0,,1,9000.0,900.0,0.5,T,H,Lose,1,1,,1,9000.0,900.0,0.5,T,H,Lose,1,1,,1,9000.0,900.0,0.5,T,H,Lose,1,1,,1,9000.0,900.0,0.5,T,H,Lose,1,1,,1,11000.0,1100.0,0.5,T,T,Win,1,1,,1,9000.0,900.0,0.5,T,H,Lose,1,1,,1,9000.0,900.0,0.5,T,H,Lose,1,1,,1,11000.0,1100.0,0.5,H,T,Lose,1,1,,1,9000.0,900.0,0.5,T,H,Lose,1,1,,1,11000.0,1100.0,1.0,T,H,Lose,2,0,,1,9000.0,900.0,0.5,T,H,Lose,1,1,,1,11000.0,1100.0,0.5,H,T,Lose,1,1,,1,11000.0,1100.0,0.5,H,T,Lose,1,1,,1,11000.0,1100.0,1.0,T,H,Lose,2,0,,1,9000.0,900.0,0.0,T,T,Win,0,2,,1,11000.0,1100.0,1.0,T,H,Lose,2,0,,1,11000.0,1100.0,0.5,H,T,Lose,1,1,,1,9000.0,900.0,0.5,T,H,Lose,1,1,,1,11000.0,1100.0,0.5,H,T,Lose,1,1,,1,11000.0,1100.0,1.0,T,H,Lose,2,0,,1,9000.0,900.0,0.5,T,H,Lose,1,1,,1,11000.0,1100.0,1.0,T,H,Lose,2,0,,1,11000.0,1100.0,0.5,T,T,Win,1,1,,1,11000.0,1100.0,0.5,T,T,Win,1,1,,1,9000.0,900.0,0.5,T,H,Lose,1,1,,1,9000.0,900.0,0.0,T,T,Win,0,2,,1,11000.0,1100.0,0.5,H,T,Lose,1,1,,1,9000.0,900.0,0.5,T,H,Lose,1,1,,1,9000.0,900.0,0.5,T,H,Lose,1,1,,1,11000.0,1100.0,1.0,H,H,Win,2,0,,1,11000.0,1100.0,0.5,H,T,Lose,1,1,,1,9000.0,900.0,0.5,T,H,Lose,1,1,,1,9000.0,900.0,0.0,T,T,Win,0,2,,1,9000.0,900.0,0.0,T,T,Win,0,2,,1,11000.0,1100.0,1.0,T,H,Lose,2,0,,1,9000.0,900.0,0.0,T,T,Win,0,2,,1,9000.0,900.0,0.5,T,H,Lose,1,1,,1,11000.0,1100.0,1.0,H,H,Win,2,0,,1,11000.0,1100.0,0.5,T,T,Win,1,1,,1,9000.0,900.0,0.5,T,H,Lose,1,1,,1,9000.0,900.0,0.0,T,T,Win,0,2,,1,9000.0,900.0,0.0,T,T,Win,0,2,,1,9000.0,900.0,0.5,T,H,Lose,1,1,,1,9000.0,900.0,0.0,T,T,Win,0,2,,1,9000.0,900.0,0.5,T,H,Lose,1,1,,1,11000.0,1100.0,1.0,H,H,Win,2,0,,1,9000.0,900.0,0.0,T,T,Win,0,2,,1,11000.0,1100.0,1.0,H,H,Win,2,0,,1,9000.0,900.0,0.5,T,H,Lose,1,1,,1,9000.0,900.0,0.0,T,T,Win,0,2,,1,9000.0,900.0,0.5,T,H,Lose,1,1,,1,11000.0,1100.0,0.5,H,T,Lose,1,1,,1,11000.0,1100.0,1.0,H,H,Win,2,0,,1,9000.0,900.0,0.0,T,T,Win,0,2,,1,9000.0,900.0,0.0,T,T,Win,0,2,,1,11000.0,1100.0,1.0,H,H,Win,2,0,,1,11000.0,1100.0,0.5,T,T,Win,1,1,,1,11000.0,1100.0,0.5,T,T,Win,1,1,,1,11000.0,1100.0,1.0,H,H,Win,2,0,,1,9000.0,900.0,0.5,T,H,Lose,1,1,,1,11000.0,1100.0,1.0,T,H,Lose,2,0,,1,9000.0,900.0,0.5,T,H,Lose,1,1,,1,9000.0,900.0,0.5,T,H,Lose,1,1,,1,11000.0,1100.0,1.0,H,H,Win,2,0,,1,9000.0,900.0,0.5,T,H,Lose,1,1,,1,11000.0,1100.0,0.5,H,T,Lose,1,1,,1,9000.0,900.0,0.0,T,T,Win,0,2,,1,9000.0,900.0,0.5,T,H,Lose,1,1,,1,11000.0,1100.0,1.0,T,H,Lose,2,0,,1,9000.0,900.0,0.5,T,H,Lose,1,1,,1,11000.0,1100.0,0.5,T,T,Win,1,1,,1,11000.0,1100.0,0.5,H,T,Lose,1,1,,1,9000.0,900.0,0.0,T,T,Win,0,2,,1,9000.0,900.0,0.0,T,T,Win,0,2,,1,9000.0,900.0,0.0,T,T,Win,0,2,,1,9000.0,900.0,0.5,T,H,Lose,1,1,,1,11000.0,1100.0,1.0,T,H,Lose,2,0,,1,9000.0,900.0,0.5,T,H,Lose,1,1,,1,11000.0,1100.0,1.0,T,H,Lose,2,0,,1,11000.0,1100.0,0.5,T,T,Win,1,1,,1,9000.0,900.0,0.5,T,H,Lose,1,1,,1,9000.0,900.0,0.0,T,T,Win,0,2,,1,11000.0,1100.0,1.0,T,H,Lose,2,0,,1,11000.0,1100.0,0.5,H,T,Lose,1,1,,1,11000.0,1100.0,1.0,H,H,Win,2,0,,1,11000.0,1100.0,0.5,H,T,Lose,1,1,,1,9000.0,900.0,0.0,T,T,Win,0,2,,1,11000.0,1100.0,1.0,T,H,Lose,2,0,,1,9000.0,900.0,0.5,T,H,Lose,1,1,,1,11000.0,1100.0,0.5,H,T,Lose,1,1,,1,11000.0,1100.0,0.5,T,T,Win,1,1,,1,11000.0,1100.0,0.5,H,T,Lose,1,1,,1,11000.0,1100.0,1.0,T,H,Lose,2,0,,1,9000.0,900.0,0.0,T,T,Win,0,2,,1,9000.0,900.0,0.0,T,T,Win,0,2,,1,11000.0,1100.0,0.5,H,T,Lose,1,1,,1,11000.0,1100.0,0.5,T,T,Win,1,1,,1,9000.0,900.0,0.5,T,H,Lose,1,1,,1,11000.0,1100.0,0.5,T,T,Win,1,1,,1,9000.0,900.0,0.5,T,H,Lose,1,1,,1,11000.0,1100.0,0.5,H,T,Lose,1,1,,1,11000.0,1100.0,0.5,T,T,Win,1,1,,1,11000.0,1100.0,0.5,T,T,Win,1,1,,1,11000.0,1100.0,1.0,T,H,Lose,2,0,,1,11000.0,1100.0,0.5,T,T,Win,1,1,,1,9000.0,900.0,0.5,T,H,Lose,1,1,,1,9000.0,900.0,0.5,T,H,Lose,1,1,,1,11000.0,1100.0,1.0,T,H,Lose,2,0,,1,9000.0,900.0,0.5,T,H,Lose,1,1,,1,11000.0,1100.0,0.5,T,T,Win,1,1,,1,11000.0,1100.0,1.0,T,H,Lose,2,0,,1,11000.0,1100.0,0.5,H,T,Lose,1,1,,1,9000.0,900.0,0.5,T,H,Lose,1,1,,1,11000.0,1100.0,1.0,H,H,Win,2,0,,1,9000.0,900.0,0.0,T,T,Win,0,2,,1,9000.0,900.0,0.0,T,T,Win,0,2,,1,11000.0,1100.0,0.5,H,T,Lose,1,1,,1,11000.0,1100.0,1.0,T,H,Lose,2,0,,1,11000.0,1100.0,0.5,H,T,Lose,1,1,,1,11000.0,1100.0,1.0,T,H,Lose,2,0,,1,11000.0,1100.0,1.0,T,H,Lose,2,0,,1,9000.0,900.0,0.5,T,H,Lose,1,1,,1,11000.0,1100.0,1.0,T,H,Lose,2,0,,1,11000.0,1100.0,0.5,T,T,Win,1,1,,1,9000.0,900.0,0.0,T,T,Win,0,2,,1,11000.0,1100.0,1.0,H,H,Win,2,0,,1,9000.0,900.0,0.5,T,H,Lose,1,1,,1,9000.0,900.0,0.0,T,T,Win,0,2,,1,9000.0,900.0,0.5,T,H,Lose,1,1,,1,9000.0,900.0,0.0,T,T,Win,0,2,,1,9000.0,900.0,0.0,T,T,Win,0,2,,1,9000.0,900.0,0.0,T,T,Win,0,2,,1,11000.0,1100.0,0.5,T,T,Win,1,1,,1,9000.0,900.0,0.5,T,H,Lose,1,1,,1,9000.0,900.0,0.5,T,H,Lose,1,1,,1,9000.0,900.0,0.5,T,H,Lose,1,1,,1,11000.0,1100.0,1.0,H,H,Win,2,0,,1,11000.0,1100.0,1.0,H,H,Win,2,0,,1,11000.0,1100.0,1.0,H,H,Win,2,0,,1,9000.0,900.0,0.0,T,T,Win,0,2,,1,11000.0,1100.0,0.5,H,T,Lose,1,1,,1,11000.0,1100.0,0.5,H,T,Lose,1,1,,1,9000.0,900.0,0.0,T,T,Win,0,2,,1,11000.0,1100.0,0.5,H,T,Lose,1,1,,1,11000.0,1100.0,1.0,H,H,Win,2,0,,1,11000.0,1100.0,1.0,H,H,Win,2,0,,1,9000.0,900.0,0.0,T,T,Win,0,2,,1,9000.0,900.0,0.0,T,T,Win,0,2,,1,11000.0,1100.0,0.5,H,T,Lose,1,1,,1,9000.0,900.0,0.5,T,H,Lose,1,1,,1,11000.0,1100.0,1.0,T,H,Lose,2,0,,1,11000.0,1100.0,0.5,T,T,Win,1,1,,1,11000.0,1100.0,1.0,T,H,Lose,2,0,,1,9000.0,900.0,0.5,T,H,Lose,1,1,,1,11000.0,1100.0,1.0,H,H,Win,2,0,,1,9000.0,900.0,0.0,T,T,Win,0,2,,1,9000.0,900.0,0.0,T,T,Win,0,2,,1,9000.0,900.0,0.5,T,H,Lose,1,1,,1,9000.0,900.0,0.0,T,T,Win,0,2,,1,9000.0,900.0,0.0,T,T,Win,0,2,,1,9000.0,900.0,0.5,T,H,Lose,1,1,,1,9000.0,900.0,0.5,T,H,Lose,1,1,,1,11000.0,1100.0,0.5,H,T,Lose,1,1,,1,9000.0,900.0,0.0,T,T,Win,0,2,,1,9000.0,900.0,0.0,T,T,Win,0,2,,1,9000.0,900.0,0.5,T,H,Lose,1,1,,1,11000.0,1100.0,1.0,T,H,Lose,2,0,,1,11000.0,1100.0,0.5,H,T,Lose,1,1,,1,11000.0,1100.0,1.0,H,H,Win,2,0,,1,11000.0,1100.0,1.0,H,H,Win,2,0,,1,11000.0,1100.0,0.5,H,T,Lose,1,1,,1,9000.0,900.0,0.0,T,T,Win,0,2,,1,11000.0,1100.0,0.5,H,T,Lose,1,1,,1,9000.0,900.0,0.5,T,H,Lose,1,1,,1,11000.0,1100.0,0.5,H,T,Lose,1,1,,1,9000.0,900.0,0.0,T,T,Win,0,2,,1,9000.0,900.0,0.0,T,T,Win,0,2,,1,9000.0,900.0,0.5,T,H,Lose,1,1,,1,9000.0,900.0,0.0,T,T,Win,0,2,,1,11000.0,1100.0,1.0,H,H,Win,2,0,,1,11000.0,1100.0,1.0,H,H,Win,2,0,,1,11000.0,1100.0,1.0,H,H,Win,2,0,,1,9000.0,900.0,0.5,T,H,Lose,1,1,,1,9000.0,900.0,0.0,T,T,Win,0,2,,1,9000.0,900.0,0.5,T,H,Lose,1,1,,1,9000.0,900.0,0.0,T,T,Win,0,2,,1,11000.0,1100.0,1.0,T,H,Lose,2,0,,1,11000.0,1100.0,0.5,H,T,Lose,1,1,,1,9000.0,900.0,0.0,T,T,Win,0,2,,1,11000.0,1100.0,0.5,T,T,Win,1,1,,1,11000.0,1100.0,0.5,H,T,Lose,1,1,,1,11000.0,1100.0,0.5,T,T,Win,1,1,,1,9000.0,900.0,0.5,T,H,Lose,1,1,,1,11000.0,1100.0,0.5,H,T,Lose,1,1,,1,11000.0,1100.0,0.5,T,T,Win,1,1,,1,11000.0,1100.0,0.5,H,T,Lose,1,1,,1,9000.0,900.0,0.5,T,H,Lose,1,1,,1,9000.0,900.0,0.0,T,T,Win,0,2,,1,11000.0,1100.0,0.5,H,T,Lose,1,1,,1,11000.0,1100.0,1.0,H,H,Win,2,0,,1,11000.0,1100.0,1.0,H,H,Win,2,0,,1,11000.0,1100.0,0.5,T,T,Win,1,1,,1,11000.0,1100.0,1.0,H,H,Win,2,0,,1,9000.0,900.0,0.0,T,T,Win,0,2,,1,11000.0,1100.0,0.5,H,T,Lose,1,1,,1,9000.0,900.0,0.0,T,T,Win,0,2,,1,11000.0,1100.0,0.5,T,T,Win,1,1,,1,9000.0,900.0,0.5,T,H,Lose,1,1,,1,9000.0,900.0,0.5,T,H,Lose,1,1,,1,11000.0,1100.0,0.5,T,T,Win,1,1,,1,9000.0,900.0,0.5,T,H,Lose,1,1,,1,9000.0,900.0,0.5,T,H,Lose,1,1,,1,9000.0,900.0,0.5,T,H,Lose,1,1,,1,11000.0,1100.0,0.5,H,T,Lose,1,1,,1,11000.0,1100.0,0.5,H,T,Lose,1,1,,1,11000.0,1100.0,0.5,T,T,Win,1,1,,1,9000.0,900.0,0.0,T,T,Win,0,2,,1,11000.0,1100.0,0.5,T,T,Win,1,1,,1,9000.0,900.0,0.0,T,T,Win,0,2,,1,9000.0,900.0,0.0,T,T,Win,0,2,,1,9000.0,900.0,0.0,T,T,Win,0,2,,1,11000.0,1100.0,1.0,H,H,Win,2,0,,1,9000.0,900.0,0.0,T,T,Win,0,2,,1,11000.0,1100.0,1.0,T,H,Lose,2,0,,1,11000.0,1100.0,1.0,H,H,Win,2,0,,1,9000.0,900.0,0.0,T,T,Win,0,2,,1,9000.0,900.0,0.5,T,H,Lose,1,1,,1,9000.0,900.0,0.5,T,H,Lose,1,1,,1,9000.0,900.0,0.5,T,H,Lose,1,1,,1,11000.0,1100.0,0.5,H,T,Lose,1,1,,1,11000.0,1100.0,0.5,T,T,Win,1,1,,1,11000.0,1100.0,0.5,T,T,Win,1,1,,1,11000.0,1100.0,1.0,T,H,Lose,2,0,,1,11000.0,1100.0,1.0,T,H,Lose,2,0,,1,9000.0,900.0,0.5,T,H,Lose,1,1,,1,9000.0,900.0,0.0,T,T,Win,0,2,,1,9000.0,900.0,0.0,T,T,Win,0,2,,1,9000.0,900.0,0.0,T,T,Win,0,2,,1,9000.0,900.0,0.5,T,H,Lose,1,1,,1,9000.0,900.0,0.0,T,T,Win,0,2,,1,11000.0,1100.0,0.5,H,T,Lose,1,1,,1,11000.0,1100.0,0.5,H,T,Lose,1,1,,1,11000.0,1100.0,1.0,H,H,Win,2,0,,1,9000.0,900.0,0.5,T,H,Lose,1,1,,1,9000.0,900.0,0.5,T,H,Lose,1,1,,1,11000.0,1100.0,1.0,H,H,Win,2,0,,1,11000.0,1100.0,1.0,H,H,Win,2,0,,1,9000.0,900.0,0.5,T,H,Lose,1,1,,1,9000.0,900.0,0.5,T,H,Lose,1,1,,1,9000.0,900.0,0.5,T,H,Lose,1,1,,1,9000.0,900.0,0.5,T,H,Lose,1,1,,1,9000.0,900.0,0.0,T,T,Win,0,2,,1,9000.0,900.0,0.5,T,H,Lose,1,1,,1,9000.0,900.0,0.5,T,H,Lose,1,1,,1,9000.0,900.0,0.5,T,H,Lose,1,1,,1,9000.0,900.0,0.0,T,T,Win,0,2,,1,11000.0,1100.0,1.0,T,H,Lose,2,0,,1,9000.0,900.0,0.0,T,T,Win,0,2,,1,11000.0,1100.0,0.5,H,T,Lose,1,1,,1,11000.0,1100.0,1.0,T,H,Lose,2,0,,1,9000.0,900.0,0.5,T,H,Lose,1,1,,1,9000.0,900.0,0.0,T,T,Win,0,2,,1,9000.0,900.0,0.0,T,T,Win,0,2,,1,11000.0,1100.0,0.5,T,T,Win,1,1,,1,11000.0,1100.0,1.0,T,H,Lose,2,0,,1,9000.0,900.0,0.0,T,T,Win,0,2,,1,11000.0,1100.0,0.5,H,T,Lose,1,1,,1,9000.0,900.0,0.0,T,T,Win,0,2,,1,11000.0,1100.0,1.0,H,H,Win,2,0,,1,11000.0,1100.0,1.0,T,H,Lose,2,0,,1,11000.0,1100.0,1.0,H,H,Win,2,0,,1,9000.0,900.0,0.0,T,T,Win,0,2,,1,11000.0,1100.0,1.0,T,H,Lose,2,0,,1,11000.0,1100.0,1.0,T,H,Lose,2,0,,1,9000.0,900.0,0.0,T,T,Win,0,2,,1,9000.0,900.0,0.5,T,H,Lose,1,1,,1,11000.0,1100.0,0.5,T,T,Win,1,1,,1,9000.0,900.0,0.0,T,T,Win,0,2,,1,11000.0,1100.0,0.5,H,T,Lose,1,1,,1,9000.0,900.0,0.0,T,T,Win,0,2,,1,11000.0,1100.0,0.5,H,T,Lose,1,1,,1,11000.0,1100.0,1.0,H,H,Win,2,0,,1,9000.0,900.0,0.5,T,H,Lose,1,1,,1,11000.0,1100.0,1.0,H,H,Win,2,0,,1,9000.0,900.0,0.5,T,H,Lose,1,1,,1,9000.0,900.0,0.0,T,T,Win,0,2,,1,11000.0,1100.0,0.5,H,T,Lose,1,1,,1,9000.0,900.0,0.0,T,T,Win,0,2,,1,11000.0,1100.0,1.0,T,H,Lose,2,0,,1,11000.0,1100.0,0.5,H,T,Lose,1,1,,1,9000.0,900.0,0.5,T,H,Lose,1,1,,1,9000.0,900.0,0.0,T,T,Win,0,2,,1,9000.0,900.0,0.0,T,T,Win,0,2,,1,9000.0,900.0,0.0,T,T,Win,0,2,,1,9000.0,900.0,0.0,T,T,Win,0,2,,1,11000.0,1100.0,0.5,H,T,Lose,1,1,,1,11000.0,1100.0,0.5,H,T,Lose,1,1,,1,11000.0,1100.0,1.0,H,H,Win,2,0,,1,9000.0,900.0,0.5,T,H,Lose,1,1,,1,11000.0,1100.0,0.5,T,T,Win,1,1,,1,9000.0,900.0,0.5,T,H,Lose,1,1,,1,9000.0,900.0,0.5,T,H,Lose,1,1,,1,9000.0,900.0,0.5,T,H,Lose,1,1,,1,9000.0,900.0,0.0,T,T,Win,0,2,,1,9000.0,900.0,0.0,T,T,Win,0,2,,1,9000.0,900.0,0.5,T,H,Lose,1,1,,1,11000.0,1100.0,0.5,T,T,Win,1,1,,1,9000.0,900.0,0.0,T,T,Win,0,2,,1,11000.0,1100.0,0.5,T,T,Win,1,1,,1,9000.0,900.0,0.5,T,H,Lose,1,1,,1,9000.0,900.0,0.0,T,T,Win,0,2,,1,9000.0,900.0,0.5,T,H,Lose,1,1,,1,9000.0,900.0,0.0,T,T,Win,0,2,,1,11000.0,1100.0,0.5,H,T,Lose,1,1,,1,11000.0,1100.0,1.0,T,H,Lose,2,0,,1,11000.0,1100.0,1.0,H,H,Win,2,0,,1,11000.0,1100.0,1.0,T,H,Lose,2,0,,1,9000.0,900.0,0.0,T,T,Win,0,2,,1,9000.0,900.0,0.5,T,H,Lose,1,1,,1,11000.0,1100.0,1.0,H,H,Win,2,0,,1,11000.0,1100.0,0.5,T,T,Win,1,1,,1,11000.0,1100.0,0.5,H,T,Lose,1,1,,1,9000.0,900.0,0.0,T,T,Win,0,2,,1,11000.0,1100.0,1.0,H,H,Win,2,0,,1,9000.0,900.0,0.5,T,H,Lose,1,1,,1,9000.0,900.0,0.5,T,H,Lose,1,1,,1,11000.0,1100.0,1.0,T,H,Lose,2,0,,1,9000.0,900.0,0.0,T,T,Win,0,2,,1,9000.0,900.0,0.5,T,H,Lose,1,1,,1,11000.0,1100.0,0.5,H,T,Lose,1,1,,1,11000.0,1100.0,0.5,T,T,Win,1,1,,1,11000.0,1100.0,0.5,T,T,Win,1,1,,1,9000.0,900.0,0.0,T,T,Win,0,2,,1,11000.0,1100.0,1.0,H,H,Win,2,0,,1,9000.0,900.0,0.5,T,H,Lose,1,1,,1,11000.0,1100.0,1.0,H,H,Win,2,0,,1,11000.0,1100.0,1.0,H,H,Win,2,0,,1,9000.0,900.0,0.5,T,H,Lose,1,1,,1,11000.0,1100.0,0.5,H,T,Lose,1,1,,1,9000.0,900.0,0.0,T,T,Win,0,2,,1,11000.0,1100.0,0.5,T,T,Win,1,1,,1,9000.0,900.0,0.0,T,T,Win,0,2,,1,11000.0,1100.0,0.5,H,T,Lose,1,1,,1,9000.0,900.0,0.0,T,T,Win,0,2,,1,11000.0,1100.0,0.5,T,T,Win,1,1,,1,11000.0,1100.0,1.0,H,H,Win,2,0,,1,11000.0,1100.0,0.5,T,T,Win,1,1,,1,9000.0,900.0,0.5,T,H,Lose,1,1,,1,9000.0,900.0,0.5,T,H,Lose,1,1,,1,11000.0,1100.0,0.5,H,T,Lose,1,1,,1,11000.0,1100.0,0.5,H,T,Lose,1,1,,1,9000.0,900.0,0.0,T,T,Win,0,2,,1,9000.0,900.0,0.0,T,T,Win,0,2,,1,11000.0,1100.0,1.0,H,H,Win,2,0,,1,9000.0,900.0,0.5,T,H,Lose,1,1,,1,9000.0,900.0,0.0,T,T,Win,0,2,,1,11000.0,1100.0,0.5,H,T,Lose,1,1,,1,9000.0,900.0,0.5,T,H,Lose,1,1,,1,11000.0,1100.0,1.0,H,H,Win,2,0,,1,9000.0,900.0,0.0,T,T,Win,0,2,,1,9000.0,900.0,0.5,T,H,Lose,1,1,,1,11000.0,1100.0,0.5,H,T,Lose,1,1,,1,9000.0,900.0,0.5,T,H,Lose,1,1,,1,11000.0,1100.0,0.5,H,T,Lose,1,1,,1,9000.0,900.0,0.5,T,H,Lose,1,1,,1,11000.0,1100.0,0.5,T,T,Win,1,1,,1,11000.0,1100.0,1.0,H,H,Win,2,0,,1,9000.0,900.0,0.0,T,T,Win,0,2,,1,9000.0,900.0,0.5,T,H,Lose,1,1,,1,9000.0,900.0,0.5,T,H,Lose,1,1,,1,9000.0,900.0,0.5,T,H,Lose,1,1,,1,9000.0,900.0,0.5,T,H,Lose,1,1,,1,11000.0,1100.0,0.5,T,T,Win,1,1,,1,9000.0,900.0,0.0,T,T,Win,0,2,,1,11000.0,1100.0,0.5,H,T,Lose,1,1,,1,11000.0,1100.0,1.0,H,H,Win,2,0,,1,11000.0,1100.0,0.5,H,T,Lose,1,1,,1,9000.0,900.0,0.0,T,T,Win,0,2,,1,11000.0,1100.0,1.0,T,H,Lose,2,0,,1,11000.0,1100.0,0.5,T,T,Win,1,1,,1,11000.0,1100.0,1.0,H,H,Win,2,0,,1,11000.0,1100.0,0.5,H,T,Lose,1,1,,1,9000.0,900.0,0.0,T,T,Win,0,2,,1,9000.0,900.0,0.0,T,T,Win,0,2,,1,11000.0,1100.0,1.0,T,H,Lose,2,0,,1,9000.0,900.0,0.5,T,H,Lose,1,1,,1,9000.0,900.0,0.5,T,H,Lose,1,1,,1,11000.0,1100.0,1.0,T,H,Lose,2,0,,1,9000.0,900.0,0.5,T,H,Lose,1,1,,1,9000.0,900.0,0.5,T,H,Lose,1,1,,1,11000.0,1100.0,1.0,H,H,Win,2,0,,1,11000.0,1100.0,1.0,H,H,Win,2,0,,1,11000.0,1100.0,0.5,T,T,Win,1,1,,1,9000.0,900.0,0.5,T,H,Lose,1,1,,1,9000.0,900.0,0.0,T,T,Win,0,2,,1,9000.0,900.0,0.0,T,T,Win,0,2,,1,9000.0,900.0,0.0,T,T,Win,0,2,,1,9000.0,900.0,0.0,T,T,Win,0,2,,1,9000.0,900.0,0.5,T,H,Lose,1,1,,1,11000.0,1100.0,1.0,T,H,Lose,2,0,,1,11000.0,1100.0,0.5,H,T,Lose,1,1,,1,9000.0,900.0,0.0,T,T,Win,0,2,,1,9000.0,900.0,0.5,T,H,Lose,1,1,,1,9000.0,900.0,0.0,T,T,Win,0,2,,1,11000.0,1100.0,1.0,H,H,Win,2,0,,1,11000.0,1100.0,0.5,T,T,Win,1,1,,1,11000.0,1100.0,1.0,H,H,Win,2,0,,1,9000.0,900.0,0.5,T,H,Lose,1,1,,1,11000.0,1100.0,1.0,H,H,Win,2,0,,1,11000.0,1100.0,0.5,H,T,Lose,1,1,,1,9000.0,900.0,0.0,T,T,Win,0,2,,1,9000.0,900.0,0.0,T,T,Win,0,2,,1,9000.0,900.0,0.0,T,T,Win,0,2,,1,11000.0,1100.0,0.5,T,T,Win,1,1,,1,11000.0,1100.0,1.0,T,H,Lose,2,0,,1,11000.0,1100.0,0.5,H,T,Lose,1,1,,1,11000.0,1100.0,1.0,H,H,Win,2,0,,1,9000.0,900.0,0.0,T,T,Win,0,2,,1,9000.0,900.0,0.5,T,H,Lose,1,1,,1,11000.0,1100.0,0.5,H,T,Lose,1,1,,1,9000.0,900.0,0.5,T,H,Lose,1,1,,1,11000.0,1100.0,0.5,T,T,Win,1,1,,1,11000.0,1100.0,1.0,H,H,Win,2,0,,1,11000.0,1100.0,0.5,H,T,Lose,1,1,,1,9000.0,900.0,0.5,T,H,Lose,1,1,,1,9000.0,900.0,0.0,T,T,Win,0,2,,1,11000.0,1100.0,1.0,H,H,Win,2,0,,1,9000.0,900.0,0.0,T,T,Win,0,2,,1,9000.0,900.0,0.0,T,T,Win,0,2,,1,9000.0,900.0,0.0,T,T,Win,0,2,,1,9000.0,900.0,0.0,T,T,Win,0,2,,1,9000.0,900.0,0.5,T,H,Lose,1,1,,1,9000.0,900.0,0.5,T,H,Lose,1,1,,1,9000.0,900.0,0.5,T,H,Lose,1,1,,1,11000.0,1100.0,0.5,T,T,Win,1,1,,1,9000.0,900.0,0.5,T,H,Lose,1,1,,1,9000.0,900.0,0.5,T,H,Lose,1,1,,1,11000.0,1100.0,1.0,T,H,Lose,2,0,,1,9000.0,900.0,0.5,T,H,Lose,1,1,,1,9000.0,900.0,0.0,T,T,Win,0,2,,1,11000.0,1100.0,0.5,H,T,Lose,1,1,,1,9000.0,900.0,0.0,T,T,Win,0,2,,1,9000.0,900.0,0.5,T,H,Lose,1,1,,1,9000.0,900.0,0.5,T,H,Lose,1,1,,1,11000.0,1100.0,1.0,H,H,Win,2,0,,1,9000.0,900.0,0.0,T,T,Win,0,2,,1,11000.0,1100.0,1.0,T,H,Lose,2,0,,1,11000.0,1100.0,1.0,H,H,Win,2,0,,1,11000.0,1100.0,1.0,T,H,Lose,2,0,,1,9000.0,900.0,0.5,T,H,Lose,1,1,,1,9000.0,900.0,0.0,T,T,Win,0,2,,1,9000.0,900.0,0.0,T,T,Win,0,2,,1,11000.0,1100.0,1.0,T,H,Lose,2,0,,1,11000.0,1100.0,0.5,H,T,Lose,1,1,,1,9000.0,900.0,0.5,T,H,Lose,1,1,,1,9000.0,900.0,0.0,T,T,Win,0,2,,1,11000.0,1100.0,1.0,T,H,Lose,2,0,,1,9000.0,900.0,0.5,T,H,Lose,1,1,,1,9000.0,900.0,0.5,T,H,Lose,1,1,,1,9000.0,900.0,0.5,T,H,Lose,1,1,,1,9000.0,900.0,0.5,T,H,Lose,1,1,,1,11000.0,1100.0,1.0,H,H,Win,2,0,,1,11000.0,1100.0,1.0,H,H,Win,2,0,,1,11000.0,1100.0,1.0,H,H,Win,2,0,,1,9000.0,900.0,0.0,T,T,Win,0,2,,1,9000.0,900.0,0.0,T,T,Win,0,2,,1,11000.0,1100.0,0.5,T,T,Win,1,1,,1,11000.0,1100.0,1.0,H,H,Win,2,0,,1,11000.0,1100.0,0.5,H,T,Lose,1,1,,1,11000.0,1100.0,0.5,T,T,Win,1,1,,1,11000.0,1100.0,0.5,T,T,Win,1,1,,1,9000.0,900.0,0.5,T,H,Lose,1,1,,1,11000.0,1100.0,1.0,T,H,Lose,2,0,,1,11000.0,1100.0,1.0,H,H,Win,2,0,,1,9000.0,900.0,0.0,T,T,Win,0,2,,1,9000.0,900.0,0.0,T,T,Win,0,2,,1,11000.0,1100.0,0.5,H,T,Lose,1,1,,1,11000.0,1100.0,1.0,H,H,Win,2,0,,1,11000.0,1100.0,0.5,T,T,Win,1,1,,1,11000.0,1100.0,1.0,H,H,Win,2,0,,1,11000.0,1100.0,0.5,T,T,Win,1,1,,1,11000.0,1100.0,0.5,H,T,Lose,1,1,,1,9000.0,900.0,0.5,T,H,Lose,1,1,,1,9000.0,900.0,0.0,T,T,Win,0,2,,1,9000.0,900.0,0.0,T,T,Win,0,2,,1,9000.0,900.0,0.5,T,H,Lose,1,1,,1,11000.0,1100.0,1.0,H,H,Win,2,0,,1,9000.0,900.0,0.0,T,T,Win,0,2,,1,11000.0,1100.0,1.0,T,H,Lose,2,0,,1,9000.0,900.0,0.0,T,T,Win,0,2,,1,11000.0,1100.0,1.0,T,H,Lose,2,0,,1,9000.0,900.0,0.0,T,T,Win,0,2,,1,11000.0,1100.0,0.5,T,T,Win,1,1,,1,11000.0,1100.0,1.0,H,H,Win,2,0,,1,9000.0,900.0,0.0,T,T,Win,0,2,,1,9000.0,900.0,0.0,T,T,Win,0,2,,1,9000.0,900.0,0.0,T,T,Win,0,2,,1,11000.0,1100.0,0.5,H,T,Lose,1,1,,1,11000.0,1100.0,1.0,H,H,Win,2,0,,1,9000.0,900.0,0.5,T,H,Lose,1,1,,1,11000.0,1100.0,0.5,T,T,Win,1,1,,1,9000.0,900.0,0.0,T,T,Win,0,2,,1,11000.0,1100.0,1.0,T,H,Lose,2,0,,1,11000.0,1100.0,0.5,T,T,Win,1,1,,1,11000.0,1100.0,1.0,T,H,Lose,2,0,,1,11000.0,1100.0,1.0,T,H,Lose,2,0,,1,9000.0,900.0,0.5,T,H,Lose,1,1,,1,9000.0,900.0,0.0,T,T,Win,0,2,,1,9000.0,900.0,0.0,T,T,Win,0,2,,1,9000.0,900.0,0.0,T,T,Win,0,2,,1,11000.0,1100.0,0.5,T,T,Win,1,1,,1,9000.0,900.0,0.5,T,H,Lose,1,1,,1,9000.0,900.0,0.0,T,T,Win,0,2,,1,11000.0,1100.0,0.5,T,T,Win,1,1,,1,9000.0,900.0,0.0,T,T,Win,0,2,,1,9000.0,900.0,0.5,T,H,Lose,1,1,,1,11000.0,1100.0,1.0,H,H,Win,2,0,,1,9000.0,900.0,0.5,T,H,Lose,1,1,,1,11000.0,1100.0,0.5,T,T,Win,1,1,,1,9000.0,900.0,0.0,T,T,Win,0,2,,1,9000.0,900.0,0.0,T,T,Win,0,2,,1,9000.0,900.0,0.0,T,T,Win,0,2,,1,9000.0,900.0,0.0,T,T,Win,0,2,,1,9000.0,900.0,0.0,T,T,Win,0,2,,1,9000.0,900.0,0.5,T,H,Lose,1,1,,1,11000.0,1100.0,1.0,H,H,Win,2,0,,1,9000.0,900.0,0.5,T,H,Lose,1,1,,1,11000.0,1100.0,0.5,H,T,Lose,1,1,,1,9000.0,900.0,0.5,T,H,Lose,1,1,,1,11000.0,1100.0,1.0,T,H,Lose,2,0,,1,11000.0,1100.0,1.0,H,H,Win,2,0,,1,11000.0,1100.0,1.0,T,H,Lose,2,0,,1,9000.0,900.0,0.5,T,H,Lose,1,1,,1,11000.0,1100.0,0.5,H,T,Lose,1,1,,1,11000.0,1100.0,1.0,H,H,Win,2,0,,1,9000.0,900.0,0.5,T,H,Lose,1,1,,1,9000.0,900.0,0.0,T,T,Win,0,2,,1,9000.0,900.0,0.5,T,H,Lose,1,1,,1,11000.0,1100.0,0.5,T,T,Win,1,1,,1,11000.0,1100.0,0.5,H,T,Lose,1,1,,1,9000.0,900.0,0.5,T,H,Lose,1,1,,1,9000.0,900.0,0.5,T,H,Lose,1,1,,1,11000.0,1100.0,1.0,H,H,Win,2,0,,1,9000.0,900.0,0.0,T,T,Win,0,2,,1,9000.0,900.0,0.0,T,T,Win,0,2,,1,11000.0,1100.0,1.0,H,H,Win,2,0,,1,11000.0,1100.0,1.0,H,H,Win,2,0,,1,11000.0,1100.0,1.0,T,H,Lose,2,0,,1,11000.0,1100.0,0.5,H,T,Lose,1,1,,1,11000.0,1100.0,0.5,H,T,Lose,1,1,,1,11000.0,1100.0,0.5,T,T,Win,1,1,,1,9000.0,900.0,0.5,T,H,Lose,1,1,,1,9000.0,900.0,0.0,T,T,Win,0,2,,1,11000.0,1100.0,0.5,T,T,Win,1,1,,1,11000.0,1100.0,1.0,T,H,Lose,2,0,,1,9000.0,900.0,0.0,T,T,Win,0,2,,1,9000.0,900.0,0.0,T,T,Win,0,2,,1,11000.0,1100.0,1.0,T,H,Lose,2,0,,1,11000.0,1100.0,0.5,H,T,Lose,1,1,,1,9000.0,900.0,0.0,T,T,Win,0,2,,1,9000.0,900.0,0.0,T,T,Win,0,2,,1,11000.0,1100.0,1.0,T,H,Lose,2,0,,1,9000.0,900.0,0.5,T,H,Lose,1,1,,1,9000.0,900.0,0.5,T,H,Lose,1,1,,1,9000.0,900.0,0.5,T,H,Lose,1,1,,1,9000.0,900.0,0.0,T,T,Win,0,2,,1,11000.0,1100.0,0.5,T,T,Win,1,1,,1,11000.0,1100.0,0.5,T,T,Win,1,1,,1,9000.0,900.0,0.0,T,T,Win,0,2,,1,9000.0,900.0,0.5,T,H,Lose,1,1,,1,11000.0,1100.0,0.5,T,T,Win,1,1,,1,11000.0,1100.0,1.0,T,H,Lose,2,0,,1,9000.0,900.0,0.5,T,H,Lose,1,1,,1,11000.0,1100.0,1.0,T,H,Lose,2,0,,1,11000.0,1100.0,0.5,T,T,Win,1,1,,1,9000.0,900.0,0.0,T,T,Win,0,2,,1,11000.0,1100.0,0.5,T,T,Win,1,1,,1,9000.0,900.0,0.0,T,T,Win,0,2,,1,9000.0,900.0,0.5,T,H,Lose,1,1,,1,11000.0,1100.0,0.5,H,T,Lose,1,1,,1,9000.0,900.0,0.5,T,H,Lose,1,1,,1,9000.0,900.0,0.0,T,T,Win,0,2,,1,11000.0,1100.0,0.5,H,T,Lose,1,1,,1,9000.0,900.0,0.0,T,T,Win,0,2,,1,9000.0,900.0,0.0,T,T,Win,0,2,,1,9000.0,900.0,0.0,T,T,Win,0,2,,1,11000.0,1100.0,1.0,T,H,Lose,2,0,,1,9000.0,900.0,0.5,T,H,Lose,1,1,,1,11000.0,1100.0,0.5,H,T,Lose,1,1,,1,9000.0,900.0,0.0,T,T,Win,0,2,,1,11000.0,1100.0,0.5,T,T,Win,1,1,,1,11000.0,1100.0,1.0,T,H,Lose,2,0,,1,11000.0,1100.0,1.0,H,H,Win,2,0,,1,11000.0,1100.0,1.0,T,H,Lose,2,0,,1,9000.0,900.0,0.0,T,T,Win,0,2,,1,9000.0,900.0,0.5,T,H,Lose,1,1,,1,9000.0,900.0,0.0,T,T,Win,0,2,,1,9000.0,900.0,0.0,T,T,Win,0,2,,1,11000.0,1100.0,0.5,H,T,Lose,1,1,,1,11000.0,1100.0,0.5,H,T,Lose,1,1,,1,11000.0,1100.0,1.0,T,H,Lose,2,0,,1,9000.0,900.0,0.5,T,H,Lose,1,1,,1,9000.0,900.0,0.5,T,H,Lose,1,1,,1,11000.0,1100.0,0.5,T,T,Win,1,1,,1,11000.0,1100.0,1.0,T,H,Lose,2,0,,1,11000.0,1100.0,1.0,H,H,Win,2,0,,1,9000.0,900.0,0.5,T,H,Lose,1,1,,1,9000.0,900.0,0.5,T,H,Lose,1,1,,1,11000.0,1100.0,1.0,T,H,Lose,2,0,,1,11000.0,1100.0,1.0,H,H,Win,2,0,,1,11000.0,1100.0,0.5,T,T,Win,1,1,,1,11000.0,1100.0,1.0,H,H,Win,2,0,,1,9000.0,900.0,0.0,T,T,Win,0,2,,1,11000.0,1100.0,0.5,T,T,Win,1,1,,1,9000.0,900.0,0.5,T,H,Lose,1,1,,1,9000.0,900.0,0.0,T,T,Win,0,2,,1,11000.0,1100.0,0.5,H,T,Lose,1,1,,1,11000.0,1100.0,1.0,T,H,Lose,2,0,,1,11000.0,1100.0,0.5,T,T,Win,1,1,,1,11000.0,1100.0,1.0,T,H,Lose,2,0,,1,11000.0,1100.0,0.5,H,T,Lose,1,1,,1,9000.0,900.0,0.0,T,T,Win,0,2,,1,11000.0,1100.0,1.0,H,H,Win,2,0,,1,11000.0,1100.0,1.0,T,H,Lose,2,0,,1,11000.0,1100.0,1.0,T,H,Lose,2,0,,1,11000.0,1100.0,1.0,T,H,Lose,2,0,,1,11000.0,1100.0,1.0,H,H,Win,2,0,,1,9000.0,900.0,0.0,T,T,Win,0,2,,1,9000.0,900.0,0.5,T,H,Lose,1,1,,1,9000.0,900.0,0.0,T,T,Win,0,2,,1,11000.0,1100.0,1.0,H,H,Win,2,0,,1,11000.0,1100.0,1.0,H,H,Win,2,0,,1,9000.0,900.0,0.0,T,T,Win,0,2,,1,11000.0,1100.0,0.5,T,T,Win,1,1,,1,9000.0,900.0,0.0,T,T,Win,0,2,,1,9000.0,900.0,0.0,T,T,Win,0,2,,1,9000.0,900.0,0.0,T,T,Win,0,2,,1,11000.0,1100.0,0.5,T,T,Win,1,1,,1,9000.0,900.0,0.0,T,T,Win,0,2,,1,9000.0,900.0,0.5,T,H,Lose,1,1,,1,9000.0,900.0,0.5,T,H,Lose,1,1,,1,11000.0,1100.0,0.5,T,T,Win,1,1,,1,11000.0,1100.0,1.0,H,H,Win,2,0,,1,9000.0,900.0,0.5,T,H,Lose,1,1,,1,9000.0,900.0,0.0,T,T,Win,0,2,,1,9000.0,900.0,0.0,T,T,Win,0,2,,1,11000.0,1100.0,1.0,T,H,Lose,2,0,,1,9000.0,900.0,0.0,T,T,Win,0,2,,1,9000.0,900.0,0.5,T,H,Lose,1,1,,1,11000.0,1100.0,1.0,T,H,Lose,2,0,,1,11000.0,1100.0,1.0,T,H,Lose,2,0,,1,9000.0,900.0,0.5,T,H,Lose,1,1,,1,11000.0,1100.0,0.5,T,T,Win,1,1,,1,11000.0,1100.0,0.5,H,T,Lose,1,1,,1,9000.0,900.0,0.5,T,H,Lose,1,1,,1,11000.0,1100.0,0.5,T,T,Win,1,1,,1,11000.0,1100.0,0.5,H,T,Lose,1,1,,1,11000.0,1100.0,0.5,T,T,Win,1,1,,1,9000.0,900.0,0.0,T,T,Win,0,2,,1,11000.0,1100.0,1.0,T,H,Lose,2,0,,1,9000.0,900.0,0.5,T,H,Lose,1,1,,1,11000.0,1100.0,0.5,T,T,Win,1,1,,1,11000.0,1100.0,0.5,H,T,Lose,1,1,,1,9000.0,900.0,0.0,T,T,Win,0,2,,1,9000.0,900.0,0.0,T,T,Win,0,2,,1,9000.0,900.0,0.5,T,H,Lose,1,1,,1,11000.0,1100.0,1.0,H,H,Win,2,0,,1,11000.0,1100.0,0.5,H,T,Lose,1,1,,1,11000.0,1100.0,0.5,H,T,Lose,1,1,,1,9000.0,900.0,0.0,T,T,Win,0,2,,1,11000.0,1100.0,0.5,T,T,Win,1,1,,1,11000.0,1100.0,1.0,T,H,Lose,2,0,,1,11000.0,1100.0,0.5,H,T,Lose,1,1,,1,9000.0,900.0,0.5,T,H,Lose,1,1,,1,11000.0,1100.0,0.5,H,T,Lose,1,1,,1,11000.0,1100.0,1.0,T,H,Lose,2,0,,1,11000.0,1100.0,1.0,H,H,Win,2,0,,1,9000.0,900.0,0.5,T,H,Lose,1,1,,1,9000.0,900.0,0.0,T,T,Win,0,2,,1,11000.0,1100.0,1.0,T,H,Lose,2,0,,1,11000.0,1100.0,1.0,H,H,Win,2,0,,1,11000.0,1100.0,1.0,H,H,Win,2,0,,1,11000.0,1100.0,0.5,T,T,Win,1,1,,1,11000.0,1100.0,0.5,H,T,Lose,1,1,,1,9000.0,900.0,0.5,T,H,Lose,1,1,,1,9000.0,900.0,0.5,T,H,Lose,1,1,,1,9000.0,900.0,0.0,T,T,Win,0,2,,1,9000.0,900.0,0.0,T,T,Win,0,2,,1,9000.0,900.0,0.0,T,T,Win,0,2,,1,9000.0,900.0,0.0,T,T,Win,0,2,,1,9000.0,900.0,0.0,T,T,Win,0,2,,1,9000.0,900.0,0.5,T,H,Lose,1,1,,1,9000.0,900.0,0.0,T,T,Win,0,2,,1,11000.0,1100.0,0.5,H,T,Lose,1,1,,1,11000.0,1100.0,1.0,T,H,Lose,2,0,,1,11000.0,1100.0,1.0,T,H,Lose,2,0,,1,11000.0,1100.0,1.0,T,H,Lose,2,0,,1,11000.0,1100.0,0.5,H,T,Lose,1,1,,1,11000.0,1100.0,1.0,H,H,Win,2,0,,1,11000.0,1100.0,0.5,T,T,Win,1,1,,1,9000.0,900.0,0.0,T,T,Win,0,2,,1,11000.0,1100.0,0.5,T,T,Win,1,1,,1,9000.0,900.0,0.5,T,H,Lose,1,1,,1,11000.0,1100.0,0.5,H,T,Lose,1,1,,1,11000.0,1100.0,0.5,H,T,Lose,1,1,,1,9000.0,900.0,0.5,T,H,Lose,1,1,,1,11000.0,1100.0,0.5,T,T,Win,1,1,,1,9000.0,900.0,0.5,T,H,Lose,1,1,,1,11000.0,1100.0,0.5,T,T,Win,1,1,,1,9000.0,900.0,0.0,T,T,Win,0,2,,1,11000.0,1100.0,0.5,T,T,Win,1,1,,1,9000.0,900.0,0.5,T,H,Lose,1,1,,1,9000.0,900.0,0.5,T,H,Lose,1,1,,1,11000.0,1100.0,0.5,T,T,Win,1,1,,1,11000.0,1100.0,1.0,H,H,Win,2,0,,1,11000.0,1100.0,1.0,T,H,Lose,2,0,,1,11000.0,1100.0,0.5,T,T,Win,1,1,,1,11000.0,1100.0,1.0,H,H,Win,2,0,,1,9000.0,900.0,0.0,T,T,Win,0,2,,1,11000.0,1100.0,0.5,T,T,Win,1,1,,1,11000.0,1100.0,1.0,T,H,Lose,2,0,,1,9000.0,900.0,0.5,T,H,Lose,1,1,,1,9000.0,900.0,0.5,T,H,Lose,1,1,,1,9000.0,900.0,0.0,T,T,Win,0,2,,1,9000.0,900.0,0.5,T,H,Lose,1,1,,1,9000.0,900.0,0.5,T,H,Lose,1,1,,1,11000.0,1100.0,0.5,H,T,Lose,1,1,,1,11000.0,1100.0,1.0,H,H,Win,2,0,,1,11000.0,1100.0,0.5,T,T,Win,1,1,,1,9000.0,900.0,0.5,T,H,Lose,1,1,,1,9000.0,900.0,0.5,T,H,Lose,1,1,,1,9000.0,900.0,0.0,T,T,Win,0,2,,1,9000.0,900.0,0.0,T,T,Win,0,2,,1,11000.0,1100.0,1.0,T,H,Lose,2,0,,1,9000.0,900.0,0.5,T,H,Lose,1,1,,1,9000.0,900.0,0.5,T,H,Lose,1,1,,1,9000.0,900.0,0.5,T,H,Lose,1,1,,1,9000.0,900.0,0.0,T,T,Win,0,2,,1,11000.0,1100.0,0.5,T,T,Win,1,1,,1,11000.0,1100.0,0.5,H,T,Lose,1,1,,1,11000.0,1100.0,0.5,T,T,Win,1,1,,1,11000.0,1100.0,0.5,T,T,Win,1,1,,1,11000.0,1100.0,1.0,T,H,Lose,2,0,,1,9000.0,900.0,0.0,T,T,Win,0,2,,1,11000.0,1100.0,1.0,H,H,Win,2,0,,1,9000.0,900.0,0.5,T,H,Lose,1,1,,1,11000.0,1100.0,1.0,T,H,Lose,2,0,,1,9000.0,900.0,0.0,T,T,Win,0,2,,1,9000.0,900.0,0.0,T,T,Win,0,2,,1,9000.0,900.0,0.0,T,T,Win,0,2,,1,9000.0,900.0,0.0,T,T,Win,0,2,,1,9000.0,900.0,0.5,T,H,Lose,1,1,,1,9000.0,900.0,0.0,T,T,Win,0,2,,1,11000.0,1100.0,0.5,H,T,Lose,1,1,,1,9000.0,900.0,0.0,T,T,Win,0,2,,1,9000.0,900.0,0.5,T,H,Lose,1,1,,1,9000.0,900.0,0.0,T,T,Win,0,2,,1,11000.0,1100.0,1.0,H,H,Win,2,0,,1,9000.0,900.0,0.5,T,H,Lose,1,1,,1,9000.0,900.0,0.0,T,T,Win,0,2,,1,11000.0,1100.0,1.0,T,H,Lose,2,0,,1,9000.0,900.0,0.0,T,T,Win,0,2,,1,11000.0,1100.0,1.0,T,H,Lose,2,0,,1,9000.0,900.0,0.5,T,H,Lose,1,1,,1,9000.0,900.0,0.0,T,T,Win,0,2,,1,11000.0,1100.0,0.5,H,T,Lose,1,1,,1,11000.0,1100.0,1.0,H,H,Win,2,0,,1,9000.0,900.0,0.0,T,T,Win,0,2,,1,11000.0,1100.0,0.5,T,T,Win,1,1,,1,11000.0,1100.0,0.5,T,T,Win,1,1,,1,9000.0,900.0,0.0,T,T,Win,0,2,,1,11000.0,1100.0,1.0,T,H,Lose,2,0,,1,11000.0,1100.0,1.0,T,H,Lose,2,0,,1,11000.0,1100.0,1.0,H,H,Win,2,0,,1,9000.0,900.0,0.0,T,T,Win,0,2,,1,11000.0,1100.0,0.5,H,T,Lose,1,1,,1,11000.0,1100.0,1.0,T,H,Lose,2,0,,1,9000.0,900.0,0.0,T,T,Win,0,2,,1,11000.0,1100.0,0.5,T,T,Win,1,1,,1,9000.0,900.0,0.5,T,H,Lose,1,1,,1,9000.0,900.0,0.0,T,T,Win,0,2,,1,9000.0,900.0,0.0,T,T,Win,0,2,,1,11000.0,1100.0,1.0,T,H,Lose,2,0,,1,11000.0,1100.0,1.0,H,H,Win,2,0,,1,9000.0,900.0,0.0,T,T,Win,0,2,,1,11000.0,1100.0,0.5,T,T,Win,1,1,,1,11000.0,1100.0,0.5,T,T,Win,1,1,,1,11000.0,1100.0,1.0,T,H,Lose,2,0,,1,9000.0,900.0,0.5,T,H,Lose,1,1,,1,11000.0,1100.0,0.5,T,T,Win,1,1,,1,9000.0,900.0,0.0,T,T,Win,0,2,,1,11000.0,1100.0,1.0,T,H,Lose,2,0,,1,11000.0,1100.0,1.0,H,H,Win,2,0,,1,9000.0,900.0,0.5,T,H,Lose,1,1,,1,9000.0,900.0,0.0,T,T,Win,0,2,,1,9000.0,900.0,0.5,T,H,Lose,1,1,,1,11000.0,1100.0,0.5,H,T,Lose,1,1,,1,11000.0,1100.0,0.5,H,T,Lose,1,1,,1,11000.0,1100.0,0.5,H,T,Lose,1,1,,1,11000.0,1100.0,1.0,T,H,Lose,2,0,,1,11000.0,1100.0,0.5,T,T,Win,1,1,,1,9000.0,900.0,0.5,T,H,Lose,1,1,,1,9000.0,900.0,0.0,T,T,Win,0,2,,1,11000.0,1100.0,1.0,H,H,Win,2,0,,1,9000.0,900.0,0.5,T,H,Lose,1,1,,1,11000.0,1100.0,0.5,T,T,Win,1,1,,1,11000.0,1100.0,0.5,H,T,Lose,1,1,,1,9000.0,900.0,0.0,T,T,Win,0,2,,1,11000.0,1100.0,1.0,H,H,Win,2,0,,1,9000.0,900.0,0.0,T,T,Win,0,2,,1,11000.0,1100.0,1.0,T,H,Lose,2,0,,1,11000.0,1100.0,1.0,H,H,Win,2,0,,1,11000.0,1100.0,0.5,H,T,Lose,1,1,,1,11000.0,1100.0,1.0,H,H,Win,2,0,,1,11000.0,1100.0,1.0,H,H,Win,2,0,,1,11000.0,1100.0,1.0,T,H,Lose,2,0,,1,9000.0,900.0,0.0,T,T,Win,0,2,,1,11000.0,1100.0,0.5,T,T,Win,1,1,,1,9000.0,900.0,0.0,T,T,Win,0,2,,1,9000.0,900.0,0.0,T,T,Win,0,2,,1,9000.0,900.0,0.5,T,H,Lose,1,1,,1,9000.0,900.0,0.0,T,T,Win,0,2,,1,9000.0,900.0,0.0,T,T,Win,0,2,,1,11000.0,1100.0,1.0,H,H,Win,2,0,,1,11000.0,1100.0,0.5,T,T,Win,1,1,,1,11000.0,1100.0,1.0,T,H,Lose,2,0,,1,11000.0,1100.0,1.0,H,H,Win,2,0,,1,11000.0,1100.0,0.5,T,T,Win,1,1,,1,11000.0,1100.0,0.5,H,T,Lose,1,1,,1,9000.0,900.0,0.5,T,H,Lose,1,1,,1,9000.0,900.0,0.5,T,H,Lose,1,1,,1,11000.0,1100.0,1.0,H,H,Win,2,0,,1,9000.0,900.0,0.0,T,T,Win,0,2,,1,9000.0,900.0,0.0,T,T,Win,0,2,,1,11000.0,1100.0,1.0,T,H,Lose,2,0,,1,9000.0,900.0,0.5,T,H,Lose,1,1,,1,9000.0,900.0,0.0,T,T,Win,0,2,,1,9000.0,900.0,0.0,T,T,Win,0,2,,1,11000.0,1100.0,1.0,H,H,Win,2,0,,1,11000.0,1100.0,1.0,T,H,Lose,2,0,,1,11000.0,1100.0,0.5,T,T,Win,1,1,,1,9000.0,900.0,0.0,T,T,Win,0,2,,1,9000.0,900.0,0.0,T,T,Win,0,2,,1,11000.0,1100.0,0.5,T,T,Win,1,1,,1,9000.0,900.0,0.0,T,T,Win,0,2,,1,11000.0,1100.0,1.0,H,H,Win,2,0,,1,11000.0,1100.0,0.5,H,T,Lose,1,1,,1,11000.0,1100.0,0.5,T,T,Win,1,1,,1,11000.0,1100.0,1.0,H,H,Win,2,0,,1,11000.0,1100.0,0.5,T,T,Win,1,1,,1,9000.0,900.0,0.5,T,H,Lose,1,1,,1,9000.0,900.0,0.5,T,H,Lose,1,1,,1,11000.0,1100.0,1.0,T,H,Lose,2,0,,1,11000.0,1100.0,0.5,T,T,Win,1,1,,1,9000.0,900.0,0.0,T,T,Win,0,2,,1,11000.0,1100.0,1.0,H,H,Win,2,0,,1,9000.0,900.0,0.0,T,T,Win,0,2,,1,9000.0,900.0,0.5,T,H,Lose,1,1,,1,9000.0,900.0,0.5,T,H,Lose,1,1,,1,9000.0,900.0,0.5,T,H,Lose,1,1,,1,11000.0,1100.0,1.0,T,H,Lose,2,0,,1,11000.0,1100.0,0.5,T,T,Win,1,1,,1,9000.0,900.0,0.0,T,T,Win,0,2,,1,9000.0,900.0,0.5,T,H,Lose,1,1,,1,11000.0,1100.0,0.5,H,T,Lose,1,1,,1,11000.0,1100.0,0.5,H,T,Lose,1,1,,1,9000.0,900.0,0.5,T,H,Lose,1,1,,1,11000.0,1100.0,1.0,H,H,Win,2,0,,1,11000.0,1100.0,1.0,H,H,Win,2,0,,1,9000.0,900.0,0.0,T,T,Win,0,2,,1,11000.0,1100.0,1.0,T,H,Lose,2,0,,1,11000.0,1100.0,1.0,T,H,Lose,2,0,,1,9000.0,900.0,0.5,T,H,Lose,1,1,,1,9000.0,900.0,0.5,T,H,Lose,1,1,,1,11000.0,1100.0,1.0,T,H,Lose,2,0,,1,9000.0,900.0,0.5,T,H,Lose,1,1,,1,9000.0,900.0,0.0,T,T,Win,0,2,,1,9000.0,900.0,0.0,T,T,Win,0,2,,1,9000.0,900.0,0.5,T,H,Lose,1,1,,1,11000.0,1100.0,1.0,H,H,Win,2,0,,1,11000.0,1100.0,1.0,H,H,Win,2,0,,1,11000.0,1100.0,0.5,T,T,Win,1,1,,1,11000.0,1100.0,1.0,H,H,Win,2,0,,1,11000.0,1100.0,0.5,H,T,Lose,1,1,,1,9000.0,900.0,0.5,T,H,Lose,1,1,,1,11000.0,1100.0,0.5,H,T,Lose,1,1,,1,11000.0,1100.0,1.0,T,H,Lose,2,0,,1,9000.0,900.0,0.5,T,H,Lose,1,1,,1,11000.0,1100.0,0.5,H,T,Lose,1,1,,1,11000.0,1100.0,0.5,T,T,Win,1,1,,1,11000.0,1100.0,1.0,T,H,Lose,2,0,,1,9000.0,900.0,0.0,T,T,Win,0,2,,1,9000.0,900.0,0.0,T,T,Win,0,2,,1,11000.0,1100.0,1.0,T,H,Lose,2,0,,1,9000.0,900.0,0.0,T,T,Win,0,2,,1,9000.0,900.0,0.5,T,H,Lose,1,1,,1,11000.0,1100.0,0.5,H,T,Lose,1,1,,1,11000.0,1100.0,1.0,T,H,Lose,2,0,,1,9000.0,900.0,0.0,T,T,Win,0,2,,1,11000.0,1100.0,1.0,T,H,Lose,2,0,,1,11000.0,1100.0,0.5,T,T,Win,1,1,,1,11000.0,1100.0,1.0,H,H,Win,2,0,,1,11000.0,1100.0,0.5,H,T,Lose,1,1,,1,9000.0,900.0,0.0,T,T,Win,0,2,,1,9000.0,900.0,0.5,T,H,Lose,1,1,,1,9000.0,900.0,0.5,T,H,Lose,1,1,,1,11000.0,1100.0,0.5,T,T,Win,1,1,,1,11000.0,1100.0,0.5,T,T,Win,1,1,,1,9000.0,900.0,0.0,T,T,Win,0,2,,1,11000.0,1100.0,0.5,H,T,Lose,1,1,,1,9000.0,900.0,0.5,T,H,Lose,1,1,,1,11000.0,1100.0,1.0,H,H,Win,2,0,,1,11000.0,1100.0,1.0,H,H,Win,2,0,,1,11000.0,1100.0,1.0,H,H,Win,2,0,,1,11000.0,1100.0,0.5,T,T,Win,1,1,,1,9000.0,900.0,0.0,T,T,Win,0,2,,1,9000.0,900.0,0.0,T,T,Win,0,2,,1,9000.0,900.0,0.5,T,H,Lose,1,1,,1,11000.0,1100.0,0.5,H,T,Lose,1,1,,1,9000.0,900.0,0.5,T,H,Lose,1,1,,1,11000.0,1100.0,1.0,H,H,Win,2,0,,1,9000.0,900.0,0.0,T,T,Win,0,2,,1,9000.0,900.0,0.5,T,H,Lose,1,1,,1,9000.0,900.0,0.5,T,H,Lose,1,1,,1,11000.0,1100.0,0.5,T,T,Win,1,1,,1,11000.0,1100.0,0.5,T,T,Win,1,1,,1,11000.0,1100.0,0.5,T,T,Win,1,1,,1,9000.0,900.0,0.5,T,H,Lose,1,1,,1,9000.0,900.0,0.5,T,H,Lose,1,1,,1,9000.0,900.0,0.5,T,H,Lose,1,1,,1,9000.0,900.0,0.0,T,T,Win,0,2,,1,9000.0,900.0,0.0,T,T,Win,0,2,,1,11000.0,1100.0,1.0,H,H,Win,2,0,,1,11000.0,1100.0,1.0,T,H,Lose,2,0,,1,11000.0,1100.0,0.5,H,T,Lose,1,1,,1,11000.0,1100.0,1.0,H,H,Win,2,0,,1,11000.0,1100.0,1.0,T,H,Lose,2,0,,1,11000.0,1100.0,0.5,T,T,Win,1,1,,1,9000.0,900.0,0.0,T,T,Win,0,2,,1,11000.0,1100.0,0.5,T,T,Win,1,1,,1,11000.0,1100.0,1.0,H,H,Win,2,0,,1,11000.0,1100.0,1.0,H,H,Win,2,0,,1,11000.0,1100.0,1.0,H,H,Win,2,0,,1,9000.0,900.0,0.5,T,H,Lose,1,1,,1,9000.0,900.0,0.0,T,T,Win,0,2,,1,9000.0,900.0,0.5,T,H,Lose,1,1,,1,11000.0,1100.0,1.0,T,H,Lose,2,0,,1,11000.0,1100.0,0.5,H,T,Lose,1,1,,1,9000.0,900.0,0.0,T,T,Win,0,2,,1,9000.0,900.0,0.0,T,T,Win,0,2,,1,9000.0,900.0,0.5,T,H,Lose,1,1,
2,12100.0,1210.0,1.0,H,H,Win,3,0,,2,9900.0,990.0,0.3,T,T,Win,1,2,,2,9900.0,990.0,0.7,T,H,Lose,2,1,,2,8100.0,810.0,0.3,T,T,Win,1,2,,2,9900.0,990.0,0.7,T,H,Lose,2,1,,2,12100.0,1210.0,1.0,H,H,Win,3,0,,2,12100.0,1210.0,0.7,H,T,Lose,2,1,,2,9900.0,990.0,0.0,T,T,Win,0,3,,2,9900.0,990.0,0.0,T,T,Win,0,3,,2,8100.0,810.0,0.7,T,H,Lose,2,1,,2,12100.0,1210.0,0.7,H,T,Lose,2,1,,2,8100.0,810.0,0.3,T,T,Win,1,2,,2,12100.0,1210.0,1.0,H,H,Win,3,0,,2,12100.0,1210.0,0.3,T,T,Win,1,2,,2,9900.0,990.0,0.7,T,H,Lose,2,1,,2,9900.0,990.0,0.3,T,H,Lose,1,2,,2,9900.0,990.0,0.0,T,T,Win,0,3,,2,8100.0,810.0,0.7,T,H,Lose,2,1,,2,12100.0,1210.0,0.3,T,T,Win,1,2,,2,12100.0,1210.0,0.7,H,T,Lose,2,1,,2,9900.0,990.0,0.3,T,H,Lose,1,2,,2,9900.0,990.0,0.7,H,T,Lose,2,1,,2,9900.0,990.0,1.0,H,H,Win,3,0,,2,9900.0,990.0,1.0,H,H,Win,3,0,,2,9900.0,990.0,0.7,T,H,Lose,2,1,,2,8100.0,810.0,0.3,T,T,Win,1,2,,2,12100.0,1210.0,1.0,H,H,Win,3,0,,2,8100.0,810.0,0.3,T,T,Win,1,2,,2,9900.0,990.0,0.3,T,H,Lose,1,2,,2,8100.0,810.0,0.3,T,T,Win,1,2,,2,9900.0,990.0,0.3,T,T,Win,1,2,,2,8100.0,810.0,0.7,T,H,Lose,2,1,,2,9900.0,990.0,0.7,H,T,Lose,2,1,,2,9900.0,990.0,0.3,T,T,Win,1,2,,2,8100.0,810.0,0.7,T,H,Lose,2,1,,2,9900.0,990.0,0.7,T,H,Lose,2,1,,2,9900.0,990.0,0.3,T,H,Lose,1,2,,2,9900.0,990.0,0.3,T,H,Lose,1,2,,2,12100.0,1210.0,1.0,H,H,Win,3,0,,2,9900.0,990.0,0.7,H,T,Lose,2,1,,2,12100.0,1210.0,0.3,T,T,Win,1,2,,2,9900.0,990.0,0.3,T,T,Win,1,2,,2,9900.0,990.0,0.7,H,T,Lose,2,1,,2,9900.0,990.0,0.0,T,T,Win,0,3,,2,9900.0,990.0,0.7,H,T,Lose,2,1,,2,8100.0,810.0,0.7,T,H,Lose,2,1,,2,12100.0,1210.0,0.7,H,T,Lose,2,1,,2,8100.0,810.0,0.7,T,H,Lose,2,1,,2,12100.0,1210.0,1.0,H,H,Win,3,0,,2,8100.0,810.0,0.3,T,T,Win,1,2,,2,8100.0,810.0,0.3,T,T,Win,1,2,,2,8100.0,810.0,0.3,T,T,Win,1,2,,2,8100.0,810.0,0.3,T,T,Win,1,2,,2,12100.0,1210.0,0.3,T,T,Win,1,2,,2,8100.0,810.0,0.3,T,T,Win,1,2,,2,8100.0,810.0,0.3,T,T,Win,1,2,,2,9900.0,990.0,0.3,T,T,Win,1,2,,2,8100.0,810.0,0.3,T,T,Win,1,2,,2,9900.0,990.0,0.7,H,T,Lose,2,1,,2,8100.0,810.0,0.7,T,H,Lose,2,1,,2,9900.0,990.0,0.3,T,T,Win,1,2,,2,9900.0,990.0,0.7,T,H,Lose,2,1,,2,9900.0,990.0,1.0,H,H,Win,3,0,,2,9900.0,990.0,0.0,T,T,Win,0,3,,2,9900.0,990.0,1.0,H,H,Win,3,0,,2,9900.0,990.0,0.3,T,T,Win,1,2,,2,8100.0,810.0,0.7,T,H,Lose,2,1,,2,9900.0,990.0,0.7,T,H,Lose,2,1,,2,9900.0,990.0,0.7,H,T,Lose,2,1,,2,8100.0,810.0,0.3,T,T,Win,1,2,,2,9900.0,990.0,1.0,H,H,Win,3,0,,2,12100.0,1210.0,0.3,T,T,Win,1,2,,2,12100.0,1210.0,0.7,T,H,Lose,2,1,,2,8100.0,810.0,0.3,T,T,Win,1,2,,2,9900.0,990.0,0.3,T,H,Lose,1,2,,2,9900.0,990.0,0.7,T,H,Lose,2,1,,2,8100.0,810.0,0.7,T,H,Lose,2,1,,2,8100.0,810.0,0.3,T,T,Win,1,2,,2,12100.0,1210.0,1.0,H,H,Win,3,0,,2,9900.0,990.0,0.7,T,H,Lose,2,1,,2,8100.0,810.0,0.3,T,T,Win,1,2,,2,9900.0,990.0,0.3,T,H,Lose,1,2,,2,9900.0,990.0,0.0,T,T,Win,0,3,,2,9900.0,990.0,1.0,H,H,Win,3,0,,2,9900.0,990.0,0.0,T,T,Win,0,3,,2,8100.0,810.0,0.7,T,H,Lose,2,1,,2,12100.0,1210.0,0.7,H,T,Lose,2,1,,2,12100.0,1210.0,0.7,T,H,Lose,2,1,,2,8100.0,810.0,0.7,T,H,Lose,2,1,,2,9900.0,990.0,0.0,T,T,Win,0,3,,2,9900.0,990.0,0.0,T,T,Win,0,3,,2,8100.0,810.0,0.7,T,H,Lose,2,1,,2,9900.0,990.0,0.3,T,H,Lose,1,2,,2,8100.0,810.0,0.3,T,T,Win,1,2,,2,12100.0,1210.0,0.7,H,T,Lose,2,1,,2,9900.0,990.0,0.0,T,T,Win,0,3,,2,12100.0,1210.0,0.7,H,T,Lose,2,1,,2,8100.0,810.0,0.7,T,H,Lose,2,1,,2,9900.0,990.0,0.0,T,T,Win,0,3,,2,8100.0,810.0,0.3,T,T,Win,1,2,,2,9900.0,990.0,0.7,T,H,Lose,2,1,,2,12100.0,1210.0,1.0,H,H,Win,3,0,,2,9900.0,990.0,0.3,T,H,Lose,1,2,,2,9900.0,990.0,0.0,T,T,Win,0,3,,2,12100.0,1210.0,1.0,H,H,Win,3,0,,2,12100.0,1210.0,0.3,T,T,Win,1,2,,2,12100.0,1210.0,0.3,T,T,Win,1,2,,2,12100.0,1210.0,0.7,H,T,Lose,2,1,,2,8100.0,810.0,0.7,T,H,Lose,2,1,,2,9900.0,990.0,0.7,H,T,Lose,2,1,,2,8100.0,810.0,0.3,T,T,Win,1,2,,2,8100.0,810.0,0.3,T,T,Win,1,2,,2,12100.0,1210.0,0.7,H,T,Lose,2,1,,2,8100.0,810.0,0.3,T,T,Win,1,2,,2,9900.0,990.0,0.3,T,T,Win,1,2,,2,9900.0,990.0,0.3,T,H,Lose,1,2,,2,8100.0,810.0,0.7,T,H,Lose,2,1,,2,9900.0,990.0,0.7,H,T,Lose,2,1,,2,8100.0,810.0,0.7,T,H,Lose,2,1,,2,12100.0,1210.0,0.7,T,H,Lose,2,1,,2,9900.0,990.0,0.7,T,H,Lose,2,1,,2,9900.0,990.0,0.0,T,T,Win,0,3,,2,9900.0,990.0,0.0,T,T,Win,0,3,,2,9900.0,990.0,0.3,T,H,Lose,1,2,,2,8100.0,810.0,0.3,T,T,Win,1,2,,2,9900.0,990.0,1.0,H,H,Win,3,0,,2,8100.0,810.0,0.7,T,H,Lose,2,1,,2,9900.0,990.0,1.0,H,H,Win,3,0,,2,12100.0,1210.0,0.7,T,H,Lose,2,1,,2,8100.0,810.0,0.7,T,H,Lose,2,1,,2,9900.0,990.0,0.3,T,H,Lose,1,2,,2,9900.0,990.0,1.0,H,H,Win,3,0,,2,9900.0,990.0,0.3,T,T,Win,1,2,,2,12100.0,1210.0,1.0,H,H,Win,3,0,,2,9900.0,990.0,0.7,T,H,Lose,2,1,,2,9900.0,990.0,0.0,T,T,Win,0,3,,2,9900.0,990.0,0.7,H,T,Lose,2,1,,2,8100.0,810.0,0.7,T,H,Lose,2,1,,2,9900.0,990.0,0.7,T,H,Lose,2,1,,2,12100.0,1210.0,0.7,T,H,Lose,2,1,,2,9900.0,990.0,0.3,T,T,Win,1,2,,2,9900.0,990.0,1.0,H,H,Win,3,0,,2,9900.0,990.0,0.3,T,H,Lose,1,2,,2,9900.0,990.0,0.3,T,H,Lose,1,2,,2,9900.0,990.0,0.7,T,H,Lose,2,1,,2,12100.0,1210.0,0.7,T,H,Lose,2,1,,2,8100.0,810.0,0.7,T,H,Lose,2,1,,2,12100.0,1210.0,0.3,T,T,Win,1,2,,2,8100.0,810.0,0.7,T,H,Lose,2,1,,2,9900.0,990.0,0.7,T,H,Lose,2,1,,2,12100.0,1210.0,0.7,T,H,Lose,2,1,,2,12100.0,1210.0,0.7,T,H,Lose,2,1,,2,9900.0,990.0,1.0,H,H,Win,3,0,,2,12100.0,1210.0,0.3,T,T,Win,1,2,,2,8100.0,810.0,0.3,T,T,Win,1,2,,2,8100.0,810.0,0.7,T,H,Lose,2,1,,2,9900.0,990.0,0.7,H,T,Lose,2,1,,2,8100.0,810.0,0.7,T,H,Lose,2,1,,2,12100.0,1210.0,0.7,T,H,Lose,2,1,,2,9900.0,990.0,1.0,H,H,Win,3,0,,2,9900.0,990.0,0.3,T,T,Win,1,2,,2,8100.0,810.0,0.7,T,H,Lose,2,1,,2,12100.0,1210.0,0.7,H,T,Lose,2,1,,2,9900.0,990.0,0.3,T,H,Lose,1,2,,2,9900.0,990.0,0.3,T,H,Lose,1,2,,2,9900.0,990.0,0.7,T,H,Lose,2,1,,2,9900.0,990.0,1.0,H,H,Win,3,0,,2,9900.0,990.0,0.7,T,H,Lose,2,1,,2,9900.0,990.0,1.0,H,H,Win,3,0,,2,9900.0,990.0,0.7,H,T,Lose,2,1,,2,8100.0,810.0,0.3,T,T,Win,1,2,,2,9900.0,990.0,1.0,H,H,Win,3,0,,2,12100.0,1210.0,0.7,T,H,Lose,2,1,,2,9900.0,990.0,0.0,T,T,Win,0,3,,2,12100.0,1210.0,1.0,H,H,Win,3,0,,2,8100.0,810.0,0.3,T,T,Win,1,2,,2,9900.0,990.0,0.0,T,T,Win,0,3,,2,8100.0,810.0,0.7,T,H,Lose,2,1,,2,9900.0,990.0,0.0,T,T,Win,0,3,,2,9900.0,990.0,0.0,T,T,Win,0,3,,2,9900.0,990.0,0.3,T,H,Lose,1,2,,2,12100.0,1210.0,0.3,T,T,Win,1,2,,2,8100.0,810.0,0.3,T,T,Win,1,2,,2,8100.0,810.0,0.7,T,H,Lose,2,1,,2,8100.0,810.0,0.3,T,T,Win,1,2,,2,12100.0,1210.0,0.7,H,T,Lose,2,1,,2,12100.0,1210.0,0.7,H,T,Lose,2,1,,2,12100.0,1210.0,0.7,H,T,Lose,2,1,,2,9900.0,990.0,0.3,T,H,Lose,1,2,,2,9900.0,990.0,0.7,T,H,Lose,2,1,,2,9900.0,990.0,0.7,T,H,Lose,2,1,,2,9900.0,990.0,0.3,T,H,Lose,1,2,,2,9900.0,990.0,0.7,T,H,Lose,2,1,,2,12100.0,1210.0,0.7,H,T,Lose,2,1,,2,12100.0,1210.0,0.7,H,T,Lose,2,1,,2,9900.0,990.0,0.3,T,H,Lose,1,2,,2,9900.0,990.0,0.0,T,T,Win,0,3,,2,9900.0,990.0,0.7,T,H,Lose,2,1,,2,8100.0,810.0,0.3,T,T,Win,1,2,,2,9900.0,990.0,0.7,H,T,Lose,2,1,,2,12100.0,1210.0,0.3,T,T,Win,1,2,,2,9900.0,990.0,1.0,H,H,Win,3,0,,2,8100.0,810.0,0.3,T,T,Win,1,2,,2,12100.0,1210.0,1.0,H,H,Win,3,0,,2,9900.0,990.0,0.3,T,H,Lose,1,2,,2,9900.0,990.0,0.3,T,H,Lose,1,2,,2,8100.0,810.0,0.3,T,T,Win,1,2,,2,9900.0,990.0,0.0,T,T,Win,0,3,,2,9900.0,990.0,0.0,T,T,Win,0,3,,2,8100.0,810.0,0.7,T,H,Lose,2,1,,2,8100.0,810.0,0.7,T,H,Lose,2,1,,2,9900.0,990.0,0.7,T,H,Lose,2,1,,2,9900.0,990.0,0.0,T,T,Win,0,3,,2,9900.0,990.0,0.0,T,T,Win,0,3,,2,8100.0,810.0,0.7,T,H,Lose,2,1,,2,9900.0,990.0,1.0,H,H,Win,3,0,,2,9900.0,990.0,0.3,T,T,Win,1,2,,2,12100.0,1210.0,0.7,H,T,Lose,2,1,,2,12100.0,1210.0,1.0,H,H,Win,3,0,,2,9900.0,990.0,0.3,T,T,Win,1,2,,2,9900.0,990.0,0.3,T,H,Lose,1,2,,2,9900.0,990.0,0.7,T,H,Lose,2,1,,2,8100.0,810.0,0.7,T,H,Lose,2,1,,2,9900.0,990.0,0.3,T,T,Win,1,2,,2,9900.0,990.0,0.3,T,H,Lose,1,2,,2,9900.0,990.0,0.0,T,T,Win,0,3,,2,8100.0,810.0,0.7,T,H,Lose,2,1,,2,9900.0,990.0,0.3,T,H,Lose,1,2,,2,12100.0,1210.0,1.0,H,H,Win,3,0,,2,12100.0,1210.0,0.7,H,T,Lose,2,1,,2,12100.0,1210.0,1.0,H,H,Win,3,0,,2,8100.0,810.0,0.3,T,T,Win,1,2,,2,9900.0,990.0,0.3,T,H,Lose,1,2,,2,8100.0,810.0,0.3,T,T,Win,1,2,,2,9900.0,990.0,0.0,T,T,Win,0,3,,2,9900.0,990.0,1.0,H,H,Win,3,0,,2,9900.0,990.0,0.3,T,T,Win,1,2,,2,9900.0,990.0,0.0,T,T,Win,0,3,,2,12100.0,1210.0,0.3,T,T,Win,1,2,,2,9900.0,990.0,0.3,T,T,Win,1,2,,2,12100.0,1210.0,0.3,T,T,Win,1,2,,2,8100.0,810.0,0.7,T,H,Lose,2,1,,2,9900.0,990.0,0.7,T,H,Lose,2,1,,2,12100.0,1210.0,0.3,T,T,Win,1,2,,2,9900.0,990.0,0.7,T,H,Lose,2,1,,2,8100.0,810.0,0.7,T,H,Lose,2,1,,2,9900.0,990.0,0.3,T,H,Lose,1,2,,2,9900.0,990.0,0.3,T,T,Win,1,2,,2,12100.0,1210.0,0.7,H,T,Lose,2,1,,2,12100.0,1210.0,1.0,H,H,Win,3,0,,2,12100.0,1210.0,0.3,T,T,Win,1,2,,2,12100.0,1210.0,1.0,H,H,Win,3,0,,2,9900.0,990.0,0.3,T,H,Lose,1,2,,2,9900.0,990.0,0.3,T,T,Win,1,2,,2,9900.0,990.0,0.3,T,H,Lose,1,2,,2,12100.0,1210.0,0.3,T,T,Win,1,2,,2,8100.0,810.0,0.3,T,T,Win,1,2,,2,8100.0,810.0,0.3,T,T,Win,1,2,,2,12100.0,1210.0,0.7,T,H,Lose,2,1,,2,8100.0,810.0,0.3,T,T,Win,1,2,,2,8100.0,810.0,0.7,T,H,Lose,2,1,,2,8100.0,810.0,0.7,T,H,Lose,2,1,,2,9900.0,990.0,0.7,T,H,Lose,2,1,,2,9900.0,990.0,0.7,T,H,Lose,2,1,,2,12100.0,1210.0,0.7,T,H,Lose,2,1,,2,9900.0,990.0,0.3,T,H,Lose,1,2,,2,12100.0,1210.0,0.3,T,T,Win,1,2,,2,9900.0,990.0,0.3,T,H,Lose,1,2,,2,9900.0,990.0,0.3,T,H,Lose,1,2,,2,9900.0,990.0,0.0,T,T,Win,0,3,,2,12100.0,1210.0,0.7,H,T,Lose,2,1,,2,9900.0,990.0,0.0,T,T,Win,0,3,,2,9900.0,990.0,0.7,H,T,Lose,2,1,,2,12100.0,1210.0,1.0,H,H,Win,3,0,,2,9900.0,990.0,0.3,T,H,Lose,1,2,,2,8100.0,810.0,0.7,T,H,Lose,2,1,,2,8100.0,810.0,0.7,T,H,Lose,2,1,,2,8100.0,810.0,0.3,T,T,Win,1,2,,2,9900.0,990.0,0.3,T,T,Win,1,2,,2,12100.0,1210.0,0.7,T,H,Lose,2,1,,2,12100.0,1210.0,0.7,T,H,Lose,2,1,,2,9900.0,990.0,1.0,H,H,Win,3,0,,2,9900.0,990.0,1.0,H,H,Win,3,0,,2,8100.0,810.0,0.7,T,H,Lose,2,1,,2,9900.0,990.0,0.0,T,T,Win,0,3,,2,9900.0,990.0,0.3,T,H,Lose,1,2,,2,9900.0,990.0,0.0,T,T,Win,0,3,,2,8100.0,810.0,0.7,T,H,Lose,2,1,,2,9900.0,990.0,0.3,T,H,Lose,1,2,,2,9900.0,990.0,0.3,T,T,Win,1,2,,2,9900.0,990.0,0.7,T,H,Lose,2,1,,2,12100.0,1210.0,0.7,H,T,Lose,2,1,,2,8100.0,810.0,0.7,T,H,Lose,2,1,,2,8100.0,810.0,0.7,T,H,Lose,2,1,,2,12100.0,1210.0,1.0,H,H,Win,3,0,,2,12100.0,1210.0,1.0,H,H,Win,3,0,,2,8100.0,810.0,0.3,T,T,Win,1,2,,2,8100.0,810.0,0.7,T,H,Lose,2,1,,2,8100.0,810.0,0.3,T,T,Win,1,2,,2,8100.0,810.0,0.7,T,H,Lose,2,1,,2,9900.0,990.0,0.0,T,T,Win,0,3,,2,8100.0,810.0,0.3,T,T,Win,1,2,,2,8100.0,810.0,0.3,T,T,Win,1,2,,2,8100.0,810.0,0.7,T,H,Lose,2,1,,2,9900.0,990.0,0.3,T,H,Lose,1,2,,2,9900.0,990.0,1.0,H,H,Win,3,0,,2,9900.0,990.0,0.3,T,H,Lose,1,2,,2,9900.0,990.0,0.3,T,T,Win,1,2,,2,9900.0,990.0,1.0,H,H,Win,3,0,,2,8100.0,810.0,0.7,T,H,Lose,2,1,,2,9900.0,990.0,0.0,T,T,Win,0,3,,2,9900.0,990.0,0.3,T,H,Lose,1,2,,2,12100.0,1210.0,0.7,T,H,Lose,2,1,,2,9900.0,990.0,1.0,H,H,Win,3,0,,2,9900.0,990.0,0.3,T,H,Lose,1,2,,2,9900.0,990.0,0.3,T,T,Win,1,2,,2,9900.0,990.0,0.0,T,T,Win,0,3,,2,12100.0,1210.0,1.0,H,H,Win,3,0,,2,9900.0,990.0,0.7,H,T,Lose,2,1,,2,12100.0,1210.0,0.7,H,T,Lose,2,1,,2,9900.0,990.0,0.0,T,T,Win,0,3,,2,9900.0,990.0,0.7,H,T,Lose,2,1,,2,9900.0,990.0,0.7,H,T,Lose,2,1,,2,9900.0,990.0,0.0,T,T,Win,0,3,,2,8100.0,810.0,0.7,T,H,Lose,2,1,,2,12100.0,1210.0,0.3,T,T,Win,1,2,,2,9900.0,990.0,0.3,T,H,Lose,1,2,,2,9900.0,990.0,0.3,T,T,Win,1,2,,2,9900.0,990.0,0.3,T,H,Lose,1,2,,2,9900.0,990.0,0.3,T,T,Win,1,2,,2,12100.0,1210.0,1.0,H,H,Win,3,0,,2,8100.0,810.0,0.7,T,H,Lose,2,1,,2,12100.0,1210.0,0.7,H,T,Lose,2,1,,2,8100.0,810.0,0.7,T,H,Lose,2,1,,2,9900.0,990.0,0.0,T,T,Win,0,3,,2,9900.0,990.0,0.3,T,T,Win,1,2,,2,9900.0,990.0,0.0,T,T,Win,0,3,,2,9900.0,990.0,0.7,H,T,Lose,2,1,,2,9900.0,990.0,0.7,T,H,Lose,2,1,,2,8100.0,810.0,0.7,T,H,Lose,2,1,,2,9900.0,990.0,0.0,T,T,Win,0,3,,2,9900.0,990.0,0.0,T,T,Win,0,3,,2,9900.0,990.0,0.0,T,T,Win,0,3,,2,9900.0,990.0,0.0,T,T,Win,0,3,,2,9900.0,990.0,0.3,T,T,Win,1,2,,2,9900.0,990.0,0.3,T,T,Win,1,2,,2,12100.0,1210.0,1.0,H,H,Win,3,0,,2,8100.0,810.0,0.3,T,T,Win,1,2,,2,12100.0,1210.0,0.7,T,H,Lose,2,1,,2,8100.0,810.0,0.3,T,T,Win,1,2,,2,8100.0,810.0,0.7,T,H,Lose,2,1,,2,8100.0,810.0,0.3,T,T,Win,1,2,,2,9900.0,990.0,0.3,T,H,Lose,1,2,,2,9900.0,990.0,0.0,T,T,Win,0,3,,2,8100.0,810.0,0.3,T,T,Win,1,2,,2,12100.0,1210.0,0.3,T,T,Win,1,2,,2,9900.0,990.0,0.0,T,T,Win,0,3,,2,12100.0,1210.0,0.7,T,H,Lose,2,1,,2,8100.0,810.0,0.7,T,H,Lose,2,1,,2,9900.0,990.0,0.3,T,H,Lose,1,2,,2,8100.0,810.0,0.7,T,H,Lose,2,1,,2,9900.0,990.0,0.0,T,T,Win,0,3,,2,9900.0,990.0,0.7,T,H,Lose,2,1,,2,9900.0,990.0,1.0,H,H,Win,3,0,,2,12100.0,1210.0,0.7,H,T,Lose,2,1,,2,9900.0,990.0,0.7,H,T,Lose,2,1,,2,9900.0,990.0,0.3,T,H,Lose,1,2,,2,8100.0,810.0,0.3,T,T,Win,1,2,,2,12100.0,1210.0,0.7,H,T,Lose,2,1,,2,12100.0,1210.0,0.3,T,T,Win,1,2,,2,9900.0,990.0,0.7,T,H,Lose,2,1,,2,9900.0,990.0,0.3,T,H,Lose,1,2,,2,12100.0,1210.0,1.0,H,H,Win,3,0,,2,8100.0,810.0,0.3,T,T,Win,1,2,,2,8100.0,810.0,0.7,T,H,Lose,2,1,,2,9900.0,990.0,1.0,H,H,Win,3,0,,2,9900.0,990.0,0.3,T,H,Lose,1,2,,2,8100.0,810.0,0.3,T,T,Win,1,2,,2,9900.0,990.0,0.7,T,H,Lose,2,1,,2,12100.0,1210.0,0.3,T,T,Win,1,2,,2,12100.0,1210.0,0.3,T,T,Win,1,2,,2,9900.0,990.0,0.0,T,T,Win,0,3,,2,12100.0,1210.0,0.7,H,T,Lose,2,1,,2,8100.0,810.0,0.7,T,H,Lose,2,1,,2,12100.0,1210.0,1.0,H,H,Win,3,0,,2,12100.0,1210.0,0.7,H,T,Lose,2,1,,2,8100.0,810.0,0.3,T,T,Win,1,2,,2,9900.0,990.0,0.7,T,H,Lose,2,1,,2,9900.0,990.0,0.0,T,T,Win,0,3,,2,12100.0,1210.0,0.3,T,T,Win,1,2,,2,9900.0,990.0,0.3,T,H,Lose,1,2,,2,9900.0,990.0,0.7,T,H,Lose,2,1,,2,9900.0,990.0,0.0,T,T,Win,0,3,,2,12100.0,1210.0,0.7,T,H,Lose,2,1,,2,12100.0,1210.0,1.0,H,H,Win,3,0,,2,12100.0,1210.0,0.7,T,H,Lose,2,1,,2,8100.0,810.0,0.7,T,H,Lose,2,1,,2,8100.0,810.0,0.3,T,T,Win,1,2,,2,9900.0,990.0,0.7,T,H,Lose,2,1,,2,9900.0,990.0,0.7,T,H,Lose,2,1,,2,9900.0,990.0,0.0,T,T,Win,0,3,,2,9900.0,990.0,0.0,T,T,Win,0,3,,2,12100.0,1210.0,1.0,H,H,Win,3,0,,2,8100.0,810.0,0.7,T,H,Lose,2,1,,2,9900.0,990.0,0.0,T,T,Win,0,3,,2,9900.0,990.0,0.7,T,H,Lose,2,1,,2,8100.0,810.0,0.3,T,T,Win,1,2,,2,12100.0,1210.0,1.0,H,H,Win,3,0,,2,9900.0,990.0,0.3,T,H,Lose,1,2,,2,8100.0,810.0,0.7,T,H,Lose,2,1,,2,9900.0,990.0,0.3,T,T,Win,1,2,,2,8100.0,810.0,0.3,T,T,Win,1,2,,2,9900.0,990.0,0.7,T,H,Lose,2,1,,2,8100.0,810.0,0.7,T,H,Lose,2,1,,2,12100.0,1210.0,0.7,T,H,Lose,2,1,,2,12100.0,1210.0,0.7,H,T,Lose,2,1,,2,9900.0,990.0,0.3,T,H,Lose,1,2,,2,8100.0,810.0,0.3,T,T,Win,1,2,,2,8100.0,810.0,0.3,T,T,Win,1,2,,2,8100.0,810.0,0.7,T,H,Lose,2,1,,2,8100.0,810.0,0.7,T,H,Lose,2,1,,2,12100.0,1210.0,0.3,T,T,Win,1,2,,2,9900.0,990.0,0.3,T,H,Lose,1,2,,2,9900.0,990.0,0.3,T,T,Win,1,2,,2,12100.0,1210.0,0.7,H,T,Lose,2,1,,2,9900.0,990.0,0.3,T,T,Win,1,2,,2,9900.0,990.0,0.3,T,H,Lose,1,2,,2,9900.0,990.0,0.7,H,T,Lose,2,1,,2,12100.0,1210.0,0.3,T,T,Win,1,2,,2,12100.0,1210.0,1.0,H,H,Win,3,0,,2,9900.0,990.0,0.3,T,T,Win,1,2,,2,9900.0,990.0,0.3,T,H,Lose,1,2,,2,9900.0,990.0,0.0,T,T,Win,0,3,,2,9900.0,990.0,0.7,H,T,Lose,2,1,,2,8100.0,810.0,0.7,T,H,Lose,2,1,,2,8100.0,810.0,0.7,T,H,Lose,2,1,,2,9900.0,990.0,1.0,H,H,Win,3,0,,2,8100.0,810.0,0.7,T,H,Lose,2,1,,2,8100.0,810.0,0.3,T,T,Win,1,2,,2,12100.0,1210.0,1.0,H,H,Win,3,0,,2,12100.0,1210.0,1.0,H,H,Win,3,0,,2,12100.0,1210.0,0.7,T,H,Lose,2,1,,2,8100.0,810.0,0.7,T,H,Lose,2,1,,2,9900.0,990.0,0.3,T,H,Lose,1,2,,2,9900.0,990.0,0.3,T,H,Lose,1,2,,2,9900.0,990.0,0.3,T,H,Lose,1,2,,2,9900.0,990.0,0.3,T,H,Lose,1,2,,2,8100.0,810.0,0.7,T,H,Lose,2,1,,2,9900.0,990.0,0.7,H,T,Lose,2,1,,2,9900.0,990.0,0.3,T,T,Win,1,2,,2,9900.0,990.0,0.3,T,H,Lose,1,2,,2,8100.0,810.0,0.3,T,T,Win,1,2,,2,9900.0,990.0,0.3,T,H,Lose,1,2,,2,12100.0,1210.0,1.0,H,H,Win,3,0,,2,12100.0,1210.0,0.3,T,T,Win,1,2,,2,12100.0,1210.0,0.7,H,T,Lose,2,1,,2,8100.0,810.0,0.3,T,T,Win,1,2,,2,12100.0,1210.0,1.0,H,H,Win,3,0,,2,9900.0,990.0,0.7,T,H,Lose,2,1,,2,9900.0,990.0,0.0,T,T,Win,0,3,,2,9900.0,990.0,0.0,T,T,Win,0,3,,2,9900.0,990.0,0.3,T,H,Lose,1,2,,2,12100.0,1210.0,0.7,T,H,Lose,2,1,,2,9900.0,990.0,0.7,H,T,Lose,2,1,,2,9900.0,990.0,0.3,T,T,Win,1,2,,2,12100.0,1210.0,0.7,H,T,Lose,2,1,,2,9900.0,990.0,0.0,T,T,Win,0,3,,2,8100.0,810.0,0.7,T,H,Lose,2,1,,2,9900.0,990.0,0.3,T,T,Win,1,2,,2,8100.0,810.0,0.3,T,T,Win,1,2,,2,12100.0,1210.0,0.7,T,H,Lose,2,1,,2,12100.0,1210.0,1.0,H,H,Win,3,0,,2,9900.0,990.0,0.3,T,T,Win,1,2,,2,8100.0,810.0,0.7,T,H,Lose,2,1,,2,9900.0,990.0,0.0,T,T,Win,0,3,,2,12100.0,1210.0,0.7,H,T,Lose,2,1,,2,9900.0,990.0,0.0,T,T,Win,0,3,,2,9900.0,990.0,0.3,T,H,Lose,1,2,,2,9900.0,990.0,0.0,T,T,Win,0,3,,2,9900.0,990.0,0.3,T,H,Lose,1,2,,2,8100.0,810.0,0.3,T,T,Win,1,2,,2,8100.0,810.0,0.7,T,H,Lose,2,1,,2,8100.0,810.0,0.3,T,T,Win,1,2,,2,12100.0,1210.0,0.3,T,T,Win,1,2,,2,8100.0,810.0,0.3,T,T,Win,1,2,,2,8100.0,810.0,0.7,T,H,Lose,2,1,,2,9900.0,990.0,1.0,H,H,Win,3,0,,2,8100.0,810.0,0.3,T,T,Win,1,2,,2,9900.0,990.0,0.3,T,H,Lose,1,2,,2,9900.0,990.0,0.3,T,T,Win,1,2,,2,9900.0,990.0,0.0,T,T,Win,0,3,,2,8100.0,810.0,0.7,T,H,Lose,2,1,,2,8100.0,810.0,0.7,T,H,Lose,2,1,,2,12100.0,1210.0,0.7,H,T,Lose,2,1,,2,9900.0,990.0,0.3,T,H,Lose,1,2,,2,9900.0,990.0,1.0,H,H,Win,3,0,,2,12100.0,1210.0,1.0,H,H,Win,3,0,,2,9900.0,990.0,1.0,H,H,Win,3,0,,2,8100.0,810.0,0.7,T,H,Lose,2,1,,2,9900.0,990.0,0.3,T,H,Lose,1,2,,2,9900.0,990.0,0.0,T,T,Win,0,3,,2,9900.0,990.0,1.0,H,H,Win,3,0,,2,9900.0,990.0,0.7,T,H,Lose,2,1,,2,8100.0,810.0,0.3,T,T,Win,1,2,,2,9900.0,990.0,0.3,T,H,Lose,1,2,,2,9900.0,990.0,0.7,H,T,Lose,2,1,,2,8100.0,810.0,0.7,T,H,Lose,2,1,,2,8100.0,810.0,0.7,T,H,Lose,2,1,,2,8100.0,810.0,0.3,T,T,Win,1,2,,2,8100.0,810.0,0.3,T,T,Win,1,2,,2,12100.0,1210.0,0.7,H,T,Lose,2,1,,2,12100.0,1210.0,0.7,H,T,Lose,2,1,,2,12100.0,1210.0,0.7,H,T,Lose,2,1,,2,9900.0,990.0,0.3,T,H,Lose,1,2,,2,9900.0,990.0,0.3,T,H,Lose,1,2,,2,12100.0,1210.0,0.3,T,T,Win,1,2,,2,12100.0,1210.0,0.7,H,T,Lose,2,1,,2,9900.0,990.0,0.3,T,T,Win,1,2,,2,12100.0,1210.0,0.7,T,H,Lose,2,1,,2,12100.0,1210.0,0.3,T,T,Win,1,2,,2,8100.0,810.0,0.7,T,H,Lose,2,1,,2,9900.0,990.0,0.7,H,T,Lose,2,1,,2,12100.0,1210.0,0.7,H,T,Lose,2,1,,2,9900.0,990.0,0.0,T,T,Win,0,3,,2,9900.0,990.0,0.3,T,H,Lose,1,2,,2,9900.0,990.0,0.3,T,T,Win,1,2,,2,12100.0,1210.0,1.0,H,H,Win,3,0,,2,12100.0,1210.0,0.3,T,T,Win,1,2,,2,12100.0,1210.0,1.0,H,H,Win,3,0,,2,12100.0,1210.0,0.3,T,T,Win,1,2,,2,9900.0,990.0,0.3,T,T,Win,1,2,,2,8100.0,810.0,0.3,T,T,Win,1,2,,2,9900.0,990.0,0.3,T,H,Lose,1,2,,2,9900.0,990.0,0.3,T,H,Lose,1,2,,2,8100.0,810.0,0.3,T,T,Win,1,2,,2,12100.0,1210.0,0.7,H,T,Lose,2,1,,2,9900.0,990.0,0.3,T,H,Lose,1,2,,2,9900.0,990.0,1.0,H,H,Win,3,0,,2,9900.0,990.0,0.0,T,T,Win,0,3,,2,9900.0,990.0,0.7,H,T,Lose,2,1,,2,9900.0,990.0,0.0,T,T,Win,0,3,,2,12100.0,1210.0,0.3,T,T,Win,1,2,,2,12100.0,1210.0,0.7,H,T,Lose,2,1,,2,9900.0,990.0,0.0,T,T,Win,0,3,,2,9900.0,990.0,0.0,T,T,Win,0,3,,2,9900.0,990.0,0.0,T,T,Win,0,3,,2,9900.0,990.0,0.7,T,H,Lose,2,1,,2,12100.0,1210.0,1.0,H,H,Win,3,0,,2,8100.0,810.0,0.7,T,H,Lose,2,1,,2,12100.0,1210.0,0.7,T,H,Lose,2,1,,2,9900.0,990.0,0.3,T,H,Lose,1,2,,2,9900.0,990.0,1.0,H,H,Win,3,0,,2,12100.0,1210.0,0.3,T,T,Win,1,2,,2,9900.0,990.0,1.0,H,H,Win,3,0,,2,9900.0,990.0,1.0,H,H,Win,3,0,,2,8100.0,810.0,0.3,T,T,Win,1,2,,2,9900.0,990.0,0.3,T,H,Lose,1,2,,2,9900.0,990.0,0.3,T,H,Lose,1,2,,2,9900.0,990.0,0.3,T,H,Lose,1,2,,2,12100.0,1210.0,0.7,T,H,Lose,2,1,,2,8100.0,810.0,0.3,T,T,Win,1,2,,2,9900.0,990.0,0.3,T,H,Lose,1,2,,2,12100.0,1210.0,0.7,T,H,Lose,2,1,,2,9900.0,990.0,0.3,T,H,Lose,1,2,,2,8100.0,810.0,0.7,T,H,Lose,2,1,,2,12100.0,1210.0,1.0,H,H,Win,3,0,,2,8100.0,810.0,0.7,T,H,Lose,2,1,,2,12100.0,1210.0,0.7,T,H,Lose,2,1,,2,9900.0,990.0,0.3,T,H,Lose,1,2,,2,9900.0,990.0,0.0,T,T,Win,0,3,,2,9900.0,990.0,0.3,T,H,Lose,1,2,,2,9900.0,990.0,0.3,T,H,Lose,1,2,,2,9900.0,990.0,0.0,T,T,Win,0,3,,2,8100.0,810.0,0.7,T,H,Lose,2,1,,2,12100.0,1210.0,1.0,H,H,Win,3,0,,2,8100.0,810.0,0.7,T,H,Lose,2,1,,2,9900.0,990.0,0.3,T,T,Win,1,2,,2,8100.0,810.0,0.7,T,H,Lose,2,1,,2,9900.0,990.0,0.7,H,T,Lose,2,1,,2,12100.0,1210.0,1.0,H,H,Win,3,0,,2,9900.0,990.0,1.0,H,H,Win,3,0,,2,8100.0,810.0,0.3,T,T,Win,1,2,,2,9900.0,990.0,0.3,T,T,Win,1,2,,2,12100.0,1210.0,0.7,H,T,Lose,2,1,,2,8100.0,810.0,0.3,T,T,Win,1,2,,2,9900.0,990.0,0.0,T,T,Win,0,3,,2,8100.0,810.0,0.3,T,T,Win,1,2,,2,12100.0,1210.0,0.3,T,T,Win,1,2,,2,9900.0,990.0,0.3,T,T,Win,1,2,,2,8100.0,810.0,0.3,T,T,Win,1,2,,2,8100.0,810.0,0.7,T,H,Lose,2,1,,2,12100.0,1210.0,1.0,H,H,Win,3,0,,2,9900.0,990.0,0.0,T,T,Win,0,3,,2,9900.0,990.0,0.3,T,H,Lose,1,2,,2,12100.0,1210.0,1.0,H,H,Win,3,0,,2,12100.0,1210.0,1.0,H,H,Win,3,0,,2,9900.0,990.0,1.0,H,H,Win,3,0,,2,9900.0,990.0,0.7,T,H,Lose,2,1,,2,9900.0,990.0,0.7,T,H,Lose,2,1,,2,12100.0,1210.0,0.7,T,H,Lose,2,1,,2,8100.0,810.0,0.7,T,H,Lose,2,1,,2,9900.0,990.0,0.0,T,T,Win,0,3,,2,12100.0,1210.0,0.7,T,H,Lose,2,1,,2,9900.0,990.0,0.7,H,T,Lose,2,1,,2,9900.0,990.0,0.3,T,H,Lose,1,2,,2,9900.0,990.0,0.0,T,T,Win,0,3,,2,9900.0,990.0,0.7,H,T,Lose,2,1,,2,9900.0,990.0,0.3,T,T,Win,1,2,,2,9900.0,990.0,0.0,T,T,Win,0,3,,2,9900.0,990.0,0.3,T,H,Lose,1,2,,2,9900.0,990.0,1.0,H,H,Win,3,0,,2,8100.0,810.0,0.7,T,H,Lose,2,1,,2,8100.0,810.0,0.7,T,H,Lose,2,1,,2,8100.0,810.0,0.7,T,H,Lose,2,1,,2,9900.0,990.0,0.0,T,T,Win,0,3,,2,12100.0,1210.0,0.3,T,T,Win,1,2,,2,12100.0,1210.0,0.3,T,T,Win,1,2,,2,9900.0,990.0,0.0,T,T,Win,0,3,,2,8100.0,810.0,0.7,T,H,Lose,2,1,,2,12100.0,1210.0,0.3,T,T,Win,1,2,,2,9900.0,990.0,0.7,H,T,Lose,2,1,,2,8100.0,810.0,0.7,T,H,Lose,2,1,,2,9900.0,990.0,1.0,H,H,Win,3,0,,2,12100.0,1210.0,0.3,T,T,Win,1,2,,2,9900.0,990.0,0.0,T,T,Win,0,3,,2,12100.0,1210.0,0.7,T,H,Lose,2,1,,2,9900.0,990.0,0.0,T,T,Win,0,3,,2,8100.0,810.0,0.7,T,H,Lose,2,1,,2,9900.0,990.0,0.7,T,H,Lose,2,1,,2,8100.0,810.0,0.3,T,T,Win,1,2,,2,9900.0,990.0,0.0,T,T,Win,0,3,,2,9900.0,990.0,0.3,T,T,Win,1,2,,2,9900.0,990.0,0.0,T,T,Win,0,3,,2,9900.0,990.0,0.3,T,H,Lose,1,2,,2,9900.0,990.0,0.0,T,T,Win,0,3,,2,9900.0,990.0,1.0,H,H,Win,3,0,,2,8100.0,810.0,0.7,T,H,Lose,2,1,,2,9900.0,990.0,0.7,T,H,Lose,2,1,,2,9900.0,990.0,0.3,T,H,Lose,1,2,,2,12100.0,1210.0,0.7,T,H,Lose,2,1,,2,9900.0,990.0,1.0,H,H,Win,3,0,,2,12100.0,1210.0,0.7,H,T,Lose,2,1,,2,9900.0,990.0,1.0,H,H,Win,3,0,,2,9900.0,990.0,0.0,T,T,Win,0,3,,2,8100.0,810.0,0.3,T,T,Win,1,2,,2,9900.0,990.0,0.0,T,T,Win,0,3,,2,9900.0,990.0,0.0,T,T,Win,0,3,,2,9900.0,990.0,0.7,T,H,Lose,2,1,,2,9900.0,990.0,0.3,T,T,Win,1,2,,2,9900.0,990.0,1.0,H,H,Win,3,0,,2,8100.0,810.0,0.3,T,T,Win,1,2,,2,8100.0,810.0,0.7,T,H,Lose,2,1,,2,12100.0,1210.0,0.7,T,H,Lose,2,1,,2,9900.0,990.0,1.0,H,H,Win,3,0,,2,12100.0,1210.0,1.0,H,H,Win,3,0,,2,8100.0,810.0,0.7,T,H,Lose,2,1,,2,8100.0,810.0,0.3,T,T,Win,1,2,,2,9900.0,990.0,1.0,H,H,Win,3,0,,2,12100.0,1210.0,1.0,H,H,Win,3,0,,2,12100.0,1210.0,0.3,T,T,Win,1,2,,2,12100.0,1210.0,1.0,H,H,Win,3,0,,2,9900.0,990.0,0.0,T,T,Win,0,3,,2,12100.0,1210.0,0.3,T,T,Win,1,2,,2,8100.0,810.0,0.3,T,T,Win,1,2,,2,9900.0,990.0,0.3,T,H,Lose,1,2,,2,9900.0,990.0,0.3,T,T,Win,1,2,,2,9900.0,990.0,0.7,H,T,Lose,2,1,,2,12100.0,1210.0,0.7,T,H,Lose,2,1,,2,9900.0,990.0,1.0,H,H,Win,3,0,,2,9900.0,990.0,0.3,T,T,Win,1,2,,2,9900.0,990.0,0.3,T,H,Lose,1,2,,2,12100.0,1210.0,1.0,H,H,Win,3,0,,2,9900.0,990.0,1.0,H,H,Win,3,0,,2,9900.0,990.0,1.0,H,H,Win,3,0,,2,9900.0,990.0,0.7,H,T,Lose,2,1,,2,12100.0,1210.0,0.7,H,T,Lose,2,1,,2,9900.0,990.0,0.3,T,H,Lose,1,2,,2,8100.0,810.0,0.3,T,T,Win,1,2,,2,9900.0,990.0,0.3,T,H,Lose,1,2,,2,12100.0,1210.0,1.0,H,H,Win,3,0,,2,12100.0,1210.0,1.0,H,H,Win,3,0,,2,9900.0,990.0,0.0,T,T,Win,0,3,,2,12100.0,1210.0,0.3,T,T,Win,1,2,,2,9900.0,990.0,0.0,T,T,Win,0,3,,2,9900.0,990.0,0.0,T,T,Win,0,3,,2,9900.0,990.0,0.3,T,H,Lose,1,2,,2,12100.0,1210.0,0.3,T,T,Win,1,2,,2,9900.0,990.0,0.3,T,H,Lose,1,2,,2,8100.0,810.0,0.7,T,H,Lose,2,1,,2,8100.0,810.0,0.3,T,T,Win,1,2,,2,12100.0,1210.0,0.7,T,H,Lose,2,1,,2,12100.0,1210.0,1.0,H,H,Win,3,0,,2,8100.0,810.0,0.7,T,H,Lose,2,1,,2,9900.0,990.0,0.0,T,T,Win,0,3,,2,9900.0,990.0,0.3,T,H,Lose,1,2,,2,9900.0,990.0,1.0,H,H,Win,3,0,,2,9900.0,990.0,0.3,T,H,Lose,1,2,,2,8100.0,810.0,0.7,T,H,Lose,2,1,,2,9900.0,990.0,1.0,H,H,Win,3,0,,2,9900.0,990.0,1.0,H,H,Win,3,0,,2,8100.0,810.0,0.3,T,T,Win,1,2,,2,12100.0,1210.0,0.3,T,T,Win,1,2,,2,9900.0,990.0,0.3,T,T,Win,1,2,,2,8100.0,810.0,0.3,T,T,Win,1,2,,2,12100.0,1210.0,0.7,T,H,Lose,2,1,,2,9900.0,990.0,0.7,T,H,Lose,2,1,,2,12100.0,1210.0,0.3,T,T,Win,1,2,,2,9900.0,990.0,0.0,T,T,Win,0,3,,2,9900.0,990.0,1.0,H,H,Win,3,0,,2,8100.0,810.0,0.3,T,T,Win,1,2,,2,12100.0,1210.0,0.7,T,H,Lose,2,1,,2,9900.0,990.0,0.7,T,H,Lose,2,1,,2,9900.0,990.0,0.0,T,T,Win,0,3,,2,9900.0,990.0,0.0,T,T,Win,0,3,,2,8100.0,810.0,0.7,T,H,Lose,2,1,,2,12100.0,1210.0,0.7,H,T,Lose,2,1,,2,9900.0,990.0,0.3,T,T,Win,1,2,,2,9900.0,990.0,0.3,T,T,Win,1,2,,2,9900.0,990.0,0.0,T,T,Win,0,3,,2,12100.0,1210.0,0.7,T,H,Lose,2,1,,2,9900.0,990.0,1.0,H,H,Win,3,0,,2,9900.0,990.0,0.7,T,H,Lose,2,1,,2,8100.0,810.0,0.3,T,T,Win,1,2,,2,9900.0,990.0,0.7,T,H,Lose,2,1,,2,9900.0,990.0,1.0,H,H,Win,3,0,,2,12100.0,1210.0,0.7,H,T,Lose,2,1,,2,8100.0,810.0,0.7,T,H,Lose,2,1,,2,9900.0,990.0,0.0,T,T,Win,0,3,,2,9900.0,990.0,0.7,H,T,Lose,2,1,,2,12100.0,1210.0,0.7,H,T,Lose,2,1,,2,12100.0,1210.0,0.7,H,T,Lose,2,1,,2,12100.0,1210.0,0.3,T,T,Win,1,2,,2,9900.0,990.0,0.3,T,T,Win,1,2,,2,8100.0,810.0,0.3,T,T,Win,1,2,,2,8100.0,810.0,0.3,T,T,Win,1,2,,2,9900.0,990.0,0.3,T,H,Lose,1,2,,2,9900.0,990.0,0.3,T,H,Lose,1,2,,2,9900.0,990.0,0.3,T,H,Lose,1,2,,2,9900.0,990.0,0.3,T,H,Lose,1,2,,2,9900.0,990.0,0.0,T,T,Win,0,3,,2,8100.0,810.0,0.3,T,T,Win,1,2,,2,9900.0,990.0,0.0,T,T,Win,0,3,,2,9900.0,990.0,0.3,T,T,Win,1,2,,2,9900.0,990.0,0.7,H,T,Lose,2,1,,2,9900.0,990.0,1.0,H,H,Win,3,0,,2,9900.0,990.0,1.0,H,H,Win,3,0,,2,9900.0,990.0,0.7,T,H,Lose,2,1,,2,12100.0,1210.0,1.0,H,H,Win,3,0,,2,12100.0,1210.0,0.7,T,H,Lose,2,1,,2,9900.0,990.0,0.0,T,T,Win,0,3,,2,12100.0,1210.0,0.3,T,T,Win,1,2,,2,8100.0,810.0,0.3,T,T,Win,1,2,,2,9900.0,990.0,0.7,T,H,Lose,2,1,,2,9900.0,990.0,0.7,T,H,Lose,2,1,,2,8100.0,810.0,0.3,T,T,Win,1,2,,2,12100.0,1210.0,0.3,T,T,Win,1,2,,2,8100.0,810.0,0.7,T,H,Lose,2,1,,2,12100.0,1210.0,0.3,T,T,Win,1,2,,2,9900.0,990.0,0.3,T,H,Lose,1,2,,2,12100.0,1210.0,0.7,T,H,Lose,2,1,,2,8100.0,810.0,0.7,T,H,Lose,2,1,,2,8100.0,810.0,0.3,T,T,Win,1,2,,2,12100.0,1210.0,0.7,T,H,Lose,2,1,,2,12100.0,1210.0,1.0,H,H,Win,3,0,,2,9900.0,990.0,1.0,H,H,Win,3,0,,2,12100.0,1210.0,0.7,T,H,Lose,2,1,,2,12100.0,1210.0,1.0,H,H,Win,3,0,,2,9900.0,990.0,0.3,T,H,Lose,1,2,,2,12100.0,1210.0,0.7,T,H,Lose,2,1,,2,9900.0,990.0,1.0,H,H,Win,3,0,,2,8100.0,810.0,0.3,T,T,Win,1,2,,2,8100.0,810.0,0.3,T,T,Win,1,2,,2,9900.0,990.0,0.3,T,H,Lose,1,2,,2,8100.0,810.0,0.3,T,T,Win,1,2,,2,8100.0,810.0,0.3,T,T,Win,1,2,,2,9900.0,990.0,0.3,T,T,Win,1,2,,2,12100.0,1210.0,0.7,H,T,Lose,2,1,,2,12100.0,1210.0,0.3,T,T,Win,1,2,,2,8100.0,810.0,0.7,T,H,Lose,2,1,,2,8100.0,810.0,0.7,T,H,Lose,2,1,,2,9900.0,990.0,0.3,T,H,Lose,1,2,,2,9900.0,990.0,0.3,T,H,Lose,1,2,,2,9900.0,990.0,0.7,H,T,Lose,2,1,,2,8100.0,810.0,0.3,T,T,Win,1,2,,2,8100.0,810.0,0.7,T,H,Lose,2,1,,2,8100.0,810.0,0.3,T,T,Win,1,2,,2,9900.0,990.0,0.0,T,T,Win,0,3,,2,12100.0,1210.0,0.7,T,H,Lose,2,1,,2,9900.0,990.0,0.7,T,H,Lose,2,1,,2,12100.0,1210.0,0.3,T,T,Win,1,2,,2,12100.0,1210.0,0.7,T,H,Lose,2,1,,2,9900.0,990.0,1.0,H,H,Win,3,0,,2,9900.0,990.0,0.0,T,T,Win,0,3,,2,12100.0,1210.0,1.0,H,H,Win,3,0,,2,8100.0,810.0,0.3,T,T,Win,1,2,,2,9900.0,990.0,0.7,H,T,Lose,2,1,,2,9900.0,990.0,0.0,T,T,Win,0,3,,2,9900.0,990.0,0.0,T,T,Win,0,3,,2,9900.0,990.0,0.0,T,T,Win,0,3,,2,9900.0,990.0,0.3,T,H,Lose,1,2,,2,8100.0,810.0,0.3,T,T,Win,1,2,,2,9900.0,990.0,0.3,T,H,Lose,1,2,,2,9900.0,990.0,0.7,T,H,Lose,2,1,,2,9900.0,990.0,0.0,T,T,Win,0,3,,2,8100.0,810.0,0.7,T,H,Lose,2,1,,2,9900.0,990.0,0.3,T,H,Lose,1,2,,2,12100.0,1210.0,1.0,H,H,Win,3,0,,2,8100.0,810.0,0.3,T,T,Win,1,2,,2,9900.0,990.0,0.0,T,T,Win,0,3,,2,9900.0,990.0,1.0,H,H,Win,3,0,,2,9900.0,990.0,0.0,T,T,Win,0,3,,2,9900.0,990.0,0.7,H,T,Lose,2,1,,2,8100.0,810.0,0.3,T,T,Win,1,2,,2,9900.0,990.0,0.0,T,T,Win,0,3,,2,9900.0,990.0,0.3,T,T,Win,1,2,,2,12100.0,1210.0,0.7,H,T,Lose,2,1,,2,9900.0,990.0,0.0,T,T,Win,0,3,,2,12100.0,1210.0,0.3,T,T,Win,1,2,,2,12100.0,1210.0,0.7,T,H,Lose,2,1,,2,9900.0,990.0,0.3,T,H,Lose,1,2,,2,9900.0,990.0,1.0,H,H,Win,3,0,,2,9900.0,990.0,1.0,H,H,Win,3,0,,2,12100.0,1210.0,1.0,H,H,Win,3,0,,2,9900.0,990.0,0.3,T,H,Lose,1,2,,2,9900.0,990.0,0.7,T,H,Lose,2,1,,2,9900.0,990.0,0.7,H,T,Lose,2,1,,2,9900.0,990.0,0.0,T,T,Win,0,3,,2,12100.0,1210.0,0.7,T,H,Lose,2,1,,2,8100.0,810.0,0.3,T,T,Win,1,2,,2,9900.0,990.0,0.0,T,T,Win,0,3,,2,9900.0,990.0,0.0,T,T,Win,0,3,,2,9900.0,990.0,1.0,H,H,Win,3,0,,2,12100.0,1210.0,1.0,H,H,Win,3,0,,2,9900.0,990.0,0.3,T,H,Lose,1,2,,2,12100.0,1210.0,0.3,T,T,Win,1,2,,2,12100.0,1210.0,0.7,T,H,Lose,2,1,,2,9900.0,990.0,0.7,H,T,Lose,2,1,,2,8100.0,810.0,0.7,T,H,Lose,2,1,,2,12100.0,1210.0,0.7,T,H,Lose,2,1,,2,9900.0,990.0,0.0,T,T,Win,0,3,,2,9900.0,990.0,1.0,H,H,Win,3,0,,2,12100.0,1210.0,0.7,H,T,Lose,2,1,,2,8100.0,810.0,0.7,T,H,Lose,2,1,,2,9900.0,990.0,0.3,T,H,Lose,1,2,,2,8100.0,810.0,0.3,T,T,Win,1,2,,2,9900.0,990.0,0.3,T,T,Win,1,2,,2,9900.0,990.0,0.7,T,H,Lose,2,1,,2,9900.0,990.0,0.3,T,T,Win,1,2,,2,9900.0,990.0,1.0,H,H,Win,3,0,,2,12100.0,1210.0,0.3,T,T,Win,1,2,,2,8100.0,810.0,0.7,T,H,Lose,2,1,,2,9900.0,990.0,0.3,T,H,Lose,1,2,,2,12100.0,1210.0,1.0,H,H,Win,3,0,,2,8100.0,810.0,0.7,T,H,Lose,2,1,,2,12100.0,1210.0,0.7,T,H,Lose,2,1,,2,9900.0,990.0,0.7,T,H,Lose,2,1,,2,9900.0,990.0,0.3,T,H,Lose,1,2,,2,12100.0,1210.0,0.7,H,T,Lose,2,1,,2,9900.0,990.0,0.3,T,H,Lose,1,2,,2,9900.0,990.0,0.7,H,T,Lose,2,1,,2,12100.0,1210.0,1.0,H,H,Win,3,0,,2,9900.0,990.0,0.7,T,H,Lose,2,1,,2,12100.0,1210.0,0.7,H,T,Lose,2,1,,2,12100.0,1210.0,0.7,H,T,Lose,2,1,,2,9900.0,990.0,1.0,H,H,Win,3,0,,2,9900.0,990.0,0.0,T,T,Win,0,3,,2,12100.0,1210.0,0.7,T,H,Lose,2,1,,2,9900.0,990.0,0.0,T,T,Win,0,3,,2,9900.0,990.0,0.0,T,T,Win,0,3,,2,8100.0,810.0,0.7,T,H,Lose,2,1,,2,9900.0,990.0,0.0,T,T,Win,0,3,,2,9900.0,990.0,0.3,T,H,Lose,1,2,,2,12100.0,1210.0,0.7,H,T,Lose,2,1,,2,12100.0,1210.0,0.3,T,T,Win,1,2,,2,9900.0,990.0,1.0,H,H,Win,3,0,,2,12100.0,1210.0,0.7,H,T,Lose,2,1,,2,12100.0,1210.0,0.3,T,T,Win,1,2,,2,9900.0,990.0,0.3,T,T,Win,1,2,,2,8100.0,810.0,0.3,T,T,Win,1,2,,2,8100.0,810.0,0.7,T,H,Lose,2,1,,2,12100.0,1210.0,0.7,H,T,Lose,2,1,,2,9900.0,990.0,0.0,T,T,Win,0,3,,2,9900.0,990.0,0.0,T,T,Win,0,3,,2,9900.0,990.0,1.0,H,H,Win,3,0,,2,8100.0,810.0,0.3,T,T,Win,1,2,,2,9900.0,990.0,0.3,T,H,Lose,1,2,,2,9900.0,990.0,0.3,T,H,Lose,1,2,,2,12100.0,1210.0,0.7,H,T,Lose,2,1,,2,9900.0,990.0,1.0,H,H,Win,3,0,,2,12100.0,1210.0,0.7,T,H,Lose,2,1,,2,9900.0,990.0,0.3,T,H,Lose,1,2,,2,9900.0,990.0,0.3,T,H,Lose,1,2,,2,12100.0,1210.0,0.7,T,H,Lose,2,1,,2,9900.0,990.0,0.0,T,T,Win,0,3,,2,12100.0,1210.0,0.7,H,T,Lose,2,1,,2,9900.0,990.0,0.3,T,T,Win,1,2,,2,12100.0,1210.0,0.3,T,T,Win,1,2,,2,12100.0,1210.0,1.0,H,H,Win,3,0,,2,12100.0,1210.0,0.3,T,T,Win,1,2,,2,8100.0,810.0,0.3,T,T,Win,1,2,,2,8100.0,810.0,0.3,T,T,Win,1,2,,2,9900.0,990.0,0.7,H,T,Lose,2,1,,2,12100.0,1210.0,0.3,T,T,Win,1,2,,2,9900.0,990.0,0.0,T,T,Win,0,3,,2,12100.0,1210.0,0.7,H,T,Lose,2,1,,2,9900.0,990.0,0.3,T,H,Lose,1,2,,2,8100.0,810.0,0.3,T,T,Win,1,2,,2,8100.0,810.0,0.7,T,H,Lose,2,1,,2,8100.0,810.0,0.3,T,T,Win,1,2,,2,9900.0,990.0,1.0,H,H,Win,3,0,,2,12100.0,1210.0,0.3,T,T,Win,1,2,,2,9900.0,990.0,0.3,T,H,Lose,1,2,,2,8100.0,810.0,0.3,T,T,Win,1,2,,2,9900.0,990.0,0.3,T,T,Win,1,2,,2,9900.0,990.0,0.3,T,T,Win,1,2,,2,8100.0,810.0,0.3,T,T,Win,1,2,,2,12100.0,1210.0,1.0,H,H,Win,3,0,,2,12100.0,1210.0,0.7,H,T,Lose,2,1,,2,9900.0,990.0,0.0,T,T,Win,0,3,,2,9900.0,990.0,1.0,H,H,Win,3,0,,2,9900.0,990.0,0.7,H,T,Lose,2,1,,2,8100.0,810.0,0.7,T,H,Lose,2,1,,2,8100.0,810.0,0.3,T,T,Win,1,2,,2,9900.0,990.0,0.7,H,T,Lose,2,1,,2,8100.0,810.0,0.7,T,H,Lose,2,1,,2,9900.0,990.0,0.0,T,T,Win,0,3,,2,9900.0,990.0,0.3,T,H,Lose,1,2,,2,8100.0,810.0,0.3,T,T,Win,1,2,,2,12100.0,1210.0,1.0,H,H,Win,3,0,,2,12100.0,1210.0,1.0,H,H,Win,3,0,,2,12100.0,1210.0,0.7,T,H,Lose,2,1,,2,12100.0,1210.0,0.7,H,T,Lose,2,1,,2,9900.0,990.0,0.7,T,H,Lose,2,1,,2,8100.0,810.0,0.3,T,T,Win,1,2,,2,9900.0,990.0,0.3,T,T,Win,1,2,,2,9900.0,990.0,0.7,H,T,Lose,2,1,,2,8100.0,810.0,0.3,T,T,Win,1,2,,2,9900.0,990.0,0.3,T,T,Win,1,2,,2,12100.0,1210.0,0.3,T,T,Win,1,2,,2,9900.0,990.0,1.0,H,H,Win,3,0,,2,9900.0,990.0,0.3,T,H,Lose,1,2,,2,9900.0,990.0,0.3,T,H,Lose,1,2,,2,9900.0,990.0,1.0,H,H,Win,3,0,,2,9900.0,990.0,0.3,T,H,Lose,1,2,,2,8100.0,810.0,0.7,T,H,Lose,2,1,,2,9900.0,990.0,0.3,T,T,Win,1,2,,2,9900.0,990.0,0.7,H,T,Lose,2,1,,2,9900.0,990.0,0.3,T,H,Lose,1,2,,2,9900.0,990.0,0.7,H,T,Lose,2,1,,2,12100.0,1210.0,0.7,T,H,Lose,2,1,,2,12100.0,1210.0,0.7,H,T,Lose,2,1,,2,9900.0,990.0,0.7,T,H,Lose,2,1,,2,9900.0,990.0,0.0,T,T,Win,0,3,,2,8100.0,810.0,0.3,T,T,Win,1,2,,2,8100.0,810.0,0.3,T,T,Win,1,2,,2,12100.0,1210.0,0.7,T,H,Lose,2,1,,2,12100.0,1210.0,0.7,T,H,Lose,2,1,,2,9900.0,990.0,0.3,T,H,Lose,1,2,,2,9900.0,990.0,0.7,T,H,Lose,2,1,,2,8100.0,810.0,0.7,T,H,Lose,2,1,,2,12100.0,1210.0,0.7,H,T,Lose,2,1,,2,12100.0,1210.0,0.7,H,T,Lose,2,1,,2,12100.0,1210.0,0.7,H,T,Lose,2,1,,2,12100.0,1210.0,0.3,T,T,Win,1,2,,2,9900.0,990.0,0.0,T,T,Win,0,3,,2,9900.0,990.0,0.3,T,H,Lose,1,2,,2,8100.0,810.0,0.7,T,H,Lose,2,1,,2,9900.0,990.0,0.3,T,T,Win,1,2,,2,8100.0,810.0,0.3,T,T,Win,1,2,,2,12100.0,1210.0,0.7,H,T,Lose,2,1,,2,9900.0,990.0,0.0,T,T,Win,0,3,,2,8100.0,810.0,0.3,T,T,Win,1,2,,2,8100.0,810.0,0.3,T,T,Win,1,2,,2,12100.0,1210.0,0.3,T,T,Win,1,2,,2,12100.0,1210.0,0.7,T,H,Lose,2,1,,2,12100.0,1210.0,0.7,T,H,Lose,2,1,,2,8100.0,810.0,0.7,T,H,Lose,2,1,,2,8100.0,810.0,0.7,T,H,Lose,2,1,,2,8100.0,810.0,0.7,T,H,Lose,2,1,,2,9900.0,990.0,0.3,T,H,Lose,1,2,,2,9900.0,990.0,0.0,T,T,Win,0,3,,2,12100.0,1210.0,0.7,H,T,Lose,2,1,,2,9900.0,990.0,1.0,H,H,Win,3,0,,2,9900.0,990.0,0.7,T,H,Lose,2,1,,2,12100.0,1210.0,0.7,H,T,Lose,2,1,,2,9900.0,990.0,0.7,H,T,Lose,2,1,,2,12100.0,1210.0,0.7,T,H,Lose,2,1,,2,9900.0,990.0,0.3,T,H,Lose,1,2,,2,12100.0,1210.0,0.3,T,T,Win,1,2,,2,12100.0,1210.0,1.0,H,H,Win,3,0,,2,12100.0,1210.0,1.0,H,H,Win,3,0,,2,12100.0,1210.0,0.7,H,T,Lose,2,1,,2,8100.0,810.0,0.3,T,T,Win,1,2,,2,9900.0,990.0,0.3,T,H,Lose,1,2,,2,8100.0,810.0,0.3,T,T,Win,1,2,,2,9900.0,990.0,0.7,H,T,Lose,2,1,,2,9900.0,990.0,0.3,T,T,Win,1,2,,2,9900.0,990.0,0.0,T,T,Win,0,3,,2,9900.0,990.0,0.0,T,T,Win,0,3,,2,8100.0,810.0,0.3,T,T,Win,1,2,
3,13310.0,1331.0,1.0,H,H,Win,4,0,,3,10890.0,1089.0,0.2,T,T,Win,1,3,,3,8910.0,891.0,0.5,H,T,Lose,2,2,,3,8910.0,891.0,0.2,T,T,Win,1,3,,3,8910.0,891.0,0.5,H,T,Lose,2,2,,3,13310.0,1331.0,1.0,H,H,Win,4,0,,3,10890.0,1089.0,0.8,H,H,Win,3,1,,3,10890.0,1089.0,0.0,T,T,Win,0,4,,3,10890.0,1089.0,0.0,T,T,Win,0,4,,3,7290.0,729.0,0.8,T,H,Lose,3,1,,3,10890.0,1089.0,0.8,T,H,Lose,3,1,,3,8910.0,891.0,0.2,T,T,Win,1,3,,3,13310.0,1331.0,1.0,H,H,Win,4,0,,3,13310.0,1331.0,0.2,T,T,Win,1,3,,3,8910.0,891.0,0.5,T,T,Win,2,2,,3,8910.0,891.0,0.5,T,H,Lose,2,2,,3,10890.0,1089.0,0.2,T,H,Lose,1,3,,3,7290.0,729.0,0.8,H,H,Win,3,1,,3,13310.0,1331.0,0.5,T,H,Lose,2,2,,3,10890.0,1089.0,0.5,T,T,Win,2,2,,3,8910.0,891.0,0.5,T,H,Lose,2,2,,3,8910.0,891.0,0.8,T,H,Lose,3,1,,3,10890.0,1089.0,0.8,H,T,Lose,3,1,,3,10890.0,1089.0,1.0,H,H,Win,4,0,,3,8910.0,891.0,0.8,T,H,Lose,3,1,,3,8910.0,891.0,0.2,T,T,Win,1,3,,3,13310.0,1331.0,1.0,H,H,Win,4,0,,3,8910.0,891.0,0.2,T,T,Win,1,3,,3,8910.0,891.0,0.2,T,T,Win,1,3,,3,8910.0,891.0,0.5,T,H,Lose,2,2,,3,10890.0,1089.0,0.5,T,H,Lose,2,2,,3,7290.0,729.0,0.5,H,T,Lose,2,2,,3,8910.0,891.0,0.8,H,H,Win,3,1,,3,10890.0,1089.0,0.2,T,T,Win,1,3,,3,7290.0,729.0,0.5,T,T,Win,2,2,,3,8910.0,891.0,0.5,T,T,Win,2,2,,3,8910.0,891.0,0.2,T,T,Win,1,3,,3,8910.0,891.0,0.5,T,H,Lose,2,2,,3,13310.0,1331.0,1.0,H,H,Win,4,0,,3,8910.0,891.0,0.5,T,T,Win,2,2,,3,13310.0,1331.0,0.2,T,T,Win,1,3,,3,10890.0,1089.0,0.2,T,T,Win,1,3,,3,8910.0,891.0,0.8,H,H,Win,3,1,,3,10890.0,1089.0,0.2,T,H,Lose,1,3,,3,8910.0,891.0,0.5,T,T,Win,2,2,,3,7290.0,729.0,0.8,H,H,Win,3,1,,3,10890.0,1089.0,0.8,T,H,Lose,3,1,,3,7290.0,729.0,0.8,T,H,Lose,3,1,,3,13310.0,1331.0,1.0,H,H,Win,4,0,,3,8910.0,891.0,0.2,T,T,Win,1,3,,3,8910.0,891.0,0.5,T,H,Lose,2,2,,3,8910.0,891.0,0.2,T,T,Win,1,3,,3,8910.0,891.0,0.5,T,H,Lose,2,2,,3,13310.0,1331.0,0.2,T,T,Win,1,3,,3,8910.0,891.0,0.2,T,T,Win,1,3,,3,8910.0,891.0,0.2,T,T,Win,1,3,,3,10890.0,1089.0,0.2,T,T,Win,1,3,,3,8910.0,891.0,0.2,T,T,Win,1,3,,3,8910.0,891.0,0.5,H,T,Lose,2,2,,3,7290.0,729.0,0.5,T,T,Win,2,2,,3,10890.0,1089.0,0.2,T,T,Win,1,3,,3,8910.0,891.0,0.8,H,H,Win,3,1,,3,10890.0,1089.0,1.0,H,H,Win,4,0,,3,10890.0,1089.0,0.0,T,T,Win,0,4,,3,10890.0,1089.0,0.8,H,T,Lose,3,1,,3,10890.0,1089.0,0.2,T,T,Win,1,3,,3,7290.0,729.0,0.5,H,T,Lose,2,2,,3,8910.0,891.0,0.8,T,H,Lose,3,1,,3,8910.0,891.0,0.8,T,H,Lose,3,1,,3,8910.0,891.0,0.5,T,H,Lose,2,2,,3,10890.0,1089.0,1.0,H,H,Win,4,0,,3,13310.0,1331.0,0.2,T,T,Win,1,3,,3,10890.0,1089.0,0.5,H,T,Lose,2,2,,3,8910.0,891.0,0.2,T,T,Win,1,3,,3,8910.0,891.0,0.2,T,T,Win,1,3,,3,8910.0,891.0,0.5,H,T,Lose,2,2,,3,7290.0,729.0,0.5,T,T,Win,2,2,,3,8910.0,891.0,0.2,T,T,Win,1,3,,3,13310.0,1331.0,0.8,H,T,Lose,3,1,,3,8910.0,891.0,0.5,T,T,Win,2,2,,3,8910.0,891.0,0.5,T,H,Lose,2,2,,3,8910.0,891.0,0.5,T,H,Lose,2,2,,3,10890.0,1089.0,0.2,T,H,Lose,1,3,,3,10890.0,1089.0,1.0,H,H,Win,4,0,,3,10890.0,1089.0,0.0,T,T,Win,0,4,,3,7290.0,729.0,0.5,T,T,Win,2,2,,3,10890.0,1089.0,0.5,T,T,Win,2,2,,3,10890.0,1089.0,0.5,T,T,Win,2,2,,3,7290.0,729.0,0.8,H,H,Win,3,1,,3,10890.0,1089.0,0.0,T,T,Win,0,4,,3,10890.0,1089.0,0.2,T,H,Lose,1,3,,3,7290.0,729.0,0.5,H,T,Lose,2,2,,3,8910.0,891.0,0.2,T,T,Win,1,3,,3,8910.0,891.0,0.2,T,T,Win,1,3,,3,10890.0,1089.0,0.8,T,H,Lose,3,1,,3,10890.0,1089.0,0.0,T,T,Win,0,4,,3,10890.0,1089.0,0.5,T,T,Win,2,2,,3,7290.0,729.0,0.5,H,T,Lose,2,2,,3,10890.0,1089.0,0.2,T,H,Lose,1,3,,3,8910.0,891.0,0.2,T,T,Win,1,3,,3,8910.0,891.0,0.5,H,T,Lose,2,2,,3,13310.0,1331.0,1.0,H,H,Win,4,0,,3,8910.0,891.0,0.5,T,H,Lose,2,2,,3,10890.0,1089.0,0.2,T,H,Lose,1,3,,3,13310.0,1331.0,0.8,H,T,Lose,3,1,,3,13310.0,1331.0,0.5,T,H,Lose,2,2,,3,13310.0,1331.0,0.5,T,H,Lose,2,2,,3,10890.0,1089.0,0.8,T,H,Lose,3,1,,3,7290.0,729.0,0.8,T,H,Lose,3,1,,3,8910.0,891.0,0.8,H,H,Win,3,1,,3,8910.0,891.0,0.2,T,T,Win,1,3,,3,8910.0,891.0,0.5,T,H,Lose,2,2,,3,10890.0,1089.0,0.8,H,H,Win,3,1,,3,8910.0,891.0,0.5,T,H,Lose,2,2,,3,10890.0,1089.0,0.2,T,T,Win,1,3,,3,8910.0,891.0,0.2,T,T,Win,1,3,,3,7290.0,729.0,0.5,H,T,Lose,2,2,,3,8910.0,891.0,0.5,H,T,Lose,2,2,,3,7290.0,729.0,0.8,T,H,Lose,3,1,,3,10890.0,1089.0,0.8,H,H,Win,3,1,,3,8910.0,891.0,0.5,H,T,Lose,2,2,,3,10890.0,1089.0,0.0,T,T,Win,0,4,,3,10890.0,1089.0,0.2,T,H,Lose,1,3,,3,8910.0,891.0,0.2,T,T,Win,1,3,,3,8910.0,891.0,0.2,T,T,Win,1,3,,3,10890.0,1089.0,0.8,H,T,Lose,3,1,,3,7290.0,729.0,0.5,H,T,Lose,2,2,,3,10890.0,1089.0,0.8,H,T,Lose,3,1,,3,10890.0,1089.0,0.5,H,T,Lose,2,2,,3,7290.0,729.0,0.5,T,T,Win,2,2,,3,8910.0,891.0,0.5,T,H,Lose,2,2,,3,10890.0,1089.0,0.8,H,T,Lose,3,1,,3,10890.0,1089.0,0.5,T,H,Lose,2,2,,3,13310.0,1331.0,1.0,H,H,Win,4,0,,3,8910.0,891.0,0.8,T,H,Lose,3,1,,3,10890.0,1089.0,0.0,T,T,Win,0,4,,3,8910.0,891.0,0.8,T,H,Lose,3,1,,3,7290.0,729.0,0.5,H,T,Lose,2,2,,3,8910.0,891.0,0.5,H,T,Lose,2,2,,3,10890.0,1089.0,0.8,H,H,Win,3,1,,3,10890.0,1089.0,0.2,T,T,Win,1,3,,3,10890.0,1089.0,1.0,H,H,Win,4,0,,3,8910.0,891.0,0.5,T,H,Lose,2,2,,3,8910.0,891.0,0.5,T,H,Lose,2,2,,3,8910.0,891.0,0.8,T,H,Lose,3,1,,3,10890.0,1089.0,0.8,H,H,Win,3,1,,3,7290.0,729.0,0.8,H,H,Win,3,1,,3,13310.0,1331.0,0.5,T,H,Lose,2,2,,3,7290.0,729.0,0.8,H,H,Win,3,1,,3,8910.0,891.0,0.8,H,H,Win,3,1,,3,10890.0,1089.0,0.8,H,H,Win,3,1,,3,10890.0,1089.0,0.5,H,T,Lose,2,2,,3,10890.0,1089.0,0.8,H,T,Lose,3,1,,3,13310.0,1331.0,0.2,T,T,Win,1,3,,3,8910.0,891.0,0.2,T,T,Win,1,3,,3,7290.0,729.0,0.8,H,H,Win,3,1,,3,8910.0,891.0,0.8,T,H,Lose,3,1,,3,7290.0,729.0,0.8,T,H,Lose,3,1,,3,10890.0,1089.0,0.5,H,T,Lose,2,2,,3,10890.0,1089.0,1.0,H,H,Win,4,0,,3,10890.0,1089.0,0.5,T,H,Lose,2,2,,3,7290.0,729.0,0.5,H,T,Lose,2,2,,3,10890.0,1089.0,0.5,H,T,Lose,2,2,,3,8910.0,891.0,0.5,T,H,Lose,2,2,,3,8910.0,891.0,0.5,T,H,Lose,2,2,,3,8910.0,891.0,0.5,H,T,Lose,2,2,,3,10890.0,1089.0,1.0,H,H,Win,4,0,,3,8910.0,891.0,0.8,H,H,Win,3,1,,3,10890.0,1089.0,0.8,H,T,Lose,3,1,,3,8910.0,891.0,0.5,T,T,Win,2,2,,3,8910.0,891.0,0.5,T,H,Lose,2,2,,3,10890.0,1089.0,1.0,H,H,Win,4,0,,3,10890.0,1089.0,0.5,H,T,Lose,2,2,,3,10890.0,1089.0,0.2,T,H,Lose,1,3,,3,13310.0,1331.0,1.0,H,H,Win,4,0,,3,8910.0,891.0,0.5,T,H,Lose,2,2,,3,10890.0,1089.0,0.0,T,T,Win,0,4,,3,7290.0,729.0,0.8,H,H,Win,3,1,,3,10890.0,1089.0,0.0,T,T,Win,0,4,,3,10890.0,1089.0,0.0,T,T,Win,0,4,,3,8910.0,891.0,0.2,T,T,Win,1,3,,3,13310.0,1331.0,0.5,T,H,Lose,2,2,,3,8910.0,891.0,0.5,T,H,Lose,2,2,,3,7290.0,729.0,0.8,T,H,Lose,3,1,,3,8910.0,891.0,0.5,T,H,Lose,2,2,,3,10890.0,1089.0,0.5,H,T,Lose,2,2,,3,10890.0,1089.0,0.5,T,T,Win,2,2,,3,10890.0,1089.0,0.5,H,T,Lose,2,2,,3,8910.0,891.0,0.2,T,T,Win,1,3,,3,8910.0,891.0,0.5,H,T,Lose,2,2,,3,8910.0,891.0,0.5,H,T,Lose,2,2,,3,8910.0,891.0,0.2,T,T,Win,1,3,,3,8910.0,891.0,0.8,T,H,Lose,3,1,,3,10890.0,1089.0,0.8,T,H,Lose,3,1,,3,10890.0,1089.0,0.8,H,H,Win,3,1,,3,8910.0,891.0,0.2,T,T,Win,1,3,,3,10890.0,1089.0,0.0,T,T,Win,0,4,,3,8910.0,891.0,0.8,T,H,Lose,3,1,,3,8910.0,891.0,0.5,T,H,Lose,2,2,,3,8910.0,891.0,0.5,T,T,Win,2,2,,3,13310.0,1331.0,0.5,T,H,Lose,2,2,,3,10890.0,1089.0,1.0,H,H,Win,4,0,,3,8910.0,891.0,0.5,T,H,Lose,2,2,,3,13310.0,1331.0,1.0,H,H,Win,4,0,,3,8910.0,891.0,0.5,T,H,Lose,2,2,,3,8910.0,891.0,0.5,T,H,Lose,2,2,,3,8910.0,891.0,0.2,T,T,Win,1,3,,3,10890.0,1089.0,0.0,T,T,Win,0,4,,3,10890.0,1089.0,0.2,T,H,Lose,1,3,,3,7290.0,729.0,0.8,T,H,Lose,3,1,,3,7290.0,729.0,0.8,T,H,Lose,3,1,,3,8910.0,891.0,0.5,T,T,Win,2,2,,3,10890.0,1089.0,0.0,T,T,Win,0,4,,3,10890.0,1089.0,0.0,T,T,Win,0,4,,3,7290.0,729.0,0.8,T,H,Lose,3,1,,3,10890.0,1089.0,1.0,H,H,Win,4,0,,3,10890.0,1089.0,0.5,T,H,Lose,2,2,,3,10890.0,1089.0,0.5,T,T,Win,2,2,,3,13310.0,1331.0,1.0,H,H,Win,4,0,,3,10890.0,1089.0,0.5,T,H,Lose,2,2,,3,8910.0,891.0,0.2,T,T,Win,1,3,,3,8910.0,891.0,0.8,H,H,Win,3,1,,3,7290.0,729.0,0.5,H,T,Lose,2,2,,3,10890.0,1089.0,0.2,T,T,Win,1,3,,3,8910.0,891.0,0.5,T,H,Lose,2,2,,3,10890.0,1089.0,0.2,T,H,Lose,1,3,,3,7290.0,729.0,0.8,H,H,Win,3,1,,3,8910.0,891.0,0.5,T,H,Lose,2,2,,3,13310.0,1331.0,0.8,H,T,Lose,3,1,,3,10890.0,1089.0,0.5,T,T,Win,2,2,,3,13310.0,1331.0,1.0,H,H,Win,4,0,,3,8910.0,891.0,0.5,T,H,Lose,2,2,,3,8910.0,891.0,0.5,T,H,Lose,2,2,,3,8910.0,891.0,0.5,T,H,Lose,2,2,,3,10890.0,1089.0,0.2,T,H,Lose,1,3,,3,10890.0,1089.0,1.0,H,H,Win,4,0,,3,10890.0,1089.0,0.5,T,H,Lose,2,2,,3,10890.0,1089.0,0.0,T,T,Win,0,4,,3,13310.0,1331.0,0.2,T,T,Win,1,3,,3,10890.0,1089.0,0.5,T,H,Lose,2,2,,3,13310.0,1331.0,0.5,T,H,Lose,2,2,,3,7290.0,729.0,0.8,H,H,Win,3,1,,3,8910.0,891.0,0.8,H,H,Win,3,1,,3,13310.0,1331.0,0.2,T,T,Win,1,3,,3,8910.0,891.0,0.8,H,H,Win,3,1,,3,7290.0,729.0,0.8,H,H,Win,3,1,,3,8910.0,891.0,0.5,T,H,Lose,2,2,,3,10890.0,1089.0,0.5,T,H,Lose,2,2,,3,10890.0,1089.0,0.5,T,T,Win,2,2,,3,13310.0,1331.0,0.8,H,T,Lose,3,1,,3,13310.0,1331.0,0.2,T,T,Win,1,3,,3,13310.0,1331.0,1.0,H,H,Win,4,0,,3,8910.0,891.0,0.5,T,H,Lose,2,2,,3,10890.0,1089.0,0.5,T,H,Lose,2,2,,3,8910.0,891.0,0.2,T,T,Win,1,3,,3,13310.0,1331.0,0.5,T,H,Lose,2,2,,3,8910.0,891.0,0.2,T,T,Win,1,3,,3,8910.0,891.0,0.5,T,H,Lose,2,2,,3,10890.0,1089.0,0.5,H,T,Lose,2,2,,3,8910.0,891.0,0.2,T,T,Win,1,3,,3,7290.0,729.0,0.5,T,T,Win,2,2,,3,7290.0,729.0,0.5,T,T,Win,2,2,,3,8910.0,891.0,0.5,T,T,Win,2,2,,3,8910.0,891.0,0.8,T,H,Lose,3,1,,3,10890.0,1089.0,0.5,H,T,Lose,2,2,,3,8910.0,891.0,0.5,T,H,Lose,2,2,,3,13310.0,1331.0,0.5,T,H,Lose,2,2,,3,8910.0,891.0,0.5,T,H,Lose,2,2,,3,8910.0,891.0,0.5,T,H,Lose,2,2,,3,10890.0,1089.0,0.0,T,T,Win,0,4,,3,10890.0,1089.0,0.8,T,H,Lose,3,1,,3,10890.0,1089.0,0.0,T,T,Win,0,4,,3,8910.0,891.0,0.8,H,H,Win,3,1,,3,13310.0,1331.0,1.0,H,H,Win,4,0,,3,8910.0,891.0,0.5,T,H,Lose,2,2,,3,7290.0,729.0,0.8,H,H,Win,3,1,,3,7290.0,729.0,0.5,H,T,Lose,2,2,,3,8910.0,891.0,0.5,T,H,Lose,2,2,,3,10890.0,1089.0,0.5,T,H,Lose,2,2,,3,10890.0,1089.0,0.8,H,H,Win,3,1,,3,10890.0,1089.0,0.8,T,H,Lose,3,1,,3,10890.0,1089.0,0.8,H,T,Lose,3,1,,3,10890.0,1089.0,0.8,H,T,Lose,3,1,,3,7290.0,729.0,0.8,T,H,Lose,3,1,,3,10890.0,1089.0,0.0,T,T,Win,0,4,,3,8910.0,891.0,0.5,T,H,Lose,2,2,,3,10890.0,1089.0,0.2,T,H,Lose,1,3,,3,7290.0,729.0,0.5,T,T,Win,2,2,,3,8910.0,891.0,0.5,T,H,Lose,2,2,,3,10890.0,1089.0,0.5,T,H,Lose,2,2,,3,8910.0,891.0,0.5,T,T,Win,2,2,,3,10890.0,1089.0,0.5,T,T,Win,2,2,,3,7290.0,729.0,0.8,H,H,Win,3,1,,3,7290.0,729.0,0.8,T,H,Lose,3,1,,3,13310.0,1331.0,1.0,H,H,Win,4,0,,3,13310.0,1331.0,0.8,H,T,Lose,3,1,,3,8910.0,891.0,0.5,T,H,Lose,2,2,,3,7290.0,729.0,0.8,H,H,Win,3,1,,3,8910.0,891.0,0.2,T,T,Win,1,3,,3,7290.0,729.0,0.5,T,T,Win,2,2,,3,10890.0,1089.0,0.2,T,H,Lose,1,3,,3,8910.0,891.0,0.2,T,T,Win,1,3,,3,8910.0,891.0,0.2,T,T,Win,1,3,,3,7290.0,729.0,0.5,T,T,Win,2,2,,3,8910.0,891.0,0.5,T,H,Lose,2,2,,3,10890.0,1089.0,0.8,H,T,Lose,3,1,,3,8910.0,891.0,0.2,T,T,Win,1,3,,3,10890.0,1089.0,0.2,T,T,Win,1,3,,3,10890.0,1089.0,0.8,H,T,Lose,3,1,,3,7290.0,729.0,0.8,H,H,Win,3,1,,3,10890.0,1089.0,0.0,T,T,Win,0,4,,3,8910.0,891.0,0.5,T,H,Lose,2,2,,3,10890.0,1089.0,0.5,T,T,Win,2,2,,3,10890.0,1089.0,1.0,H,H,Win,4,0,,3,8910.0,891.0,0.5,T,H,Lose,2,2,,3,10890.0,1089.0,0.5,T,H,Lose,2,2,,3,10890.0,1089.0,0.2,T,H,Lose,1,3,,3,13310.0,1331.0,1.0,H,H,Win,4,0,,3,8910.0,891.0,0.8,H,H,Win,3,1,,3,10890.0,1089.0,0.8,H,H,Win,3,1,,3,10890.0,1089.0,0.0,T,T,Win,0,4,,3,8910.0,891.0,0.8,H,H,Win,3,1,,3,8910.0,891.0,0.8,T,H,Lose,3,1,,3,10890.0,1089.0,0.2,T,H,Lose,1,3,,3,7290.0,729.0,0.8,H,H,Win,3,1,,3,13310.0,1331.0,0.2,T,T,Win,1,3,,3,8910.0,891.0,0.5,T,H,Lose,2,2,,3,10890.0,1089.0,0.5,T,H,Lose,2,2,,3,8910.0,891.0,0.5,T,H,Lose,2,2,,3,10890.0,1089.0,0.5,T,H,Lose,2,2,,3,13310.0,1331.0,1.0,H,H,Win,4,0,,3,7290.0,729.0,0.5,H,T,Lose,2,2,,3,10890.0,1089.0,0.8,H,H,Win,3,1,,3,7290.0,729.0,0.8,T,H,Lose,3,1,,3,10890.0,1089.0,0.0,T,T,Win,0,4,,3,10890.0,1089.0,0.5,T,H,Lose,2,2,,3,10890.0,1089.0,0.2,T,H,Lose,1,3,,3,8910.0,891.0,0.8,H,H,Win,3,1,,3,8910.0,891.0,0.5,H,T,Lose,2,2,,3,7290.0,729.0,0.8,H,H,Win,3,1,,3,10890.0,1089.0,0.2,T,H,Lose,1,3,,3,10890.0,1089.0,0.2,T,H,Lose,1,3,,3,10890.0,1089.0,0.0,T,T,Win,0,4,,3,10890.0,1089.0,0.2,T,H,Lose,1,3,,3,10890.0,1089.0,0.5,T,H,Lose,2,2,,3,10890.0,1089.0,0.5,T,H,Lose,2,2,,3,13310.0,1331.0,0.8,H,T,Lose,3,1,,3,8910.0,891.0,0.5,T,H,Lose,2,2,,3,10890.0,1089.0,0.8,H,H,Win,3,1,,3,8910.0,891.0,0.2,T,T,Win,1,3,,3,7290.0,729.0,0.8,T,H,Lose,3,1,,3,8910.0,891.0,0.5,T,H,Lose,2,2,,3,8910.0,891.0,0.2,T,T,Win,1,3,,3,10890.0,1089.0,0.0,T,T,Win,0,4,,3,8910.0,891.0,0.5,T,H,Lose,2,2,,3,13310.0,1331.0,0.5,T,H,Lose,2,2,,3,10890.0,1089.0,0.0,T,T,Win,0,4,,3,10890.0,1089.0,0.8,H,H,Win,3,1,,3,7290.0,729.0,0.8,T,H,Lose,3,1,,3,8910.0,891.0,0.5,T,H,Lose,2,2,,3,7290.0,729.0,0.5,H,T,Lose,2,2,,3,10890.0,1089.0,0.2,T,H,Lose,1,3,,3,8910.0,891.0,0.8,H,H,Win,3,1,,3,10890.0,1089.0,0.8,H,T,Lose,3,1,,3,10890.0,1089.0,0.8,T,H,Lose,3,1,,3,8910.0,891.0,0.5,H,T,Lose,2,2,,3,8910.0,891.0,0.5,T,H,Lose,2,2,,3,8910.0,891.0,0.2,T,T,Win,1,3,,3,10890.0,1089.0,0.5,T,T,Win,2,2,,3,13310.0,1331.0,0.5,T,H,Lose,2,2,,3,8910.0,891.0,0.5,H,T,Lose,2,2,,3,8910.0,891.0,0.5,T,H,Lose,2,2,,3,13310.0,1331.0,1.0,H,H,Win,4,0,,3,8910.0,891.0,0.5,T,H,Lose,2,2,,3,7290.0,729.0,0.5,H,T,Lose,2,2,,3,10890.0,1089.0,1.0,H,H,Win,4,0,,3,8910.0,891.0,0.2,T,T,Win,1,3,,3,8910.0,891.0,0.2,T,T,Win,1,3,,3,8910.0,891.0,0.8,T,H,Lose,3,1,,3,13310.0,1331.0,0.5,T,H,Lose,2,2,,3,13310.0,1331.0,0.2,T,T,Win,1,3,,3,10890.0,1089.0,0.2,T,H,Lose,1,3,,3,10890.0,1089.0,0.5,T,T,Win,2,2,,3,7290.0,729.0,0.5,T,T,Win,2,2,,3,13310.0,1331.0,0.8,H,T,Lose,3,1,,3,10890.0,1089.0,0.5,H,T,Lose,2,2,,3,8910.0,891.0,0.5,T,H,Lose,2,2,,3,8910.0,891.0,0.8,T,H,Lose,3,1,,3,10890.0,1089.0,0.2,T,H,Lose,1,3,,3,13310.0,1331.0,0.5,T,H,Lose,2,2,,3,8910.0,891.0,0.5,T,H,Lose,2,2,,3,8910.0,891.0,0.8,T,H,Lose,3,1,,3,10890.0,1089.0,0.2,T,H,Lose,1,3,,3,10890.0,1089.0,0.8,T,H,Lose,3,1,,3,13310.0,1331.0,1.0,H,H,Win,4,0,,3,10890.0,1089.0,0.5,T,T,Win,2,2,,3,7290.0,729.0,0.5,T,T,Win,2,2,,3,8910.0,891.0,0.2,T,T,Win,1,3,,3,8910.0,891.0,0.8,T,H,Lose,3,1,,3,8910.0,891.0,0.8,T,H,Lose,3,1,,3,10890.0,1089.0,0.2,T,H,Lose,1,3,,3,10890.0,1089.0,0.0,T,T,Win,0,4,,3,13310.0,1331.0,0.8,H,T,Lose,3,1,,3,7290.0,729.0,0.8,T,H,Lose,3,1,,3,10890.0,1089.0,0.0,T,T,Win,0,4,,3,8910.0,891.0,0.8,T,H,Lose,3,1,,3,8910.0,891.0,0.5,T,H,Lose,2,2,,3,13310.0,1331.0,1.0,H,H,Win,4,0,,3,8910.0,891.0,0.2,T,T,Win,1,3,,3,7290.0,729.0,0.5,H,T,Lose,2,2,,3,10890.0,1089.0,0.2,T,T,Win,1,3,,3,8910.0,891.0,0.5,T,H,Lose,2,2,,3,8910.0,891.0,0.5,T,T,Win,2,2,,3,7290.0,729.0,0.8,H,H,Win,3,1,,3,10890.0,1089.0,0.8,T,H,Lose,3,1,,3,10890.0,1089.0,0.8,T,H,Lose,3,1,,3,8910.0,891.0,0.2,T,T,Win,1,3,,3,8910.0,891.0,0.5,T,H,Lose,2,2,,3,8910.0,891.0,0.5,T,H,Lose,2,2,,3,7290.0,729.0,0.5,T,T,Win,2,2,,3,7290.0,729.0,0.8,T,H,Lose,3,1,,3,13310.0,1331.0,0.5,T,H,Lose,2,2,,3,8910.0,891.0,0.2,T,T,Win,1,3,,3,10890.0,1089.0,0.5,T,H,Lose,2,2,,3,10890.0,1089.0,0.5,H,T,Lose,2,2,,3,10890.0,1089.0,0.2,T,T,Win,1,3,,3,8910.0,891.0,0.2,T,T,Win,1,3,,3,8910.0,891.0,0.5,H,T,Lose,2,2,,3,13310.0,1331.0,0.5,T,H,Lose,2,2,,3,13310.0,1331.0,0.8,H,T,Lose,3,1,,3,10890.0,1089.0,0.2,T,T,Win,1,3,,3,8910.0,891.0,0.5,T,H,Lose,2,2,,3,10890.0,1089.0,0.2,T,H,Lose,1,3,,3,8910.0,891.0,0.8,T,H,Lose,3,1,,3,7290.0,729.0,0.5,H,T,Lose,2,2,,3,7290.0,729.0,0.5,H,T,Lose,2,2,,3,10890.0,1089.0,1.0,H,H,Win,4,0,,3,7290.0,729.0,0.8,H,H,Win,3,1,,3,8910.0,891.0,0.2,T,T,Win,1,3,,3,13310.0,1331.0,0.8,H,T,Lose,3,1,,3,13310.0,1331.0,1.0,H,H,Win,4,0,,3,10890.0,1089.0,0.8,T,H,Lose,3,1,,3,7290.0,729.0,0.5,H,T,Lose,2,2,,3,8910.0,891.0,0.5,T,H,Lose,2,2,,3,8910.0,891.0,0.5,T,H,Lose,2,2,,3,8910.0,891.0,0.5,T,H,Lose,2,2,,3,8910.0,891.0,0.2,T,T,Win,1,3,,3,7290.0,729.0,0.5,H,T,Lose,2,2,,3,8910.0,891.0,0.5,T,T,Win,2,2,,3,10890.0,1089.0,0.2,T,T,Win,1,3,,3,8910.0,891.0,0.2,T,T,Win,1,3,,3,8910.0,891.0,0.2,T,T,Win,1,3,,3,8910.0,891.0,0.2,T,T,Win,1,3,,3,13310.0,1331.0,1.0,H,H,Win,4,0,,3,13310.0,1331.0,0.5,T,H,Lose,2,2,,3,10890.0,1089.0,0.8,T,H,Lose,3,1,,3,8910.0,891.0,0.2,T,T,Win,1,3,,3,13310.0,1331.0,0.8,H,T,Lose,3,1,,3,8910.0,891.0,0.8,T,H,Lose,3,1,,3,10890.0,1089.0,0.2,T,H,Lose,1,3,,3,10890.0,1089.0,0.2,T,H,Lose,1,3,,3,8910.0,891.0,0.5,T,H,Lose,2,2,,3,10890.0,1089.0,0.8,H,H,Win,3,1,,3,8910.0,891.0,0.5,H,T,Lose,2,2,,3,10890.0,1089.0,0.5,T,H,Lose,2,2,,3,10890.0,1089.0,0.5,H,T,Lose,2,2,,3,10890.0,1089.0,0.2,T,H,Lose,1,3,,3,7290.0,729.0,0.8,H,H,Win,3,1,,3,10890.0,1089.0,0.2,T,T,Win,1,3,,3,8910.0,891.0,0.5,T,H,Lose,2,2,,3,10890.0,1089.0,0.5,T,T,Win,2,2,,3,13310.0,1331.0,0.8,H,T,Lose,3,1,,3,10890.0,1089.0,0.2,T,T,Win,1,3,,3,7290.0,729.0,0.8,T,H,Lose,3,1,,3,10890.0,1089.0,0.2,T,H,Lose,1,3,,3,10890.0,1089.0,0.8,H,H,Win,3,1,,3,10890.0,1089.0,0.0,T,T,Win,0,4,,3,8910.0,891.0,0.5,T,H,Lose,2,2,,3,10890.0,1089.0,0.2,T,H,Lose,1,3,,3,8910.0,891.0,0.5,T,H,Lose,2,2,,3,8910.0,891.0,0.5,T,H,Lose,2,2,,3,7290.0,729.0,0.8,T,H,Lose,3,1,,3,8910.0,891.0,0.5,T,H,Lose,2,2,,3,13310.0,1331.0,0.2,T,T,Win,1,3,,3,8910.0,891.0,0.5,T,H,Lose,2,2,,3,7290.0,729.0,0.8,H,H,Win,3,1,,3,10890.0,1089.0,1.0,H,H,Win,4,0,,3,8910.0,891.0,0.2,T,T,Win,1,3,,3,8910.0,891.0,0.2,T,T,Win,1,3,,3,10890.0,1089.0,0.5,T,H,Lose,2,2,,3,10890.0,1089.0,0.2,T,H,Lose,1,3,,3,7290.0,729.0,0.8,T,H,Lose,3,1,,3,7290.0,729.0,0.5,T,T,Win,2,2,,3,10890.0,1089.0,0.8,T,H,Lose,3,1,,3,8910.0,891.0,0.2,T,T,Win,1,3,,3,10890.0,1089.0,0.8,H,T,Lose,3,1,,3,13310.0,1331.0,1.0,H,H,Win,4,0,,3,10890.0,1089.0,1.0,H,H,Win,4,0,,3,7290.0,729.0,0.5,H,T,Lose,2,2,,3,8910.0,891.0,0.5,T,H,Lose,2,2,,3,10890.0,1089.0,0.2,T,H,Lose,1,3,,3,10890.0,1089.0,1.0,H,H,Win,4,0,,3,8910.0,891.0,0.8,H,H,Win,3,1,,3,8910.0,891.0,0.2,T,T,Win,1,3,,3,8910.0,891.0,0.2,T,T,Win,1,3,,3,8910.0,891.0,0.5,T,T,Win,2,2,,3,7290.0,729.0,0.8,T,H,Lose,3,1,,3,7290.0,729.0,0.8,T,H,Lose,3,1,,3,8910.0,891.0,0.2,T,T,Win,1,3,,3,8910.0,891.0,0.2,T,T,Win,1,3,,3,10890.0,1089.0,0.8,H,H,Win,3,1,,3,10890.0,1089.0,0.5,H,T,Lose,2,2,,3,10890.0,1089.0,0.5,H,T,Lose,2,2,,3,8910.0,891.0,0.5,T,H,Lose,2,2,,3,8910.0,891.0,0.2,T,T,Win,1,3,,3,13310.0,1331.0,0.2,T,T,Win,1,3,,3,10890.0,1089.0,0.8,H,H,Win,3,1,,3,10890.0,1089.0,0.2,T,T,Win,1,3,,3,10890.0,1089.0,0.8,H,H,Win,3,1,,3,13310.0,1331.0,0.2,T,T,Win,1,3,,3,7290.0,729.0,0.5,T,T,Win,2,2,,3,8910.0,891.0,0.8,H,H,Win,3,1,,3,10890.0,1089.0,0.5,T,T,Win,2,2,,3,10890.0,1089.0,0.0,T,T,Win,0,4,,3,8910.0,891.0,0.5,T,H,Lose,2,2,,3,10890.0,1089.0,0.5,T,H,Lose,2,2,,3,13310.0,1331.0,1.0,H,H,Win,4,0,,3,13310.0,1331.0,0.2,T,T,Win,1,3,,3,13310.0,1331.0,1.0,H,H,Win,4,0,,3,13310.0,1331.0,0.2,T,T,Win,1,3,,3,10890.0,1089.0,0.2,T,T,Win,1,3,,3,8910.0,891.0,0.2,T,T,Win,1,3,,3,8910.0,891.0,0.2,T,T,Win,1,3,,3,8910.0,891.0,0.5,T,H,Lose,2,2,,3,8910.0,891.0,0.5,T,H,Lose,2,2,,3,10890.0,1089.0,0.8,T,H,Lose,3,1,,3,8910.0,891.0,0.5,T,H,Lose,2,2,,3,10890.0,1089.0,1.0,H,H,Win,4,0,,3,10890.0,1089.0,0.0,T,T,Win,0,4,,3,8910.0,891.0,0.5,H,T,Lose,2,2,,3,10890.0,1089.0,0.2,T,H,Lose,1,3,,3,13310.0,1331.0,0.2,T,T,Win,1,3,,3,10890.0,1089.0,0.8,H,H,Win,3,1,,3,10890.0,1089.0,0.0,T,T,Win,0,4,,3,10890.0,1089.0,0.2,T,H,Lose,1,3,,3,10890.0,1089.0,0.0,T,T,Win,0,4,,3,8910.0,891.0,0.5,T,T,Win,2,2,,3,13310.0,1331.0,1.0,H,H,Win,4,0,,3,7290.0,729.0,0.8,T,H,Lose,3,1,,3,10890.0,1089.0,0.5,T,T,Win,2,2,,3,8910.0,891.0,0.2,T,T,Win,1,3,,3,10890.0,1089.0,1.0,H,H,Win,4,0,,3,13310.0,1331.0,0.5,T,H,Lose,2,2,,3,10890.0,1089.0,0.8,H,T,Lose,3,1,,3,10890.0,1089.0,1.0,H,H,Win,4,0,,3,8910.0,891.0,0.5,T,H,Lose,2,2,,3,8910.0,891.0,0.2,T,T,Win,1,3,,3,8910.0,891.0,0.2,T,T,Win,1,3,,3,8910.0,891.0,0.5,T,H,Lose,2,2,,3,10890.0,1089.0,0.5,H,T,Lose,2,2,,3,8910.0,891.0,0.5,T,H,Lose,2,2,,3,8910.0,891.0,0.5,T,H,Lose,2,2,,3,10890.0,1089.0,0.5,T,T,Win,2,2,,3,8910.0,891.0,0.5,T,H,Lose,2,2,,3,7290.0,729.0,0.5,T,T,Win,2,2,,3,13310.0,1331.0,1.0,H,H,Win,4,0,,3,7290.0,729.0,0.5,T,T,Win,2,2,,3,10890.0,1089.0,0.8,T,H,Lose,3,1,,3,8910.0,891.0,0.2,T,T,Win,1,3,,3,10890.0,1089.0,0.0,T,T,Win,0,4,,3,8910.0,891.0,0.5,T,H,Lose,2,2,,3,8910.0,891.0,0.2,T,T,Win,1,3,,3,10890.0,1089.0,0.2,T,H,Lose,1,3,,3,7290.0,729.0,0.8,H,H,Win,3,1,,3,13310.0,1331.0,0.8,H,T,Lose,3,1,,3,7290.0,729.0,0.8,T,H,Lose,3,1,,3,10890.0,1089.0,0.5,T,H,Lose,2,2,,3,7290.0,729.0,0.5,H,T,Lose,2,2,,3,8910.0,891.0,0.5,H,T,Lose,2,2,,3,13310.0,1331.0,1.0,H,H,Win,4,0,,3,10890.0,1089.0,0.8,H,T,Lose,3,1,,3,8910.0,891.0,0.2,T,T,Win,1,3,,3,10890.0,1089.0,0.5,T,H,Lose,2,2,,3,10890.0,1089.0,0.8,T,H,Lose,3,1,,3,8910.0,891.0,0.5,T,H,Lose,2,2,,3,10890.0,1089.0,0.2,T,H,Lose,1,3,,3,8910.0,891.0,0.2,T,T,Win,1,3,,3,13310.0,1331.0,0.5,T,H,Lose,2,2,,3,10890.0,1089.0,0.5,T,H,Lose,2,2,,3,8910.0,891.0,0.5,T,H,Lose,2,2,,3,7290.0,729.0,0.8,H,H,Win,3,1,,3,13310.0,1331.0,0.8,H,T,Lose,3,1,,3,10890.0,1089.0,0.0,T,T,Win,0,4,,3,8910.0,891.0,0.2,T,T,Win,1,3,,3,13310.0,1331.0,0.8,H,T,Lose,3,1,,3,13310.0,1331.0,0.8,H,T,Lose,3,1,,3,10890.0,1089.0,0.8,H,T,Lose,3,1,,3,8910.0,891.0,0.5,H,T,Lose,2,2,,3,8910.0,891.0,0.5,H,T,Lose,2,2,,3,10890.0,1089.0,0.8,H,H,Win,3,1,,3,7290.0,729.0,0.5,T,T,Win,2,2,,3,10890.0,1089.0,0.0,T,T,Win,0,4,,3,10890.0,1089.0,0.8,H,H,Win,3,1,,3,8910.0,891.0,0.8,H,H,Win,3,1,,3,8910.0,891.0,0.2,T,T,Win,1,3,,3,10890.0,1089.0,0.2,T,H,Lose,1,3,,3,8910.0,891.0,0.5,T,T,Win,2,2,,3,10890.0,1089.0,0.5,T,H,Lose,2,2,,3,10890.0,1089.0,0.2,T,H,Lose,1,3,,3,8910.0,891.0,0.2,T,T,Win,1,3,,3,10890.0,1089.0,0.8,H,T,Lose,3,1,,3,7290.0,729.0,0.8,H,H,Win,3,1,,3,7290.0,729.0,0.5,T,T,Win,2,2,,3,7290.0,729.0,0.5,H,T,Lose,2,2,,3,10890.0,1089.0,0.2,T,H,Lose,1,3,,3,13310.0,1331.0,0.5,T,H,Lose,2,2,,3,13310.0,1331.0,0.5,T,H,Lose,2,2,,3,10890.0,1089.0,0.0,T,T,Win,0,4,,3,7290.0,729.0,0.8,H,H,Win,3,1,,3,13310.0,1331.0,0.5,T,H,Lose,2,2,,3,8910.0,891.0,0.5,T,T,Win,2,2,,3,7290.0,729.0,0.8,T,H,Lose,3,1,,3,10890.0,1089.0,1.0,H,H,Win,4,0,,3,13310.0,1331.0,0.5,T,H,Lose,2,2,,3,10890.0,1089.0,0.2,T,H,Lose,1,3,,3,10890.0,1089.0,0.8,H,H,Win,3,1,,3,10890.0,1089.0,0.2,T,H,Lose,1,3,,3,7290.0,729.0,0.5,H,T,Lose,2,2,,3,8910.0,891.0,0.5,H,T,Lose,2,2,,3,8910.0,891.0,0.5,T,H,Lose,2,2,,3,10890.0,1089.0,0.0,T,T,Win,0,4,,3,10890.0,1089.0,0.2,T,T,Win,1,3,,3,10890.0,1089.0,0.0,T,T,Win,0,4,,3,8910.0,891.0,0.5,T,H,Lose,2,2,,3,10890.0,1089.0,0.0,T,T,Win,0,4,,3,10890.0,1089.0,1.0,H,H,Win,4,0,,3,7290.0,729.0,0.8,H,H,Win,3,1,,3,8910.0,891.0,0.5,T,T,Win,2,2,,3,8910.0,891.0,0.5,T,H,Lose,2,2,,3,10890.0,1089.0,0.8,H,H,Win,3,1,,3,10890.0,1089.0,1.0,H,H,Win,4,0,,3,10890.0,1089.0,0.5,T,T,Win,2,2,,3,10890.0,1089.0,0.8,H,T,Lose,3,1,,3,10890.0,1089.0,0.2,T,H,Lose,1,3,,3,8910.0,891.0,0.5,T,H,Lose,2,2,,3,10890.0,1089.0,0.0,T,T,Win,0,4,,3,10890.0,1089.0,0.2,T,H,Lose,1,3,,3,8910.0,891.0,0.8,T,H,Lose,3,1,,3,10890.0,1089.0,0.2,T,T,Win,1,3,,3,10890.0,1089.0,1.0,H,H,Win,4,0,,3,8910.0,891.0,0.5,T,H,Lose,2,2,,3,7290.0,729.0,0.5,H,T,Lose,2,2,,3,10890.0,1089.0,0.5,T,T,Win,2,2,,3,10890.0,1089.0,0.8,H,T,Lose,3,1,,3,13310.0,1331.0,1.0,H,H,Win,4,0,,3,7290.0,729.0,0.8,T,H,Lose,3,1,,3,8910.0,891.0,0.5,T,H,Lose,2,2,,3,10890.0,1089.0,1.0,H,H,Win,4,0,,3,13310.0,1331.0,0.8,H,T,Lose,3,1,,3,13310.0,1331.0,0.5,T,H,Lose,2,2,,3,13310.0,1331.0,0.8,H,T,Lose,3,1,,3,10890.0,1089.0,0.0,T,T,Win,0,4,,3,13310.0,1331.0,0.2,T,T,Win,1,3,,3,8910.0,891.0,0.2,T,T,Win,1,3,,3,8910.0,891.0,0.2,T,T,Win,1,3,,3,10890.0,1089.0,0.5,T,H,Lose,2,2,,3,8910.0,891.0,0.5,T,T,Win,2,2,,3,10890.0,1089.0,0.5,H,T,Lose,2,2,,3,10890.0,1089.0,0.8,H,T,Lose,3,1,,3,10890.0,1089.0,0.2,T,T,Win,1,3,,3,8910.0,891.0,0.2,T,T,Win,1,3,,3,13310.0,1331.0,1.0,H,H,Win,4,0,,3,10890.0,1089.0,0.8,H,T,Lose,3,1,,3,10890.0,1089.0,1.0,H,H,Win,4,0,,3,8910.0,891.0,0.5,T,T,Win,2,2,,3,10890.0,1089.0,0.5,T,T,Win,2,2,,3,8910.0,891.0,0.5,T,H,Lose,2,2,,3,8910.0,891.0,0.2,T,T,Win,1,3,,3,8910.0,891.0,0.2,T,T,Win,1,3,,3,13310.0,1331.0,0.8,H,T,Lose,3,1,,3,13310.0,1331.0,0.8,H,T,Lose,3,1,,3,10890.0,1089.0,0.2,T,H,Lose,1,3,,3,13310.0,1331.0,0.5,T,H,Lose,2,2,,3,10890.0,1089.0,0.0,T,T,Win,0,4,,3,10890.0,1089.0,0.0,T,T,Win,0,4,,3,8910.0,891.0,0.5,T,H,Lose,2,2,,3,13310.0,1331.0,0.5,T,H,Lose,2,2,,3,8910.0,891.0,0.5,T,H,Lose,2,2,,3,7290.0,729.0,0.5,T,T,Win,2,2,,3,8910.0,891.0,0.2,T,T,Win,1,3,,3,10890.0,1089.0,0.5,T,T,Win,2,2,,3,13310.0,1331.0,0.8,H,T,Lose,3,1,,3,7290.0,729.0,0.5,H,T,Lose,2,2,,3,10890.0,1089.0,0.2,T,H,Lose,1,3,,3,8910.0,891.0,0.5,T,H,Lose,2,2,,3,10890.0,1089.0,1.0,H,H,Win,4,0,,3,8910.0,891.0,0.2,T,T,Win,1,3,,3,7290.0,729.0,0.8,H,H,Win,3,1,,3,10890.0,1089.0,1.0,H,H,Win,4,0,,3,10890.0,1089.0,0.8,H,T,Lose,3,1,,3,8910.0,891.0,0.5,T,H,Lose,2,2,,3,13310.0,1331.0,0.2,T,T,Win,1,3,,3,10890.0,1089.0,0.5,T,H,Lose,2,2,,3,8910.0,891.0,0.2,T,T,Win,1,3,,3,10890.0,1089.0,0.5,H,T,Lose,2,2,,3,8910.0,891.0,0.5,H,T,Lose,2,2,,3,13310.0,1331.0,0.5,T,H,Lose,2,2,,3,10890.0,1089.0,0.0,T,T,Win,0,4,,3,10890.0,1089.0,1.0,H,H,Win,4,0,,3,8910.0,891.0,0.5,T,H,Lose,2,2,,3,10890.0,1089.0,0.8,T,H,Lose,3,1,,3,8910.0,891.0,0.5,H,T,Lose,2,2,,3,10890.0,1089.0,0.0,T,T,Win,0,4,,3,10890.0,1089.0,0.0,T,T,Win,0,4,,3,7290.0,729.0,0.8,T,H,Lose,3,1,,3,10890.0,1089.0,0.5,T,T,Win,2,2,,3,10890.0,1089.0,0.2,T,T,Win,1,3,,3,10890.0,1089.0,0.2,T,T,Win,1,3,,3,10890.0,1089.0,0.0,T,T,Win,0,4,,3,10890.0,1089.0,0.8,T,H,Lose,3,1,,3,10890.0,1089.0,1.0,H,H,Win,4,0,,3,8910.0,891.0,0.5,H,T,Lose,2,2,,3,8910.0,891.0,0.5,T,H,Lose,2,2,,3,8910.0,891.0,0.5,T,T,Win,2,2,,3,10890.0,1089.0,0.8,H,T,Lose,3,1,,3,10890.0,1089.0,0.8,T,H,Lose,3,1,,3,7290.0,729.0,0.5,T,T,Win,2,2,,3,10890.0,1089.0,0.0,T,T,Win,0,4,,3,8910.0,891.0,0.8,T,H,Lose,3,1,,3,10890.0,1089.0,0.5,T,T,Win,2,2,,3,10890.0,1089.0,0.5,T,T,Win,2,2,,3,13310.0,1331.0,0.2,T,T,Win,1,3,,3,10890.0,1089.0,0.2,T,T,Win,1,3,,3,8910.0,891.0,0.2,T,T,Win,1,3,,3,8910.0,891.0,0.5,T,H,Lose,2,2,,3,8910.0,891.0,0.5,T,H,Lose,2,2,,3,8910.0,891.0,0.5,T,H,Lose,2,2,,3,8910.0,891.0,0.2,T,T,Win,1,3,,3,8910.0,891.0,0.5,T,H,Lose,2,2,,3,10890.0,1089.0,0.2,T,H,Lose,1,3,,3,8910.0,891.0,0.2,T,T,Win,1,3,,3,10890.0,1089.0,0.0,T,T,Win,0,4,,3,10890.0,1089.0,0.2,T,T,Win,1,3,,3,8910.0,891.0,0.5,H,T,Lose,2,2,,3,10890.0,1089.0,1.0,H,H,Win,4,0,,3,10890.0,1089.0,0.8,H,T,Lose,3,1,,3,8910.0,891.0,0.5,T,T,Win,2,2,,3,13310.0,1331.0,0.8,H,T,Lose,3,1,,3,10890.0,1089.0,0.5,T,T,Win,2,2,,3,10890.0,1089.0,0.0,T,T,Win,0,4,,3,13310.0,1331.0,0.2,T,T,Win,1,3,,3,8910.0,891.0,0.5,T,H,Lose,2,2,,3,8910.0,891.0,0.5,H,T,Lose,2,2,,3,8910.0,891.0,0.8,T,H,Lose,3,1,,3,8910.0,891.0,0.2,T,T,Win,1,3,,3,13310.0,1331.0,0.2,T,T,Win,1,3,,3,7290.0,729.0,0.5,H,T,Lose,2,2,,3,13310.0,1331.0,0.5,T,H,Lose,2,2,,3,8910.0,891.0,0.2,T,T,Win,1,3,,3,10890.0,1089.0,0.8,H,H,Win,3,1,,3,7290.0,729.0,0.5,T,T,Win,2,2,,3,8910.0,891.0,0.2,T,T,Win,1,3,,3,10890.0,1089.0,0.5,H,T,Lose,2,2,,3,13310.0,1331.0,1.0,H,H,Win,4,0,,3,10890.0,1089.0,0.8,H,T,Lose,3,1,,3,10890.0,1089.0,0.5,H,T,Lose,2,2,,3,13310.0,1331.0,1.0,H,H,Win,4,0,,3,8910.0,891.0,0.2,T,T,Win,1,3,,3,10890.0,1089.0,0.5,T,T,Win,2,2,,3,10890.0,1089.0,0.8,H,T,Lose,3,1,,3,8910.0,891.0,0.5,T,H,Lose,2,2,,3,8910.0,891.0,0.2,T,T,Win,1,3,,3,8910.0,891.0,0.2,T,T,Win,1,3,,3,8910.0,891.0,0.5,T,H,Lose,2,2,,3,8910.0,891.0,0.2,T,T,Win,1,3,,3,10890.0,1089.0,0.2,T,T,Win,1,3,,3,10890.0,1089.0,0.5,H,T,Lose,2,2,,3,13310.0,1331.0,0.5,T,H,Lose,2,2,,3,7290.0,729.0,0.5,T,T,Win,2,2,,3,7290.0,729.0,0.8,T,H,Lose,3,1,,3,8910.0,891.0,0.2,T,T,Win,1,3,,3,8910.0,891.0,0.2,T,T,Win,1,3,,3,8910.0,891.0,0.8,H,H,Win,3,1,,3,8910.0,891.0,0.5,T,H,Lose,2,2,,3,7290.0,729.0,0.8,H,H,Win,3,1,,3,8910.0,891.0,0.5,T,H,Lose,2,2,,3,10890.0,1089.0,0.0,T,T,Win,0,4,,3,10890.0,1089.0,0.5,T,T,Win,2,2,,3,8910.0,891.0,0.5,H,T,Lose,2,2,,3,13310.0,1331.0,0.2,T,T,Win,1,3,,3,10890.0,1089.0,0.5,T,T,Win,2,2,,3,10890.0,1089.0,0.8,H,T,Lose,3,1,,3,10890.0,1089.0,0.0,T,T,Win,0,4,,3,13310.0,1331.0,0.8,H,T,Lose,3,1,,3,8910.0,891.0,0.2,T,T,Win,1,3,,3,8910.0,891.0,0.8,H,H,Win,3,1,,3,10890.0,1089.0,0.2,T,H,Lose,1,3,,3,10890.0,1089.0,0.0,T,T,Win,0,4,,3,10890.0,1089.0,0.0,T,T,Win,0,4,,3,8910.0,891.0,0.5,T,H,Lose,2,2,,3,8910.0,891.0,0.2,T,T,Win,1,3,,3,8910.0,891.0,0.2,T,T,Win,1,3,,3,8910.0,891.0,0.5,H,T,Lose,2,2,,3,10890.0,1089.0,0.0,T,T,Win,0,4,,3,7290.0,729.0,0.5,H,T,Lose,2,2,,3,8910.0,891.0,0.2,T,T,Win,1,3,,3,13310.0,1331.0,0.8,H,T,Lose,3,1,,3,8910.0,891.0,0.5,T,H,Lose,2,2,,3,10890.0,1089.0,0.2,T,H,Lose,1,3,,3,10890.0,1089.0,0.8,H,T,Lose,3,1,,3,10890.0,1089.0,0.0,T,T,Win,0,4,,3,8910.0,891.0,0.8,H,H,Win,3,1,,3,8910.0,891.0,0.5,T,H,Lose,2,2,,3,10890.0,1089.0,0.2,T,H,Lose,1,3,,3,10890.0,1089.0,0.2,T,T,Win,1,3,,3,10890.0,1089.0,0.5,H,T,Lose,2,2,,3,10890.0,1089.0,0.0,T,T,Win,0,4,,3,13310.0,1331.0,0.2,T,T,Win,1,3,,3,10890.0,1089.0,0.8,H,H,Win,3,1,,3,8910.0,891.0,0.2,T,T,Win,1,3,,3,10890.0,1089.0,0.8,H,T,Lose,3,1,,3,10890.0,1089.0,1.0,H,H,Win,4,0,,3,13310.0,1331.0,0.8,H,T,Lose,3,1,,3,8910.0,891.0,0.2,T,T,Win,1,3,,3,8910.0,891.0,0.8,H,H,Win,3,1,,3,8910.0,891.0,0.8,T,H,Lose,3,1,,3,10890.0,1089.0,0.0,T,T,Win,0,4,,3,10890.0,1089.0,0.8,H,H,Win,3,1,,3,8910.0,891.0,0.2,T,T,Win,1,3,,3,10890.0,1089.0,0.2,T,H,Lose,1,3,,3,10890.0,1089.0,0.2,T,H,Lose,1,3,,3,10890.0,1089.0,0.8,H,T,Lose,3,1,,3,13310.0,1331.0,0.8,H,T,Lose,3,1,,3,8910.0,891.0,0.2,T,T,Win,1,3,,3,13310.0,1331.0,0.5,T,H,Lose,2,2,,3,10890.0,1089.0,0.8,T,H,Lose,3,1,,3,8910.0,891.0,0.8,T,H,Lose,3,1,,3,7290.0,729.0,0.5,H,T,Lose,2,2,,3,10890.0,1089.0,0.8,H,H,Win,3,1,,3,10890.0,1089.0,0.2,T,H,Lose,1,3,,3,10890.0,1089.0,0.8,H,T,Lose,3,1,,3,10890.0,1089.0,0.8,T,H,Lose,3,1,,3,7290.0,729.0,0.8,T,H,Lose,3,1,,3,8910.0,891.0,0.2,T,T,Win,1,3,,3,8910.0,891.0,0.2,T,T,Win,1,3,,3,10890.0,1089.0,0.2,T,T,Win,1,3,,3,8910.0,891.0,0.8,T,H,Lose,3,1,,3,10890.0,1089.0,0.5,T,H,Lose,2,2,,3,10890.0,1089.0,1.0,H,H,Win,4,0,,3,13310.0,1331.0,0.5,T,H,Lose,2,2,,3,7290.0,729.0,0.8,T,H,Lose,3,1,,3,8910.0,891.0,0.5,T,H,Lose,2,2,,3,13310.0,1331.0,1.0,H,H,Win,4,0,,3,7290.0,729.0,0.5,H,T,Lose,2,2,,3,10890.0,1089.0,0.8,H,H,Win,3,1,,3,8910.0,891.0,0.8,T,H,Lose,3,1,,3,8910.0,891.0,0.5,T,H,Lose,2,2,,3,10890.0,1089.0,0.5,H,T,Lose,2,2,,3,8910.0,891.0,0.5,T,H,Lose,2,2,,3,8910.0,891.0,0.8,T,H,Lose,3,1,,3,13310.0,1331.0,0.8,H,T,Lose,3,1,,3,8910.0,891.0,0.5,H,T,Lose,2,2,,3,10890.0,1089.0,0.8,T,H,Lose,3,1,,3,10890.0,1089.0,0.5,H,T,Lose,2,2,,3,10890.0,1089.0,0.8,H,T,Lose,3,1,,3,10890.0,1089.0,0.2,T,H,Lose,1,3,,3,10890.0,1089.0,0.5,H,T,Lose,2,2,,3,10890.0,1089.0,0.2,T,H,Lose,1,3,,3,10890.0,1089.0,0.0,T,T,Win,0,4,,3,7290.0,729.0,0.5,T,T,Win,2,2,,3,10890.0,1089.0,0.0,T,T,Win,0,4,,3,8910.0,891.0,0.2,T,T,Win,1,3,,3,10890.0,1089.0,0.5,H,T,Lose,2,2,,3,13310.0,1331.0,0.5,T,H,Lose,2,2,,3,10890.0,1089.0,1.0,H,H,Win,4,0,,3,10890.0,1089.0,0.5,T,T,Win,2,2,,3,13310.0,1331.0,0.2,T,T,Win,1,3,,3,10890.0,1089.0,0.2,T,T,Win,1,3,,3,8910.0,891.0,0.5,T,H,Lose,2,2,,3,7290.0,729.0,0.8,T,H,Lose,3,1,,3,10890.0,1089.0,0.5,H,T,Lose,2,2,,3,10890.0,1089.0,0.2,T,H,Lose,1,3,,3,10890.0,1089.0,0.2,T,H,Lose,1,3,,3,10890.0,1089.0,0.8,H,T,Lose,3,1,,3,8910.0,891.0,0.5,T,H,Lose,2,2,,3,8910.0,891.0,0.5,T,H,Lose,2,2,,3,8910.0,891.0,0.2,T,T,Win,1,3,,3,10890.0,1089.0,0.8,H,H,Win,3,1,,3,10890.0,1089.0,1.0,H,H,Win,4,0,,3,10890.0,1089.0,0.8,H,H,Win,3,1,,3,8910.0,891.0,0.2,T,T,Win,1,3,,3,8910.0,891.0,0.2,T,T,Win,1,3,,3,10890.0,1089.0,0.8,T,H,Lose,3,1,,3,10890.0,1089.0,0.0,T,T,Win,0,4,,3,10890.0,1089.0,0.5,H,T,Lose,2,2,,3,10890.0,1089.0,0.5,T,H,Lose,2,2,,3,13310.0,1331.0,0.2,T,T,Win,1,3,,3,13310.0,1331.0,1.0,H,H,Win,4,0,,3,13310.0,1331.0,0.5,T,H,Lose,2,2,,3,8910.0,891.0,0.5,T,H,Lose,2,2,,3,8910.0,891.0,0.5,T,H,Lose,2,2,,3,8910.0,891.0,0.5,H,T,Lose,2,2,,3,13310.0,1331.0,0.2,T,T,Win,1,3,,3,10890.0,1089.0,0.2,T,H,Lose,1,3,,3,10890.0,1089.0,0.5,T,T,Win,2,2,,3,8910.0,891.0,0.2,T,T,Win,1,3,,3,8910.0,891.0,0.2,T,T,Win,1,3,,3,7290.0,729.0,0.5,T,T,Win,2,2,,3,8910.0,891.0,0.2,T,T,Win,1,3,,3,10890.0,1089.0,1.0,H,H,Win,4,0,,3,13310.0,1331.0,0.2,T,T,Win,1,3,,3,8910.0,891.0,0.2,T,T,Win,1,3,,3,8910.0,891.0,0.5,T,H,Lose,2,2,,3,10890.0,1089.0,0.5,T,H,Lose,2,2,,3,10890.0,1089.0,0.5,T,H,Lose,2,2,,3,8910.0,891.0,0.2,T,T,Win,1,3,,3,13310.0,1331.0,1.0,H,H,Win,4,0,,3,10890.0,1089.0,0.8,H,H,Win,3,1,,3,10890.0,1089.0,0.2,T,H,Lose,1,3,,3,10890.0,1089.0,0.8,H,T,Lose,3,1,,3,8910.0,891.0,0.8,T,H,Lose,3,1,,3,7290.0,729.0,0.8,H,H,Win,3,1,,3,8910.0,891.0,0.2,T,T,Win,1,3,,3,8910.0,891.0,0.8,T,H,Lose,3,1,,3,7290.0,729.0,0.8,T,H,Lose,3,1,,3,10890.0,1089.0,0.2,T,H,Lose,1,3,,3,8910.0,891.0,0.2,T,T,Win,1,3,,3,8910.0,891.0,0.5,T,H,Lose,2,2,,3,13310.0,1331.0,1.0,H,H,Win,4,0,,3,13310.0,1331.0,0.8,H,T,Lose,3,1,,3,10890.0,1089.0,0.5,T,T,Win,2,2,,3,10890.0,1089.0,0.8,H,H,Win,3,1,,3,8910.0,891.0,0.5,T,T,Win,2,2,,3,8910.0,891.0,0.5,T,H,Lose,2,2,,3,10890.0,1089.0,0.5,T,H,Lose,2,2,,3,8910.0,891.0,0.8,H,H,Win,3,1,,3,8910.0,891.0,0.5,T,H,Lose,2,2,,3,10890.0,1089.0,0.2,T,T,Win,1,3,,3,13310.0,1331.0,0.5,T,H,Lose,2,2,,3,10890.0,1089.0,1.0,H,H,Win,4,0,,3,8910.0,891.0,0.5,T,H,Lose,2,2,,3,8910.0,891.0,0.5,T,H,Lose,2,2,,3,10890.0,1089.0,0.8,H,T,Lose,3,1,,3,8910.0,891.0,0.2,T,T,Win,1,3,,3,7290.0,729.0,0.5,H,T,Lose,2,2,,3,10890.0,1089.0,0.5,T,H,Lose,2,2,,3,8910.0,891.0,0.8,T,H,Lose,3,1,,3,8910.0,891.0,0.2,T,T,Win,1,3,,3,8910.0,891.0,0.5,H,T,Lose,2,2,,3,10890.0,1089.0,0.5,H,T,Lose,2,2,,3,10890.0,1089.0,0.8,T,H,Lose,3,1,,3,8910.0,891.0,0.5,T,T,Win,2,2,,3,10890.0,1089.0,0.2,T,H,Lose,1,3,,3,8910.0,891.0,0.5,T,H,Lose,2,2,,3,8910.0,891.0,0.5,T,H,Lose,2,2,,3,10890.0,1089.0,0.8,H,H,Win,3,1,,3,10890.0,1089.0,0.5,T,T,Win,2,2,,3,8910.0,891.0,0.2,T,T,Win,1,3,,3,8910.0,891.0,0.8,H,H,Win,3,1,,3,7290.0,729.0,0.8,H,H,Win,3,1,,3,10890.0,1089.0,0.8,H,H,Win,3,1,,3,10890.0,1089.0,0.8,T,H,Lose,3,1,,3,10890.0,1089.0,0.5,H,T,Lose,2,2,,3,13310.0,1331.0,0.2,T,T,Win,1,3,,3,10890.0,1089.0,0.2,T,H,Lose,1,3,,3,8910.0,891.0,0.5,T,H,Lose,2,2,,3,7290.0,729.0,0.8,H,H,Win,3,1,,3,10890.0,1089.0,0.5,T,H,Lose,2,2,,3,8910.0,891.0,0.2,T,T,Win,1,3,,3,10890.0,1089.0,0.5,T,T,Win,2,2,,3,10890.0,1089.0,0.0,T,T,Win,0,4,,3,8910.0,891.0,0.5,T,H,Lose,2,2,,3,8910.0,891.0,0.5,T,H,Lose,2,2,,3,13310.0,1331.0,0.2,T,T,Win,1,3,,3,10890.0,1089.0,0.8,H,H,Win,3,1,,3,10890.0,1089.0,0.5,T,T,Win,2,2,,3,7290.0,729.0,0.8,T,H,Lose,3,1,,3,7290.0,729.0,0.8,T,H,Lose,3,1,,3,7290.0,729.0,0.5,H,T,Lose,2,2,,3,8910.0,891.0,0.5,T,H,Lose,2,2,,3,10890.0,1089.0,0.2,T,H,Lose,1,3,,3,10890.0,1089.0,0.8,T,H,Lose,3,1,,3,10890.0,1089.0,0.8,H,T,Lose,3,1,,3,8910.0,891.0,0.8,T,H,Lose,3,1,,3,10890.0,1089.0,0.5,H,T,Lose,2,2,,3,8910.0,891.0,0.5,H,T,Lose,2,2,,3,10890.0,1089.0,0.8,H,H,Win,3,1,,3,8910.0,891.0,0.2,T,T,Win,1,3,,3,13310.0,1331.0,0.2,T,T,Win,1,3,,3,13310.0,1331.0,0.8,H,T,Lose,3,1,,3,13310.0,1331.0,1.0,H,H,Win,4,0,,3,10890.0,1089.0,0.8,H,H,Win,3,1,,3,8910.0,891.0,0.5,T,H,Lose,2,2,,3,8910.0,891.0,0.5,T,H,Lose,2,2,,3,8910.0,891.0,0.2,T,T,Win,1,3,,3,8910.0,891.0,0.8,H,H,Win,3,1,,3,10890.0,1089.0,0.5,T,H,Lose,2,2,,3,10890.0,1089.0,0.0,T,T,Win,0,4,,3,10890.0,1089.0,0.0,T,T,Win,0,4,,3,8910.0,891.0,0.5,T,H,Lose,2,2,
4,14641.0,1464.1000000000001,0.8,H,T,Lose,4,1,,4,11979.0,1197.9,0.2,T,T,Win,1,4,,4,8019.0,801.9000000000001,0.6,T,H,Lose,3,2,,4,9801.0,980.1,0.2,T,T,Win,1,4,,4,8019.0,801.9000000000001,0.4,T,T,Win,2,3,,4,14641.0,1464.1000000000001,1.0,H,H,Win,5,0,,4,11979.0,1197.9,0.6,H,T,Lose,3,2,,4,11979.0,1197.9,0.2,T,H,Lose,1,4,,4,11979.0,1197.9,0.0,T,T,Win,0,5,,4,6561.0,656.1,0.6,H,T,Lose,3,2,,4,9801.0,980.1,0.8,H,H,Win,4,1,,4,9801.0,980.1,0.4,T,H,Lose,2,3,,4,14641.0,1464.1000000000001,0.8,H,T,Lose,4,1,,4,14641.0,1464.1000000000001,0.2,T,T,Win,1,4,,4,9801.0,980.1,0.6,T,H,Lose,3,2,,4,8019.0,801.9000000000001,0.4,T,T,Win,2,3,,4,9801.0,980.1,0.4,T,H,Lose,2,3,,4,8019.0,801.9000000000001,0.6,H,T,Lose,3,2,,4,11979.0,1197.9,0.6,T,H,Lose,3,2,,4,11979.0,1197.9,0.4,T,T,Win,2,3,,4,8019.0,801.9000000000001,0.4,T,T,Win,2,3,,4,8019.0,801.9000000000001,0.6,H,T,Lose,3,2,,4,9801.0,980.1,0.6,H,T,Lose,3,2,,4,11979.0,1197.9,0.8,H,T,Lose,4,1,,4,8019.0,801.9000000000001,0.8,H,H,Win,4,1,,4,9801.0,980.1,0.2,T,T,Win,1,4,,4,14641.0,1464.1000000000001,0.8,H,T,Lose,4,1,,4,9801.0,980.1,0.2,T,T,Win,1,4,,4,9801.0,980.1,0.4,T,H,Lose,2,3,,4,8019.0,801.9000000000001,0.6,T,H,Lose,3,2,,4,9801.0,980.1,0.6,T,H,Lose,3,2,,4,6561.0,656.1,0.4,T,T,Win,2,3,,4,9801.0,980.1,0.6,H,T,Lose,3,2,,4,11979.0,1197.9,0.2,T,T,Win,1,4,,4,8019.0,801.9000000000001,0.4,T,T,Win,2,3,,4,9801.0,980.1,0.4,T,T,Win,2,3,,4,9801.0,980.1,0.2,T,T,Win,1,4,,4,8019.0,801.9000000000001,0.4,T,T,Win,2,3,,4,14641.0,1464.1000000000001,1.0,H,H,Win,5,0,,4,9801.0,980.1,0.4,T,T,Win,2,3,,4,14641.0,1464.1000000000001,0.2,T,T,Win,1,4,,4,11979.0,1197.9,0.4,T,H,Lose,2,3,,4,9801.0,980.1,0.8,H,H,Win,4,1,,4,9801.0,980.1,0.2,T,T,Win,1,4,,4,9801.0,980.1,0.6,T,H,Lose,3,2,,4,8019.0,801.9000000000001,0.6,H,T,Lose,3,2,,4,9801.0,980.1,0.8,H,H,Win,4,1,,4,6561.0,656.1,0.6,H,T,Lose,3,2,,4,14641.0,1464.1000000000001,0.8,H,T,Lose,4,1,,4,9801.0,980.1,0.2,T,T,Win,1,4,,4,8019.0,801.9000000000001,0.4,T,T,Win,2,3,,4,9801.0,980.1,0.2,T,T,Win,1,4,,4,8019.0,801.9000000000001,0.6,T,H,Lose,3,2,,4,14641.0,1464.1000000000001,0.2,T,T,Win,1,4,,4,9801.0,980.1,0.2,T,T,Win,1,4,,4,9801.0,980.1,0.2,T,T,Win,1,4,,4,11979.0,1197.9,0.2,T,T,Win,1,4,,4,9801.0,980.1,0.2,T,T,Win,1,4,,4,8019.0,801.9000000000001,0.6,T,H,Lose,3,2,,4,8019.0,801.9000000000001,0.4,T,T,Win,2,3,,4,11979.0,1197.9,0.4,T,H,Lose,2,3,,4,9801.0,980.1,0.8,H,H,Win,4,1,,4,11979.0,1197.9,1.0,H,H,Win,5,0,,4,11979.0,1197.9,0.2,T,H,Lose,1,4,,4,9801.0,980.1,0.6,H,T,Lose,3,2,,4,11979.0,1197.9,0.4,T,H,Lose,2,3,,4,6561.0,656.1,0.4,T,T,Win,2,3,,4,8019.0,801.9000000000001,0.6,H,T,Lose,3,2,,4,8019.0,801.9000000000001,0.6,H,T,Lose,3,2,,4,8019.0,801.9000000000001,0.6,T,H,Lose,3,2,,4,11979.0,1197.9,1.0,H,H,Win,5,0,,4,14641.0,1464.1000000000001,0.4,T,H,Lose,2,3,,4,9801.0,980.1,0.6,T,H,Lose,3,2,,4,9801.0,980.1,0.2,T,T,Win,1,4,,4,9801.0,980.1,0.4,T,H,Lose,2,3,,4,8019.0,801.9000000000001,0.4,T,T,Win,2,3,,4,8019.0,801.9000000000001,0.6,T,H,Lose,3,2,,4,9801.0,980.1,0.2,T,T,Win,1,4,,4,11979.0,1197.9,0.8,H,H,Win,4,1,,4,9801.0,980.1,0.6,T,H,Lose,3,2,,4,8019.0,801.9000000000001,0.6,T,H,Lose,3,2,,4,8019.0,801.9000000000001,0.6,T,H,Lose,3,2,,4,9801.0,980.1,0.4,T,H,Lose,2,3,,4,11979.0,1197.9,0.8,H,T,Lose,4,1,,4,11979.0,1197.9,0.0,T,T,Win,0,5,,4,8019.0,801.9000000000001,0.4,T,T,Win,2,3,,4,11979.0,1197.9,0.4,T,T,Win,2,3,,4,11979.0,1197.9,0.6,T,H,Lose,3,2,,4,8019.0,801.9000000000001,0.8,H,H,Win,4,1,,4,11979.0,1197.9,0.0,T,T,Win,0,5,,4,9801.0,980.1,0.2,T,T,Win,1,4,,4,6561.0,656.1,0.4,T,T,Win,2,3,,4,9801.0,980.1,0.4,T,H,Lose,2,3,,4,9801.0,980.1,0.4,T,H,Lose,2,3,,4,9801.0,980.1,0.6,H,T,Lose,3,2,,4,11979.0,1197.9,0.0,T,T,Win,0,5,,4,11979.0,1197.9,0.6,T,H,Lose,3,2,,4,6561.0,656.1,0.6,T,H,Lose,3,2,,4,9801.0,980.1,0.4,T,H,Lose,2,3,,4,9801.0,980.1,0.2,T,T,Win,1,4,,4,8019.0,801.9000000000001,0.6,T,H,Lose,3,2,,4,14641.0,1464.1000000000001,0.8,H,T,Lose,4,1,,4,8019.0,801.9000000000001,0.4,T,T,Win,2,3,,4,9801.0,980.1,0.2,T,T,Win,1,4,,4,11979.0,1197.9,0.8,H,H,Win,4,1,,4,11979.0,1197.9,0.4,T,T,Win,2,3,,4,11979.0,1197.9,0.4,T,T,Win,2,3,,4,9801.0,980.1,0.6,H,T,Lose,3,2,,4,6561.0,656.1,0.8,H,H,Win,4,1,,4,9801.0,980.1,0.8,H,H,Win,4,1,,4,9801.0,980.1,0.2,T,T,Win,1,4,,4,8019.0,801.9000000000001,0.6,T,H,Lose,3,2,,4,11979.0,1197.9,0.6,H,T,Lose,3,2,,4,8019.0,801.9000000000001,0.4,T,T,Win,2,3,,4,11979.0,1197.9,0.2,T,T,Win,1,4,,4,9801.0,980.1,0.2,T,T,Win,1,4,,4,6561.0,656.1,0.4,T,T,Win,2,3,,4,8019.0,801.9000000000001,0.6,T,H,Lose,3,2,,4,6561.0,656.1,0.8,H,H,Win,4,1,,4,11979.0,1197.9,0.6,H,T,Lose,3,2,,4,8019.0,801.9000000000001,0.6,T,H,Lose,3,2,,4,11979.0,1197.9,0.0,T,T,Win,0,5,,4,9801.0,980.1,0.2,T,T,Win,1,4,,4,9801.0,980.1,0.4,T,H,Lose,2,3,,4,9801.0,980.1,0.2,T,T,Win,1,4,,4,9801.0,980.1,0.6,H,T,Lose,3,2,,4,6561.0,656.1,0.6,T,H,Lose,3,2,,4,9801.0,980.1,0.8,H,H,Win,4,1,,4,9801.0,980.1,0.4,T,T,Win,2,3,,4,8019.0,801.9000000000001,0.4,T,T,Win,2,3,,4,8019.0,801.9000000000001,0.6,T,H,Lose,3,2,,4,9801.0,980.1,0.6,H,T,Lose,3,2,,4,9801.0,980.1,0.4,T,T,Win,2,3,,4,14641.0,1464.1000000000001,0.8,H,T,Lose,4,1,,4,8019.0,801.9000000000001,0.8,H,H,Win,4,1,,4,11979.0,1197.9,0.2,T,H,Lose,1,4,,4,8019.0,801.9000000000001,0.8,H,H,Win,4,1,,4,6561.0,656.1,0.4,T,T,Win,2,3,,4,8019.0,801.9000000000001,0.4,T,T,Win,2,3,,4,11979.0,1197.9,0.8,H,H,Win,4,1,,4,11979.0,1197.9,0.2,T,T,Win,1,4,,4,11979.0,1197.9,1.0,H,H,Win,5,0,,4,8019.0,801.9000000000001,0.6,T,H,Lose,3,2,,4,8019.0,801.9000000000001,0.4,T,T,Win,2,3,,4,8019.0,801.9000000000001,0.8,H,H,Win,4,1,,4,11979.0,1197.9,0.6,H,T,Lose,3,2,,4,8019.0,801.9000000000001,0.8,H,H,Win,4,1,,4,11979.0,1197.9,0.4,T,T,Win,2,3,,4,8019.0,801.9000000000001,0.6,H,T,Lose,3,2,,4,9801.0,980.1,0.6,H,T,Lose,3,2,,4,11979.0,1197.9,0.6,H,T,Lose,3,2,,4,9801.0,980.1,0.4,T,T,Win,2,3,,4,9801.0,980.1,0.8,H,H,Win,4,1,,4,14641.0,1464.1000000000001,0.4,T,H,Lose,2,3,,4,9801.0,980.1,0.4,T,H,Lose,2,3,,4,8019.0,801.9000000000001,0.6,H,T,Lose,3,2,,4,8019.0,801.9000000000001,0.6,H,T,Lose,3,2,,4,6561.0,656.1,0.8,H,H,Win,4,1,,4,9801.0,980.1,0.6,T,H,Lose,3,2,,4,11979.0,1197.9,1.0,H,H,Win,5,0,,4,9801.0,980.1,0.4,T,T,Win,2,3,,4,6561.0,656.1,0.4,T,T,Win,2,3,,4,9801.0,980.1,0.4,T,T,Win,2,3,,4,8019.0,801.9000000000001,0.6,T,H,Lose,3,2,,4,8019.0,801.9000000000001,0.6,T,H,Lose,3,2,,4,8019.0,801.9000000000001,0.4,T,T,Win,2,3,,4,11979.0,1197.9,1.0,H,H,Win,5,0,,4,9801.0,980.1,0.6,H,T,Lose,3,2,,4,9801.0,980.1,0.8,H,H,Win,4,1,,4,9801.0,980.1,0.6,T,H,Lose,3,2,,4,8019.0,801.9000000000001,0.6,T,H,Lose,3,2,,4,11979.0,1197.9,1.0,H,H,Win,5,0,,4,9801.0,980.1,0.4,T,T,Win,2,3,,4,9801.0,980.1,0.4,T,H,Lose,2,3,,4,14641.0,1464.1000000000001,1.0,H,H,Win,5,0,,4,8019.0,801.9000000000001,0.4,T,T,Win,2,3,,4,11979.0,1197.9,0.2,T,H,Lose,1,4,,4,8019.0,801.9000000000001,0.8,H,H,Win,4,1,,4,11979.0,1197.9,0.2,T,H,Lose,1,4,,4,11979.0,1197.9,0.2,T,H,Lose,1,4,,4,9801.0,980.1,0.4,T,H,Lose,2,3,,4,11979.0,1197.9,0.4,T,T,Win,2,3,,4,8019.0,801.9000000000001,0.6,T,H,Lose,3,2,,4,6561.0,656.1,0.6,H,T,Lose,3,2,,4,8019.0,801.9000000000001,0.6,T,H,Lose,3,2,,4,9801.0,980.1,0.6,T,H,Lose,3,2,,4,11979.0,1197.9,0.6,T,H,Lose,3,2,,4,9801.0,980.1,0.4,T,T,Win,2,3,,4,9801.0,980.1,0.4,T,H,Lose,2,3,,4,8019.0,801.9000000000001,0.6,T,H,Lose,3,2,,4,8019.0,801.9000000000001,0.4,T,T,Win,2,3,,4,9801.0,980.1,0.2,T,T,Win,1,4,,4,8019.0,801.9000000000001,0.8,H,H,Win,4,1,,4,9801.0,980.1,0.8,H,H,Win,4,1,,4,11979.0,1197.9,0.6,H,T,Lose,3,2,,4,9801.0,980.1,0.4,T,H,Lose,2,3,,4,11979.0,1197.9,0.0,T,T,Win,0,5,,4,8019.0,801.9000000000001,0.8,H,H,Win,4,1,,4,8019.0,801.9000000000001,0.4,T,T,Win,2,3,,4,9801.0,980.1,0.6,T,H,Lose,3,2,,4,11979.0,1197.9,0.4,T,T,Win,2,3,,4,11979.0,1197.9,0.8,H,T,Lose,4,1,,4,8019.0,801.9000000000001,0.4,T,T,Win,2,3,,4,14641.0,1464.1000000000001,1.0,H,H,Win,5,0,,4,8019.0,801.9000000000001,0.6,T,H,Lose,3,2,,4,8019.0,801.9000000000001,0.4,T,T,Win,2,3,,4,9801.0,980.1,0.4,T,H,Lose,2,3,,4,11979.0,1197.9,0.0,T,T,Win,0,5,,4,9801.0,980.1,0.2,T,T,Win,1,4,,4,6561.0,656.1,0.8,H,H,Win,4,1,,4,6561.0,656.1,0.8,H,H,Win,4,1,,4,9801.0,980.1,0.6,T,H,Lose,3,2,,4,11979.0,1197.9,0.0,T,T,Win,0,5,,4,11979.0,1197.9,0.0,T,T,Win,0,5,,4,6561.0,656.1,0.8,H,H,Win,4,1,,4,11979.0,1197.9,0.8,H,T,Lose,4,1,,4,9801.0,980.1,0.4,T,T,Win,2,3,,4,11979.0,1197.9,0.4,T,T,Win,2,3,,4,14641.0,1464.1000000000001,1.0,H,H,Win,5,0,,4,9801.0,980.1,0.6,T,H,Lose,3,2,,4,9801.0,980.1,0.4,T,H,Lose,2,3,,4,9801.0,980.1,0.6,H,T,Lose,3,2,,4,6561.0,656.1,0.6,T,H,Lose,3,2,,4,11979.0,1197.9,0.4,T,H,Lose,2,3,,4,8019.0,801.9000000000001,0.6,T,H,Lose,3,2,,4,9801.0,980.1,0.2,T,T,Win,1,4,,4,8019.0,801.9000000000001,0.6,H,T,Lose,3,2,,4,8019.0,801.9000000000001,0.6,T,H,Lose,3,2,,4,11979.0,1197.9,0.6,H,T,Lose,3,2,,4,11979.0,1197.9,0.4,T,T,Win,2,3,,4,14641.0,1464.1000000000001,1.0,H,H,Win,5,0,,4,8019.0,801.9000000000001,0.6,T,H,Lose,3,2,,4,8019.0,801.9000000000001,0.6,T,H,Lose,3,2,,4,8019.0,801.9000000000001,0.6,T,H,Lose,3,2,,4,9801.0,980.1,0.4,T,H,Lose,2,3,,4,11979.0,1197.9,1.0,H,H,Win,5,0,,4,9801.0,980.1,0.6,T,H,Lose,3,2,,4,11979.0,1197.9,0.0,T,T,Win,0,5,,4,14641.0,1464.1000000000001,0.4,T,H,Lose,2,3,,4,9801.0,980.1,0.4,T,T,Win,2,3,,4,11979.0,1197.9,0.6,T,H,Lose,3,2,,4,8019.0,801.9000000000001,0.8,H,H,Win,4,1,,4,9801.0,980.1,0.6,H,T,Lose,3,2,,4,14641.0,1464.1000000000001,0.2,T,T,Win,1,4,,4,9801.0,980.1,0.8,H,H,Win,4,1,,4,8019.0,801.9000000000001,0.8,H,H,Win,4,1,,4,8019.0,801.9000000000001,0.6,T,H,Lose,3,2,,4,9801.0,980.1,0.6,T,H,Lose,3,2,,4,11979.0,1197.9,0.4,T,T,Win,2,3,,4,11979.0,1197.9,0.6,H,T,Lose,3,2,,4,14641.0,1464.1000000000001,0.2,T,T,Win,1,4,,4,14641.0,1464.1000000000001,0.8,H,T,Lose,4,1,,4,8019.0,801.9000000000001,0.6,T,H,Lose,3,2,,4,9801.0,980.1,0.6,T,H,Lose,3,2,,4,9801.0,980.1,0.4,T,H,Lose,2,3,,4,11979.0,1197.9,0.6,T,H,Lose,3,2,,4,9801.0,980.1,0.4,T,H,Lose,2,3,,4,8019.0,801.9000000000001,0.4,T,T,Win,2,3,,4,9801.0,980.1,0.4,T,T,Win,2,3,,4,9801.0,980.1,0.2,T,T,Win,1,4,,4,8019.0,801.9000000000001,0.4,T,T,Win,2,3,,4,8019.0,801.9000000000001,0.4,T,T,Win,2,3,,4,9801.0,980.1,0.4,T,T,Win,2,3,,4,8019.0,801.9000000000001,0.8,H,H,Win,4,1,,4,9801.0,980.1,0.4,T,T,Win,2,3,,4,8019.0,801.9000000000001,0.6,T,H,Lose,3,2,,4,11979.0,1197.9,0.4,T,T,Win,2,3,,4,8019.0,801.9000000000001,0.4,T,T,Win,2,3,,4,8019.0,801.9000000000001,0.6,T,H,Lose,3,2,,4,11979.0,1197.9,0.2,T,H,Lose,1,4,,4,9801.0,980.1,0.8,H,H,Win,4,1,,4,11979.0,1197.9,0.2,T,H,Lose,1,4,,4,9801.0,980.1,0.8,H,H,Win,4,1,,4,14641.0,1464.1000000000001,1.0,H,H,Win,5,0,,4,8019.0,801.9000000000001,0.6,T,H,Lose,3,2,,4,8019.0,801.9000000000001,0.6,H,T,Lose,3,2,,4,6561.0,656.1,0.4,T,T,Win,2,3,,4,8019.0,801.9000000000001,0.4,T,T,Win,2,3,,4,9801.0,980.1,0.6,T,H,Lose,3,2,,4,11979.0,1197.9,0.8,H,H,Win,4,1,,4,9801.0,980.1,0.6,H,T,Lose,3,2,,4,9801.0,980.1,0.8,H,H,Win,4,1,,4,9801.0,980.1,0.8,H,H,Win,4,1,,4,6561.0,656.1,0.8,H,H,Win,4,1,,4,11979.0,1197.9,0.0,T,T,Win,0,5,,4,8019.0,801.9000000000001,0.4,T,T,Win,2,3,,4,9801.0,980.1,0.2,T,T,Win,1,4,,4,8019.0,801.9000000000001,0.4,T,T,Win,2,3,,4,8019.0,801.9000000000001,0.6,T,H,Lose,3,2,,4,9801.0,980.1,0.4,T,T,Win,2,3,,4,9801.0,980.1,0.6,T,H,Lose,3,2,,4,11979.0,1197.9,0.4,T,T,Win,2,3,,4,8019.0,801.9000000000001,0.6,H,T,Lose,3,2,,4,6561.0,656.1,0.8,H,H,Win,4,1,,4,14641.0,1464.1000000000001,1.0,H,H,Win,5,0,,4,11979.0,1197.9,0.8,H,H,Win,4,1,,4,8019.0,801.9000000000001,0.6,T,H,Lose,3,2,,4,8019.0,801.9000000000001,0.8,H,H,Win,4,1,,4,9801.0,980.1,0.4,T,H,Lose,2,3,,4,8019.0,801.9000000000001,0.4,T,T,Win,2,3,,4,9801.0,980.1,0.4,T,H,Lose,2,3,,4,9801.0,980.1,0.2,T,T,Win,1,4,,4,9801.0,980.1,0.2,T,T,Win,1,4,,4,8019.0,801.9000000000001,0.4,T,T,Win,2,3,,4,8019.0,801.9000000000001,0.4,T,T,Win,2,3,,4,9801.0,980.1,0.8,H,H,Win,4,1,,4,9801.0,980.1,0.2,T,T,Win,1,4,,4,11979.0,1197.9,0.2,T,T,Win,1,4,,4,9801.0,980.1,0.6,H,T,Lose,3,2,,4,8019.0,801.9000000000001,0.6,H,T,Lose,3,2,,4,11979.0,1197.9,0.0,T,T,Win,0,5,,4,8019.0,801.9000000000001,0.6,T,H,Lose,3,2,,4,11979.0,1197.9,0.4,T,T,Win,2,3,,4,11979.0,1197.9,0.8,H,T,Lose,4,1,,4,8019.0,801.9000000000001,0.4,T,T,Win,2,3,,4,9801.0,980.1,0.6,T,H,Lose,3,2,,4,9801.0,980.1,0.4,T,H,Lose,2,3,,4,14641.0,1464.1000000000001,1.0,H,H,Win,5,0,,4,9801.0,980.1,0.8,H,H,Win,4,1,,4,11979.0,1197.9,0.6,H,T,Lose,3,2,,4,11979.0,1197.9,0.2,T,H,Lose,1,4,,4,9801.0,980.1,0.8,H,H,Win,4,1,,4,8019.0,801.9000000000001,0.6,H,T,Lose,3,2,,4,9801.0,980.1,0.4,T,H,Lose,2,3,,4,8019.0,801.9000000000001,0.6,H,T,Lose,3,2,,4,14641.0,1464.1000000000001,0.4,T,H,Lose,2,3,,4,8019.0,801.9000000000001,0.4,T,T,Win,2,3,,4,9801.0,980.1,0.4,T,T,Win,2,3,,4,8019.0,801.9000000000001,0.6,T,H,Lose,3,2,,4,9801.0,980.1,0.4,T,T,Win,2,3,,4,14641.0,1464.1000000000001,0.8,H,T,Lose,4,1,,4,6561.0,656.1,0.4,T,T,Win,2,3,,4,11979.0,1197.9,0.8,H,H,Win,4,1,,4,6561.0,656.1,0.8,H,H,Win,4,1,,4,11979.0,1197.9,0.0,T,T,Win,0,5,,4,9801.0,980.1,0.4,T,T,Win,2,3,,4,9801.0,980.1,0.2,T,T,Win,1,4,,4,9801.0,980.1,0.8,H,H,Win,4,1,,4,8019.0,801.9000000000001,0.4,T,T,Win,2,3,,4,8019.0,801.9000000000001,0.6,H,T,Lose,3,2,,4,9801.0,980.1,0.2,T,T,Win,1,4,,4,9801.0,980.1,0.4,T,H,Lose,2,3,,4,11979.0,1197.9,0.0,T,T,Win,0,5,,4,9801.0,980.1,0.4,T,H,Lose,2,3,,4,9801.0,980.1,0.6,T,H,Lose,3,2,,4,9801.0,980.1,0.4,T,T,Win,2,3,,4,11979.0,1197.9,0.6,H,T,Lose,3,2,,4,8019.0,801.9000000000001,0.4,T,T,Win,2,3,,4,11979.0,1197.9,0.6,H,T,Lose,3,2,,4,9801.0,980.1,0.4,T,H,Lose,2,3,,4,6561.0,656.1,0.8,H,H,Win,4,1,,4,8019.0,801.9000000000001,0.4,T,T,Win,2,3,,4,9801.0,980.1,0.4,T,H,Lose,2,3,,4,11979.0,1197.9,0.0,T,T,Win,0,5,,4,8019.0,801.9000000000001,0.4,T,T,Win,2,3,,4,11979.0,1197.9,0.4,T,T,Win,2,3,,4,11979.0,1197.9,0.2,T,H,Lose,1,4,,4,11979.0,1197.9,0.8,H,H,Win,4,1,,4,6561.0,656.1,0.6,H,T,Lose,3,2,,4,8019.0,801.9000000000001,0.4,T,T,Win,2,3,,4,6561.0,656.1,0.6,T,H,Lose,3,2,,4,9801.0,980.1,0.2,T,T,Win,1,4,,4,9801.0,980.1,0.6,H,T,Lose,3,2,,4,9801.0,980.1,0.8,H,H,Win,4,1,,4,9801.0,980.1,0.8,H,H,Win,4,1,,4,8019.0,801.9000000000001,0.4,T,T,Win,2,3,,4,8019.0,801.9000000000001,0.4,T,T,Win,2,3,,4,9801.0,980.1,0.2,T,T,Win,1,4,,4,11979.0,1197.9,0.4,T,T,Win,2,3,,4,11979.0,1197.9,0.6,T,H,Lose,3,2,,4,8019.0,801.9000000000001,0.4,T,T,Win,2,3,,4,8019.0,801.9000000000001,0.6,T,H,Lose,3,2,,4,14641.0,1464.1000000000001,0.8,H,T,Lose,4,1,,4,8019.0,801.9000000000001,0.4,T,T,Win,2,3,,4,6561.0,656.1,0.6,T,H,Lose,3,2,,4,11979.0,1197.9,1.0,H,H,Win,5,0,,4,9801.0,980.1,0.2,T,T,Win,1,4,,4,9801.0,980.1,0.2,T,T,Win,1,4,,4,8019.0,801.9000000000001,0.8,H,H,Win,4,1,,4,11979.0,1197.9,0.6,T,H,Lose,3,2,,4,14641.0,1464.1000000000001,0.4,T,H,Lose,2,3,,4,9801.0,980.1,0.4,T,H,Lose,2,3,,4,11979.0,1197.9,0.4,T,T,Win,2,3,,4,8019.0,801.9000000000001,0.4,T,T,Win,2,3,,4,11979.0,1197.9,0.6,H,T,Lose,3,2,,4,9801.0,980.1,0.4,T,T,Win,2,3,,4,8019.0,801.9000000000001,0.6,T,H,Lose,3,2,,4,8019.0,801.9000000000001,0.6,H,T,Lose,3,2,,4,9801.0,980.1,0.2,T,T,Win,1,4,,4,11979.0,1197.9,0.6,T,H,Lose,3,2,,4,8019.0,801.9000000000001,0.4,T,T,Win,2,3,,4,8019.0,801.9000000000001,0.8,H,H,Win,4,1,,4,9801.0,980.1,0.4,T,H,Lose,2,3,,4,9801.0,980.1,0.8,H,H,Win,4,1,,4,14641.0,1464.1000000000001,1.0,H,H,Win,5,0,,4,11979.0,1197.9,0.4,T,T,Win,2,3,,4,8019.0,801.9000000000001,0.6,T,H,Lose,3,2,,4,9801.0,980.1,0.4,T,H,Lose,2,3,,4,8019.0,801.9000000000001,0.8,H,H,Win,4,1,,4,8019.0,801.9000000000001,0.6,H,T,Lose,3,2,,4,9801.0,980.1,0.2,T,T,Win,1,4,,4,11979.0,1197.9,0.0,T,T,Win,0,5,,4,11979.0,1197.9,0.6,H,T,Lose,3,2,,4,6561.0,656.1,0.6,H,T,Lose,3,2,,4,11979.0,1197.9,0.0,T,T,Win,0,5,,4,8019.0,801.9000000000001,0.8,H,H,Win,4,1,,4,8019.0,801.9000000000001,0.4,T,T,Win,2,3,,4,14641.0,1464.1000000000001,1.0,H,H,Win,5,0,,4,9801.0,980.1,0.2,T,T,Win,1,4,,4,6561.0,656.1,0.6,T,H,Lose,3,2,,4,11979.0,1197.9,0.4,T,H,Lose,2,3,,4,8019.0,801.9000000000001,0.4,T,T,Win,2,3,,4,9801.0,980.1,0.6,T,H,Lose,3,2,,4,8019.0,801.9000000000001,0.8,H,H,Win,4,1,,4,9801.0,980.1,0.8,H,H,Win,4,1,,4,9801.0,980.1,0.8,H,H,Win,4,1,,4,9801.0,980.1,0.4,T,H,Lose,2,3,,4,8019.0,801.9000000000001,0.4,T,T,Win,2,3,,4,8019.0,801.9000000000001,0.6,T,H,Lose,3,2,,4,8019.0,801.9000000000001,0.4,T,T,Win,2,3,,4,6561.0,656.1,0.8,H,H,Win,4,1,,4,11979.0,1197.9,0.6,T,H,Lose,3,2,,4,9801.0,980.1,0.4,T,H,Lose,2,3,,4,9801.0,980.1,0.6,T,H,Lose,3,2,,4,9801.0,980.1,0.6,T,H,Lose,3,2,,4,11979.0,1197.9,0.4,T,H,Lose,2,3,,4,9801.0,980.1,0.2,T,T,Win,1,4,,4,8019.0,801.9000000000001,0.4,T,T,Win,2,3,,4,11979.0,1197.9,0.6,T,H,Lose,3,2,,4,11979.0,1197.9,0.6,H,T,Lose,3,2,,4,11979.0,1197.9,0.4,T,H,Lose,2,3,,4,8019.0,801.9000000000001,0.6,T,H,Lose,3,2,,4,9801.0,980.1,0.4,T,H,Lose,2,3,,4,8019.0,801.9000000000001,0.6,H,T,Lose,3,2,,4,6561.0,656.1,0.6,T,H,Lose,3,2,,4,6561.0,656.1,0.6,T,H,Lose,3,2,,4,11979.0,1197.9,0.8,H,T,Lose,4,1,,4,8019.0,801.9000000000001,0.6,H,T,Lose,3,2,,4,9801.0,980.1,0.4,T,H,Lose,2,3,,4,11979.0,1197.9,0.6,H,T,Lose,3,2,,4,14641.0,1464.1000000000001,1.0,H,H,Win,5,0,,4,9801.0,980.1,0.8,H,H,Win,4,1,,4,6561.0,656.1,0.4,T,T,Win,2,3,,4,8019.0,801.9000000000001,0.6,T,H,Lose,3,2,,4,8019.0,801.9000000000001,0.4,T,T,Win,2,3,,4,8019.0,801.9000000000001,0.6,T,H,Lose,3,2,,4,9801.0,980.1,0.2,T,T,Win,1,4,,4,6561.0,656.1,0.6,T,H,Lose,3,2,,4,9801.0,980.1,0.6,T,H,Lose,3,2,,4,11979.0,1197.9,0.4,T,H,Lose,2,3,,4,9801.0,980.1,0.2,T,T,Win,1,4,,4,9801.0,980.1,0.2,T,T,Win,1,4,,4,9801.0,980.1,0.2,T,T,Win,1,4,,4,14641.0,1464.1000000000001,0.8,H,T,Lose,4,1,,4,11979.0,1197.9,0.6,T,H,Lose,3,2,,4,9801.0,980.1,0.6,H,T,Lose,3,2,,4,9801.0,980.1,0.2,T,T,Win,1,4,,4,11979.0,1197.9,0.8,H,H,Win,4,1,,4,8019.0,801.9000000000001,0.6,H,T,Lose,3,2,,4,9801.0,980.1,0.4,T,H,Lose,2,3,,4,9801.0,980.1,0.2,T,T,Win,1,4,,4,8019.0,801.9000000000001,0.6,T,H,Lose,3,2,,4,11979.0,1197.9,0.8,H,H,Win,4,1,,4,8019.0,801.9000000000001,0.4,T,T,Win,2,3,,4,9801.0,980.1,0.4,T,T,Win,2,3,,4,9801.0,980.1,0.6,T,H,Lose,3,2,,4,9801.0,980.1,0.4,T,H,Lose,2,3,,4,8019.0,801.9000000000001,0.8,H,H,Win,4,1,,4,11979.0,1197.9,0.2,T,T,Win,1,4,,4,8019.0,801.9000000000001,0.6,T,H,Lose,3,2,,4,11979.0,1197.9,0.6,T,H,Lose,3,2,,4,11979.0,1197.9,0.6,H,T,Lose,3,2,,4,11979.0,1197.9,0.2,T,T,Win,1,4,,4,6561.0,656.1,0.8,H,H,Win,4,1,,4,9801.0,980.1,0.4,T,H,Lose,2,3,,4,11979.0,1197.9,0.6,H,T,Lose,3,2,,4,11979.0,1197.9,0.2,T,H,Lose,1,4,,4,8019.0,801.9000000000001,0.4,T,T,Win,2,3,,4,9801.0,980.1,0.2,T,T,Win,1,4,,4,8019.0,801.9000000000001,0.6,T,H,Lose,3,2,,4,8019.0,801.9000000000001,0.4,T,T,Win,2,3,,4,6561.0,656.1,0.8,H,H,Win,4,1,,4,8019.0,801.9000000000001,0.6,T,H,Lose,3,2,,4,14641.0,1464.1000000000001,0.2,T,T,Win,1,4,,4,8019.0,801.9000000000001,0.4,T,T,Win,2,3,,4,8019.0,801.9000000000001,0.8,H,H,Win,4,1,,4,11979.0,1197.9,0.8,H,T,Lose,4,1,,4,9801.0,980.1,0.4,T,H,Lose,2,3,,4,9801.0,980.1,0.2,T,T,Win,1,4,,4,9801.0,980.1,0.4,T,T,Win,2,3,,4,9801.0,980.1,0.4,T,H,Lose,2,3,,4,6561.0,656.1,0.8,H,H,Win,4,1,,4,8019.0,801.9000000000001,0.6,T,H,Lose,3,2,,4,9801.0,980.1,0.6,H,T,Lose,3,2,,4,9801.0,980.1,0.2,T,T,Win,1,4,,4,9801.0,980.1,0.8,H,H,Win,4,1,,4,14641.0,1464.1000000000001,0.8,H,T,Lose,4,1,,4,11979.0,1197.9,0.8,H,T,Lose,4,1,,4,6561.0,656.1,0.6,T,H,Lose,3,2,,4,8019.0,801.9000000000001,0.6,T,H,Lose,3,2,,4,9801.0,980.1,0.4,T,H,Lose,2,3,,4,11979.0,1197.9,1.0,H,H,Win,5,0,,4,9801.0,980.1,0.8,H,H,Win,4,1,,4,9801.0,980.1,0.4,T,H,Lose,2,3,,4,9801.0,980.1,0.2,T,T,Win,1,4,,4,9801.0,980.1,0.4,T,T,Win,2,3,,4,6561.0,656.1,0.8,H,H,Win,4,1,,4,6561.0,656.1,0.6,H,T,Lose,3,2,,4,9801.0,980.1,0.2,T,T,Win,1,4,,4,9801.0,980.1,0.2,T,T,Win,1,4,,4,11979.0,1197.9,0.8,H,H,Win,4,1,,4,9801.0,980.1,0.4,T,T,Win,2,3,,4,9801.0,980.1,0.6,T,H,Lose,3,2,,4,8019.0,801.9000000000001,0.4,T,T,Win,2,3,,4,9801.0,980.1,0.2,T,T,Win,1,4,,4,14641.0,1464.1000000000001,0.4,T,H,Lose,2,3,,4,11979.0,1197.9,0.6,H,T,Lose,3,2,,4,11979.0,1197.9,0.2,T,T,Win,1,4,,4,11979.0,1197.9,0.6,H,T,Lose,3,2,,4,14641.0,1464.1000000000001,0.2,T,T,Win,1,4,,4,8019.0,801.9000000000001,0.6,T,H,Lose,3,2,,4,9801.0,980.1,0.6,H,T,Lose,3,2,,4,11979.0,1197.9,0.4,T,T,Win,2,3,,4,11979.0,1197.9,0.2,T,H,Lose,1,4,,4,8019.0,801.9000000000001,0.4,T,T,Win,2,3,,4,9801.0,980.1,0.4,T,T,Win,2,3,,4,14641.0,1464.1000000000001,0.8,H,T,Lose,4,1,,4,14641.0,1464.1000000000001,0.2,T,T,Win,1,4,,4,14641.0,1464.1000000000001,1.0,H,H,Win,5,0,,4,14641.0,1464.1000000000001,0.4,T,H,Lose,2,3,,4,11979.0,1197.9,0.4,T,H,Lose,2,3,,4,9801.0,980.1,0.2,T,T,Win,1,4,,4,9801.0,980.1,0.2,T,T,Win,1,4,,4,8019.0,801.9000000000001,0.4,T,T,Win,2,3,,4,8019.0,801.9000000000001,0.6,T,H,Lose,3,2,,4,9801.0,980.1,0.6,H,T,Lose,3,2,,4,8019.0,801.9000000000001,0.6,T,H,Lose,3,2,,4,11979.0,1197.9,0.8,H,T,Lose,4,1,,4,11979.0,1197.9,0.2,T,H,Lose,1,4,,4,8019.0,801.9000000000001,0.6,T,H,Lose,3,2,,4,9801.0,980.1,0.4,T,H,Lose,2,3,,4,14641.0,1464.1000000000001,0.2,T,T,Win,1,4,,4,11979.0,1197.9,0.6,H,T,Lose,3,2,,4,11979.0,1197.9,0.0,T,T,Win,0,5,,4,9801.0,980.1,0.4,T,H,Lose,2,3,,4,11979.0,1197.9,0.2,T,H,Lose,1,4,,4,9801.0,980.1,0.4,T,T,Win,2,3,,4,14641.0,1464.1000000000001,0.8,H,T,Lose,4,1,,4,6561.0,656.1,0.6,H,T,Lose,3,2,,4,11979.0,1197.9,0.4,T,T,Win,2,3,,4,9801.0,980.1,0.2,T,T,Win,1,4,,4,11979.0,1197.9,0.8,H,T,Lose,4,1,,4,11979.0,1197.9,0.4,T,T,Win,2,3,,4,9801.0,980.1,0.8,H,H,Win,4,1,,4,11979.0,1197.9,1.0,H,H,Win,5,0,,4,8019.0,801.9000000000001,0.4,T,T,Win,2,3,,4,9801.0,980.1,0.2,T,T,Win,1,4,,4,9801.0,980.1,0.4,T,H,Lose,2,3,,4,8019.0,801.9000000000001,0.6,T,H,Lose,3,2,,4,9801.0,980.1,0.4,T,T,Win,2,3,,4,8019.0,801.9000000000001,0.4,T,T,Win,2,3,,4,8019.0,801.9000000000001,0.6,T,H,Lose,3,2,,4,11979.0,1197.9,0.4,T,T,Win,2,3,,4,8019.0,801.9000000000001,0.6,T,H,Lose,3,2,,4,8019.0,801.9000000000001,0.4,T,T,Win,2,3,,4,14641.0,1464.1000000000001,0.8,H,T,Lose,4,1,,4,8019.0,801.9000000000001,0.4,T,T,Win,2,3,,4,9801.0,980.1,0.6,H,T,Lose,3,2,,4,9801.0,980.1,0.2,T,T,Win,1,4,,4,11979.0,1197.9,0.0,T,T,Win,0,5,,4,8019.0,801.9000000000001,0.6,T,H,Lose,3,2,,4,9801.0,980.1,0.4,T,H,Lose,2,3,,4,9801.0,980.1,0.4,T,H,Lose,2,3,,4,8019.0,801.9000000000001,0.6,H,T,Lose,3,2,,4,11979.0,1197.9,0.6,H,T,Lose,3,2,,4,6561.0,656.1,0.8,H,H,Win,4,1,,4,9801.0,980.1,0.4,T,T,Win,2,3,,4,6561.0,656.1,0.6,T,H,Lose,3,2,,4,8019.0,801.9000000000001,0.4,T,T,Win,2,3,,4,14641.0,1464.1000000000001,1.0,H,H,Win,5,0,,4,9801.0,980.1,0.8,H,H,Win,4,1,,4,9801.0,980.1,0.2,T,T,Win,1,4,,4,9801.0,980.1,0.4,T,T,Win,2,3,,4,9801.0,980.1,0.6,H,T,Lose,3,2,,4,8019.0,801.9000000000001,0.4,T,T,Win,2,3,,4,9801.0,980.1,0.4,T,H,Lose,2,3,,4,9801.0,980.1,0.4,T,H,Lose,2,3,,4,11979.0,1197.9,0.6,T,H,Lose,3,2,,4,9801.0,980.1,0.6,T,H,Lose,3,2,,4,8019.0,801.9000000000001,0.4,T,T,Win,2,3,,4,8019.0,801.9000000000001,0.6,H,T,Lose,3,2,,4,11979.0,1197.9,0.8,H,H,Win,4,1,,4,11979.0,1197.9,0.2,T,H,Lose,1,4,,4,9801.0,980.1,0.2,T,T,Win,1,4,,4,11979.0,1197.9,0.8,H,H,Win,4,1,,4,11979.0,1197.9,0.6,H,T,Lose,3,2,,4,9801.0,980.1,0.8,H,H,Win,4,1,,4,8019.0,801.9000000000001,0.6,T,H,Lose,3,2,,4,8019.0,801.9000000000001,0.4,T,T,Win,2,3,,4,11979.0,1197.9,0.6,H,T,Lose,3,2,,4,8019.0,801.9000000000001,0.4,T,T,Win,2,3,,4,11979.0,1197.9,0.0,T,T,Win,0,5,,4,11979.0,1197.9,0.8,H,H,Win,4,1,,4,9801.0,980.1,0.6,H,T,Lose,3,2,,4,9801.0,980.1,0.2,T,T,Win,1,4,,4,9801.0,980.1,0.4,T,H,Lose,2,3,,4,9801.0,980.1,0.4,T,T,Win,2,3,,4,9801.0,980.1,0.4,T,T,Win,2,3,,4,9801.0,980.1,0.4,T,H,Lose,2,3,,4,9801.0,980.1,0.4,T,H,Lose,2,3,,4,9801.0,980.1,0.8,H,H,Win,4,1,,4,8019.0,801.9000000000001,0.6,H,T,Lose,3,2,,4,8019.0,801.9000000000001,0.4,T,T,Win,2,3,,4,6561.0,656.1,0.4,T,T,Win,2,3,,4,9801.0,980.1,0.4,T,H,Lose,2,3,,4,11979.0,1197.9,0.4,T,T,Win,2,3,,4,11979.0,1197.9,0.4,T,T,Win,2,3,,4,11979.0,1197.9,0.0,T,T,Win,0,5,,4,8019.0,801.9000000000001,0.6,H,T,Lose,3,2,,4,11979.0,1197.9,0.6,T,H,Lose,3,2,,4,9801.0,980.1,0.4,T,T,Win,2,3,,4,6561.0,656.1,0.8,H,H,Win,4,1,,4,11979.0,1197.9,0.8,H,T,Lose,4,1,,4,11979.0,1197.9,0.4,T,T,Win,2,3,,4,9801.0,980.1,0.2,T,T,Win,1,4,,4,11979.0,1197.9,0.8,H,H,Win,4,1,,4,9801.0,980.1,0.2,T,T,Win,1,4,,4,6561.0,656.1,0.4,T,T,Win,2,3,,4,8019.0,801.9000000000001,0.4,T,T,Win,2,3,,4,8019.0,801.9000000000001,0.4,T,T,Win,2,3,,4,11979.0,1197.9,0.0,T,T,Win,0,5,,4,11979.0,1197.9,0.2,T,T,Win,1,4,,4,11979.0,1197.9,0.2,T,H,Lose,1,4,,4,8019.0,801.9000000000001,0.4,T,T,Win,2,3,,4,11979.0,1197.9,0.0,T,T,Win,0,5,,4,11979.0,1197.9,0.8,H,T,Lose,4,1,,4,8019.0,801.9000000000001,0.8,H,H,Win,4,1,,4,9801.0,980.1,0.4,T,T,Win,2,3,,4,8019.0,801.9000000000001,0.6,T,H,Lose,3,2,,4,11979.0,1197.9,0.8,H,H,Win,4,1,,4,11979.0,1197.9,1.0,H,H,Win,5,0,,4,11979.0,1197.9,0.6,T,H,Lose,3,2,,4,9801.0,980.1,0.8,H,H,Win,4,1,,4,9801.0,980.1,0.2,T,T,Win,1,4,,4,8019.0,801.9000000000001,0.6,T,H,Lose,3,2,,4,11979.0,1197.9,0.0,T,T,Win,0,5,,4,9801.0,980.1,0.2,T,T,Win,1,4,,4,8019.0,801.9000000000001,0.8,H,H,Win,4,1,,4,11979.0,1197.9,0.4,T,H,Lose,2,3,,4,11979.0,1197.9,1.0,H,H,Win,5,0,,4,8019.0,801.9000000000001,0.4,T,T,Win,2,3,,4,6561.0,656.1,0.6,T,H,Lose,3,2,,4,11979.0,1197.9,0.4,T,T,Win,2,3,,4,9801.0,980.1,0.6,H,T,Lose,3,2,,4,14641.0,1464.1000000000001,1.0,H,H,Win,5,0,,4,6561.0,656.1,0.8,H,H,Win,4,1,,4,8019.0,801.9000000000001,0.4,T,T,Win,2,3,,4,11979.0,1197.9,0.8,H,T,Lose,4,1,,4,11979.0,1197.9,0.8,H,H,Win,4,1,,4,11979.0,1197.9,0.6,T,H,Lose,3,2,,4,11979.0,1197.9,0.8,H,H,Win,4,1,,4,11979.0,1197.9,0.2,T,H,Lose,1,4,,4,14641.0,1464.1000000000001,0.2,T,T,Win,1,4,,4,9801.0,980.1,0.2,T,T,Win,1,4,,4,9801.0,980.1,0.2,T,T,Win,1,4,,4,9801.0,980.1,0.6,T,H,Lose,3,2,,4,9801.0,980.1,0.4,T,T,Win,2,3,,4,9801.0,980.1,0.4,T,T,Win,2,3,,4,9801.0,980.1,0.8,H,H,Win,4,1,,4,11979.0,1197.9,0.2,T,T,Win,1,4,,4,9801.0,980.1,0.2,T,T,Win,1,4,,4,14641.0,1464.1000000000001,1.0,H,H,Win,5,0,,4,9801.0,980.1,0.6,H,T,Lose,3,2,,4,11979.0,1197.9,1.0,H,H,Win,5,0,,4,9801.0,980.1,0.6,T,H,Lose,3,2,,4,11979.0,1197.9,0.4,T,T,Win,2,3,,4,8019.0,801.9000000000001,0.6,T,H,Lose,3,2,,4,9801.0,980.1,0.2,T,T,Win,1,4,,4,9801.0,980.1,0.2,T,T,Win,1,4,,4,11979.0,1197.9,0.8,H,H,Win,4,1,,4,11979.0,1197.9,0.8,H,H,Win,4,1,,4,9801.0,980.1,0.2,T,T,Win,1,4,,4,11979.0,1197.9,0.6,T,H,Lose,3,2,,4,11979.0,1197.9,0.0,T,T,Win,0,5,,4,11979.0,1197.9,0.0,T,T,Win,0,5,,4,8019.0,801.9000000000001,0.6,T,H,Lose,3,2,,4,11979.0,1197.9,0.4,T,T,Win,2,3,,4,8019.0,801.9000000000001,0.4,T,T,Win,2,3,,4,8019.0,801.9000000000001,0.4,T,T,Win,2,3,,4,9801.0,980.1,0.2,T,T,Win,1,4,,4,11979.0,1197.9,0.4,T,T,Win,2,3,,4,11979.0,1197.9,0.6,H,T,Lose,3,2,,4,6561.0,656.1,0.4,T,T,Win,2,3,,4,9801.0,980.1,0.4,T,H,Lose,2,3,,4,8019.0,801.9000000000001,0.6,T,H,Lose,3,2,,4,11979.0,1197.9,0.8,H,T,Lose,4,1,,4,9801.0,980.1,0.4,T,H,Lose,2,3,,4,8019.0,801.9000000000001,0.6,H,T,Lose,3,2,,4,11979.0,1197.9,1.0,H,H,Win,5,0,,4,9801.0,980.1,0.8,H,H,Win,4,1,,4,8019.0,801.9000000000001,0.6,T,H,Lose,3,2,,4,14641.0,1464.1000000000001,0.4,T,H,Lose,2,3,,4,9801.0,980.1,0.4,T,T,Win,2,3,,4,9801.0,980.1,0.2,T,T,Win,1,4,,4,9801.0,980.1,0.4,T,T,Win,2,3,,4,8019.0,801.9000000000001,0.4,T,T,Win,2,3,,4,11979.0,1197.9,0.6,T,H,Lose,3,2,,4,11979.0,1197.9,0.0,T,T,Win,0,5,,4,11979.0,1197.9,1.0,H,H,Win,5,0,,4,8019.0,801.9000000000001,0.6,T,H,Lose,3,2,,4,9801.0,980.1,0.8,H,H,Win,4,1,,4,8019.0,801.9000000000001,0.4,T,T,Win,2,3,,4,11979.0,1197.9,0.0,T,T,Win,0,5,,4,11979.0,1197.9,0.2,T,H,Lose,1,4,,4,6561.0,656.1,0.6,H,T,Lose,3,2,,4,11979.0,1197.9,0.4,T,T,Win,2,3,,4,11979.0,1197.9,0.4,T,H,Lose,2,3,,4,11979.0,1197.9,0.2,T,T,Win,1,4,,4,11979.0,1197.9,0.2,T,H,Lose,1,4,,4,9801.0,980.1,0.6,H,T,Lose,3,2,,4,11979.0,1197.9,0.8,H,T,Lose,4,1,,4,8019.0,801.9000000000001,0.4,T,T,Win,2,3,,4,8019.0,801.9000000000001,0.4,T,T,Win,2,3,,4,9801.0,980.1,0.4,T,T,Win,2,3,,4,9801.0,980.1,0.8,H,H,Win,4,1,,4,9801.0,980.1,0.8,H,H,Win,4,1,,4,8019.0,801.9000000000001,0.4,T,T,Win,2,3,,4,11979.0,1197.9,0.2,T,H,Lose,1,4,,4,8019.0,801.9000000000001,0.6,H,T,Lose,3,2,,4,11979.0,1197.9,0.4,T,T,Win,2,3,,4,11979.0,1197.9,0.4,T,T,Win,2,3,,4,14641.0,1464.1000000000001,0.4,T,H,Lose,2,3,,4,11979.0,1197.9,0.4,T,H,Lose,2,3,,4,9801.0,980.1,0.2,T,T,Win,1,4,,4,8019.0,801.9000000000001,0.6,T,H,Lose,3,2,,4,8019.0,801.9000000000001,0.4,T,T,Win,2,3,,4,8019.0,801.9000000000001,0.4,T,T,Win,2,3,,4,9801.0,980.1,0.4,T,H,Lose,2,3,,4,8019.0,801.9000000000001,0.4,T,T,Win,2,3,,4,9801.0,980.1,0.4,T,H,Lose,2,3,,4,9801.0,980.1,0.4,T,H,Lose,2,3,,4,11979.0,1197.9,0.0,T,T,Win,0,5,,4,11979.0,1197.9,0.2,T,T,Win,1,4,,4,8019.0,801.9000000000001,0.6,T,H,Lose,3,2,,4,11979.0,1197.9,1.0,H,H,Win,5,0,,4,9801.0,980.1,0.6,H,T,Lose,3,2,,4,9801.0,980.1,0.4,T,T,Win,2,3,,4,11979.0,1197.9,0.8,H,H,Win,4,1,,4,11979.0,1197.9,0.4,T,T,Win,2,3,,4,11979.0,1197.9,0.2,T,H,Lose,1,4,,4,14641.0,1464.1000000000001,0.2,T,T,Win,1,4,,4,8019.0,801.9000000000001,0.6,T,H,Lose,3,2,,4,8019.0,801.9000000000001,0.4,T,T,Win,2,3,,4,8019.0,801.9000000000001,0.6,H,T,Lose,3,2,,4,9801.0,980.1,0.2,T,T,Win,1,4,,4,14641.0,1464.1000000000001,0.4,T,H,Lose,2,3,,4,6561.0,656.1,0.6,T,H,Lose,3,2,,4,11979.0,1197.9,0.6,T,H,Lose,3,2,,4,9801.0,980.1,0.2,T,T,Win,1,4,,4,11979.0,1197.9,0.6,H,T,Lose,3,2,,4,8019.0,801.9000000000001,0.4,T,T,Win,2,3,,4,9801.0,980.1,0.4,T,H,Lose,2,3,,4,9801.0,980.1,0.6,T,H,Lose,3,2,,4,14641.0,1464.1000000000001,1.0,H,H,Win,5,0,,4,9801.0,980.1,0.8,H,H,Win,4,1,,4,9801.0,980.1,0.4,T,T,Win,2,3,,4,14641.0,1464.1000000000001,1.0,H,H,Win,5,0,,4,9801.0,980.1,0.4,T,H,Lose,2,3,,4,11979.0,1197.9,0.6,T,H,Lose,3,2,,4,9801.0,980.1,0.8,H,H,Win,4,1,,4,8019.0,801.9000000000001,0.4,T,T,Win,2,3,,4,9801.0,980.1,0.2,T,T,Win,1,4,,4,9801.0,980.1,0.2,T,T,Win,1,4,,4,8019.0,801.9000000000001,0.4,T,T,Win,2,3,,4,9801.0,980.1,0.4,T,H,Lose,2,3,,4,11979.0,1197.9,0.4,T,H,Lose,2,3,,4,9801.0,980.1,0.4,T,T,Win,2,3,,4,11979.0,1197.9,0.6,T,H,Lose,3,2,,4,8019.0,801.9000000000001,0.4,T,T,Win,2,3,,4,6561.0,656.1,0.6,H,T,Lose,3,2,,4,9801.0,980.1,0.2,T,T,Win,1,4,,4,9801.0,980.1,0.4,T,H,Lose,2,3,,4,9801.0,980.1,0.6,H,T,Lose,3,2,,4,8019.0,801.9000000000001,0.6,T,H,Lose,3,2,,4,8019.0,801.9000000000001,0.8,H,H,Win,4,1,,4,8019.0,801.9000000000001,0.4,T,T,Win,2,3,,4,11979.0,1197.9,0.2,T,H,Lose,1,4,,4,11979.0,1197.9,0.6,T,H,Lose,3,2,,4,8019.0,801.9000000000001,0.6,T,H,Lose,3,2,,4,14641.0,1464.1000000000001,0.2,T,T,Win,1,4,,4,11979.0,1197.9,0.4,T,T,Win,2,3,,4,9801.0,980.1,0.8,H,H,Win,4,1,,4,11979.0,1197.9,0.2,T,H,Lose,1,4,,4,11979.0,1197.9,0.6,H,T,Lose,3,2,,4,9801.0,980.1,0.2,T,T,Win,1,4,,4,9801.0,980.1,0.8,H,H,Win,4,1,,4,9801.0,980.1,0.2,T,T,Win,1,4,,4,11979.0,1197.9,0.2,T,H,Lose,1,4,,4,11979.0,1197.9,0.0,T,T,Win,0,5,,4,8019.0,801.9000000000001,0.4,T,T,Win,2,3,,4,9801.0,980.1,0.4,T,H,Lose,2,3,,4,9801.0,980.1,0.2,T,T,Win,1,4,,4,8019.0,801.9000000000001,0.4,T,T,Win,2,3,,4,11979.0,1197.9,0.0,T,T,Win,0,5,,4,6561.0,656.1,0.6,T,H,Lose,3,2,,4,9801.0,980.1,0.4,T,H,Lose,2,3,,4,11979.0,1197.9,0.6,H,T,Lose,3,2,,4,8019.0,801.9000000000001,0.6,T,H,Lose,3,2,,4,9801.0,980.1,0.2,T,T,Win,1,4,,4,9801.0,980.1,0.8,H,H,Win,4,1,,4,11979.0,1197.9,0.0,T,T,Win,0,5,,4,9801.0,980.1,0.8,H,H,Win,4,1,,4,8019.0,801.9000000000001,0.6,T,H,Lose,3,2,,4,9801.0,980.1,0.2,T,T,Win,1,4,,4,11979.0,1197.9,0.4,T,H,Lose,2,3,,4,9801.0,980.1,0.4,T,T,Win,2,3,,4,11979.0,1197.9,0.2,T,H,Lose,1,4,,4,14641.0,1464.1000000000001,0.4,T,H,Lose,2,3,,4,11979.0,1197.9,0.8,H,H,Win,4,1,,4,9801.0,980.1,0.2,T,T,Win,1,4,,4,9801.0,980.1,0.8,H,H,Win,4,1,,4,11979.0,1197.9,1.0,H,H,Win,5,0,,4,11979.0,1197.9,0.6,H,T,Lose,3,2,,4,9801.0,980.1,0.2,T,T,Win,1,4,,4,9801.0,980.1,0.8,H,H,Win,4,1,,4,8019.0,801.9000000000001,0.8,H,H,Win,4,1,,4,11979.0,1197.9,0.2,T,H,Lose,1,4,,4,11979.0,1197.9,0.6,H,T,Lose,3,2,,4,9801.0,980.1,0.2,T,T,Win,1,4,,4,9801.0,980.1,0.4,T,H,Lose,2,3,,4,9801.0,980.1,0.4,T,H,Lose,2,3,,4,9801.0,980.1,0.6,H,T,Lose,3,2,,4,11979.0,1197.9,0.8,H,H,Win,4,1,,4,9801.0,980.1,0.2,T,T,Win,1,4,,4,11979.0,1197.9,0.4,T,T,Win,2,3,,4,9801.0,980.1,0.8,H,H,Win,4,1,,4,8019.0,801.9000000000001,0.6,H,T,Lose,3,2,,4,6561.0,656.1,0.6,T,H,Lose,3,2,,4,11979.0,1197.9,0.8,H,H,Win,4,1,,4,9801.0,980.1,0.4,T,H,Lose,2,3,,4,9801.0,980.1,0.8,H,H,Win,4,1,,4,9801.0,980.1,0.6,H,T,Lose,3,2,,4,6561.0,656.1,0.8,H,H,Win,4,1,,4,9801.0,980.1,0.4,T,H,Lose,2,3,,4,9801.0,980.1,0.4,T,H,Lose,2,3,,4,11979.0,1197.9,0.2,T,T,Win,1,4,,4,8019.0,801.9000000000001,0.8,H,H,Win,4,1,,4,9801.0,980.1,0.6,T,H,Lose,3,2,,4,11979.0,1197.9,1.0,H,H,Win,5,0,,4,11979.0,1197.9,0.6,T,H,Lose,3,2,,4,6561.0,656.1,0.8,H,H,Win,4,1,,4,8019.0,801.9000000000001,0.4,T,T,Win,2,3,,4,14641.0,1464.1000000000001,0.8,H,T,Lose,4,1,,4,6561.0,656.1,0.4,T,T,Win,2,3,,4,11979.0,1197.9,0.6,H,T,Lose,3,2,,4,8019.0,801.9000000000001,0.6,H,T,Lose,3,2,,4,8019.0,801.9000000000001,0.6,T,H,Lose,3,2,,4,9801.0,980.1,0.6,T,H,Lose,3,2,,4,8019.0,801.9000000000001,0.4,T,T,Win,2,3,,4,8019.0,801.9000000000001,0.6,H,T,Lose,3,2,,4,11979.0,1197.9,0.6,H,T,Lose,3,2,,4,8019.0,801.9000000000001,0.6,T,H,Lose,3,2,,4,9801.0,980.1,0.6,H,T,Lose,3,2,,4,9801.0,980.1,0.6,T,H,Lose,3,2,,4,9801.0,980.1,0.8,H,H,Win,4,1,,4,9801.0,980.1,0.2,T,T,Win,1,4,,4,9801.0,980.1,0.4,T,T,Win,2,3,,4,9801.0,980.1,0.2,T,T,Win,1,4,,4,11979.0,1197.9,0.0,T,T,Win,0,5,,4,8019.0,801.9000000000001,0.4,T,T,Win,2,3,,4,11979.0,1197.9,0.0,T,T,Win,0,5,,4,9801.0,980.1,0.4,T,H,Lose,2,3,,4,9801.0,980.1,0.4,T,T,Win,2,3,,4,11979.0,1197.9,0.6,T,H,Lose,3,2,,4,11979.0,1197.9,0.8,H,T,Lose,4,1,,4,11979.0,1197.9,0.6,T,H,Lose,3,2,,4,14641.0,1464.1000000000001,0.2,T,T,Win,1,4,,4,11979.0,1197.9,0.4,T,H,Lose,2,3,,4,8019.0,801.9000000000001,0.4,T,T,Win,2,3,,4,6561.0,656.1,0.6,H,T,Lose,3,2,,4,9801.0,980.1,0.4,T,T,Win,2,3,,4,9801.0,980.1,0.4,T,H,Lose,2,3,,4,9801.0,980.1,0.4,T,H,Lose,2,3,,4,9801.0,980.1,0.6,H,T,Lose,3,2,,4,8019.0,801.9000000000001,0.6,T,H,Lose,3,2,,4,8019.0,801.9000000000001,0.4,T,T,Win,2,3,,4,9801.0,980.1,0.4,T,H,Lose,2,3,,4,11979.0,1197.9,0.8,H,H,Win,4,1,,4,11979.0,1197.9,1.0,H,H,Win,5,0,,4,11979.0,1197.9,0.8,H,H,Win,4,1,,4,9801.0,980.1,0.4,T,H,Lose,2,3,,4,9801.0,980.1,0.4,T,H,Lose,2,3,,4,9801.0,980.1,0.8,H,H,Win,4,1,,4,11979.0,1197.9,0.0,T,T,Win,0,5,,4,9801.0,980.1,0.4,T,T,Win,2,3,,4,9801.0,980.1,0.6,T,H,Lose,3,2,,4,14641.0,1464.1000000000001,0.4,T,H,Lose,2,3,,4,14641.0,1464.1000000000001,0.8,H,T,Lose,4,1,,4,11979.0,1197.9,0.6,T,H,Lose,3,2,,4,8019.0,801.9000000000001,0.4,T,T,Win,2,3,,4,8019.0,801.9000000000001,0.4,T,T,Win,2,3,,4,8019.0,801.9000000000001,0.4,T,T,Win,2,3,,4,14641.0,1464.1000000000001,0.4,T,H,Lose,2,3,,4,9801.0,980.1,0.2,T,T,Win,1,4,,4,11979.0,1197.9,0.6,T,H,Lose,3,2,,4,9801.0,980.1,0.2,T,T,Win,1,4,,4,9801.0,980.1,0.2,T,T,Win,1,4,,4,8019.0,801.9000000000001,0.6,T,H,Lose,3,2,,4,9801.0,980.1,0.2,T,T,Win,1,4,,4,11979.0,1197.9,0.8,H,T,Lose,4,1,,4,14641.0,1464.1000000000001,0.4,T,H,Lose,2,3,,4,9801.0,980.1,0.4,T,H,Lose,2,3,,4,8019.0,801.9000000000001,0.6,T,H,Lose,3,2,,4,9801.0,980.1,0.6,T,H,Lose,3,2,,4,9801.0,980.1,0.4,T,T,Win,2,3,,4,9801.0,980.1,0.4,T,H,Lose,2,3,,4,14641.0,1464.1000000000001,0.8,H,T,Lose,4,1,,4,11979.0,1197.9,0.6,H,T,Lose,3,2,,4,9801.0,980.1,0.2,T,T,Win,1,4,,4,9801.0,980.1,0.6,H,T,Lose,3,2,,4,8019.0,801.9000000000001,0.8,H,H,Win,4,1,,4,8019.0,801.9000000000001,0.8,H,H,Win,4,1,,4,9801.0,980.1,0.2,T,T,Win,1,4,,4,8019.0,801.9000000000001,0.6,H,T,Lose,3,2,,4,6561.0,656.1,0.8,H,H,Win,4,1,,4,9801.0,980.1,0.4,T,H,Lose,2,3,,4,9801.0,980.1,0.2,T,T,Win,1,4,,4,8019.0,801.9000000000001,0.4,T,T,Win,2,3,,4,14641.0,1464.1000000000001,1.0,H,H,Win,5,0,,4,11979.0,1197.9,0.8,H,H,Win,4,1,,4,11979.0,1197.9,0.4,T,T,Win,2,3,,4,11979.0,1197.9,0.6,H,T,Lose,3,2,,4,9801.0,980.1,0.6,T,H,Lose,3,2,,4,8019.0,801.9000000000001,0.4,T,T,Win,2,3,,4,9801.0,980.1,0.4,T,T,Win,2,3,,4,9801.0,980.1,0.8,H,H,Win,4,1,,4,8019.0,801.9000000000001,0.4,T,T,Win,2,3,,4,11979.0,1197.9,0.4,T,H,Lose,2,3,,4,11979.0,1197.9,0.6,T,H,Lose,3,2,,4,11979.0,1197.9,0.8,H,T,Lose,4,1,,4,8019.0,801.9000000000001,0.6,T,H,Lose,3,2,,4,8019.0,801.9000000000001,0.6,T,H,Lose,3,2,,4,9801.0,980.1,0.6,H,T,Lose,3,2,,4,9801.0,980.1,0.2,T,T,Win,1,4,,4,6561.0,656.1,0.4,T,T,Win,2,3,,4,9801.0,980.1,0.6,T,H,Lose,3,2,,4,8019.0,801.9000000000001,0.8,H,H,Win,4,1,,4,9801.0,980.1,0.4,T,H,Lose,2,3,,4,8019.0,801.9000000000001,0.4,T,T,Win,2,3,,4,9801.0,980.1,0.4,T,T,Win,2,3,,4,9801.0,980.1,0.6,H,T,Lose,3,2,,4,9801.0,980.1,0.4,T,T,Win,2,3,,4,9801.0,980.1,0.4,T,H,Lose,2,3,,4,8019.0,801.9000000000001,0.4,T,T,Win,2,3,,4,8019.0,801.9000000000001,0.6,T,H,Lose,3,2,,4,11979.0,1197.9,0.8,H,H,Win,4,1,,4,11979.0,1197.9,0.4,T,T,Win,2,3,,4,9801.0,980.1,0.2,T,T,Win,1,4,,4,9801.0,980.1,0.6,H,T,Lose,3,2,,4,8019.0,801.9000000000001,0.8,H,H,Win,4,1,,4,11979.0,1197.9,0.8,H,H,Win,4,1,,4,9801.0,980.1,0.8,H,H,Win,4,1,,4,9801.0,980.1,0.6,T,H,Lose,3,2,,4,14641.0,1464.1000000000001,0.4,T,H,Lose,2,3,,4,9801.0,980.1,0.4,T,H,Lose,2,3,,4,8019.0,801.9000000000001,0.4,T,T,Win,2,3,,4,8019.0,801.9000000000001,0.6,H,T,Lose,3,2,,4,9801.0,980.1,0.4,T,T,Win,2,3,,4,9801.0,980.1,0.2,T,T,Win,1,4,,4,11979.0,1197.9,0.4,T,T,Win,2,3,,4,11979.0,1197.9,0.2,T,H,Lose,1,4,,4,8019.0,801.9000000000001,0.6,T,H,Lose,3,2,,4,8019.0,801.9000000000001,0.6,T,H,Lose,3,2,,4,14641.0,1464.1000000000001,0.4,T,H,Lose,2,3,,4,11979.0,1197.9,0.8,H,H,Win,4,1,,4,11979.0,1197.9,0.6,T,H,Lose,3,2,,4,6561.0,656.1,0.6,H,T,Lose,3,2,,4,6561.0,656.1,0.8,H,H,Win,4,1,,4,6561.0,656.1,0.4,T,T,Win,2,3,,4,8019.0,801.9000000000001,0.6,T,H,Lose,3,2,,4,9801.0,980.1,0.4,T,H,Lose,2,3,,4,9801.0,980.1,0.8,H,H,Win,4,1,,4,9801.0,980.1,0.6,H,T,Lose,3,2,,4,8019.0,801.9000000000001,0.6,H,T,Lose,3,2,,4,9801.0,980.1,0.6,T,H,Lose,3,2,,4,8019.0,801.9000000000001,0.4,T,T,Win,2,3,,4,11979.0,1197.9,0.6,H,T,Lose,3,2,,4,9801.0,980.1,0.2,T,T,Win,1,4,,4,14641.0,1464.1000000000001,0.4,T,H,Lose,2,3,,4,11979.0,1197.9,0.6,H,T,Lose,3,2,,4,14641.0,1464.1000000000001,1.0,H,H,Win,5,0,,4,11979.0,1197.9,0.6,H,T,Lose,3,2,,4,8019.0,801.9000000000001,0.6,T,H,Lose,3,2,,4,8019.0,801.9000000000001,0.4,T,T,Win,2,3,,4,9801.0,980.1,0.4,T,H,Lose,2,3,,4,9801.0,980.1,0.6,H,T,Lose,3,2,,4,9801.0,980.1,0.4,T,T,Win,2,3,,4,11979.0,1197.9,0.2,T,H,Lose,1,4,,4,11979.0,1197.9,0.0,T,T,Win,0,5,,4,8019.0,801.9000000000001,0.6,T,H,Lose,3,2,
5,13176.9,1317.69,0.8,H,H,Win,5,1,,5,13176.9,1317.69,0.2,T,T,Win,1,5,,5,7217.1,721.71,0.7,T,H,Lose,4,2,,5,10781.1,1078.1100000000001,0.3,T,H,Lose,2,4,,5,8820.9,882.09,0.3,T,T,Win,2,4,,5,16105.1,1610.5100000000002,0.8,H,T,Lose,5,1,,5,10781.1,1078.1100000000001,0.7,T,H,Lose,4,2,,5,10781.1,1078.1100000000001,0.2,T,T,Win,1,5,,5,13176.9,1317.69,0.2,T,H,Lose,1,5,,5,5904.9,590.49,0.7,H,H,Win,4,2,,5,10781.1,1078.1100000000001,0.7,H,T,Lose,4,2,,5,8820.9,882.09,0.3,T,T,Win,2,4,,5,13176.9,1317.69,0.7,H,T,Lose,4,2,,5,16105.1,1610.5100000000002,0.2,T,T,Win,1,5,,5,8820.9,882.09,0.7,T,H,Lose,4,2,,5,8820.9,882.09,0.3,T,T,Win,2,4,,5,8820.9,882.09,0.5,T,H,Lose,3,3,,5,7217.1,721.71,0.5,T,T,Win,3,3,,5,10781.1,1078.1100000000001,0.7,H,H,Win,4,2,,5,13176.9,1317.69,0.3,T,T,Win,2,4,,5,8820.9,882.09,0.5,T,H,Lose,3,3,,5,7217.1,721.71,0.5,T,T,Win,3,3,,5,8820.9,882.09,0.5,T,T,Win,3,3,,5,10781.1,1078.1100000000001,0.8,H,H,Win,5,1,,5,8820.9,882.09,0.8,H,H,Win,5,1,,5,10781.1,1078.1100000000001,0.2,T,T,Win,1,5,,5,13176.9,1317.69,0.8,H,H,Win,5,1,,5,10781.1,1078.1100000000001,0.2,T,T,Win,1,5,,5,8820.9,882.09,0.5,T,H,Lose,3,3,,5,7217.1,721.71,0.5,T,T,Win,3,3,,5,8820.9,882.09,0.7,T,H,Lose,4,2,,5,7217.1,721.71,0.3,T,T,Win,2,4,,5,8820.9,882.09,0.5,T,T,Win,3,3,,5,13176.9,1317.69,0.3,T,H,Lose,2,4,,5,8820.9,882.09,0.5,T,H,Lose,3,3,,5,10781.1,1078.1100000000001,0.3,T,T,Win,2,4,,5,10781.1,1078.1100000000001,0.2,T,T,Win,1,5,,5,8820.9,882.09,0.3,T,T,Win,2,4,,5,16105.1,1610.5100000000002,0.8,H,T,Lose,5,1,,5,10781.1,1078.1100000000001,0.5,T,H,Lose,3,3,,5,16105.1,1610.5100000000002,0.3,T,H,Lose,2,4,,5,10781.1,1078.1100000000001,0.5,T,H,Lose,3,3,,5,10781.1,1078.1100000000001,0.8,H,H,Win,5,1,,5,10781.1,1078.1100000000001,0.3,T,H,Lose,2,4,,5,8820.9,882.09,0.5,H,T,Lose,3,3,,5,7217.1,721.71,0.5,H,T,Lose,3,3,,5,10781.1,1078.1100000000001,0.8,H,H,Win,5,1,,5,5904.9,590.49,0.7,T,H,Lose,4,2,,5,13176.9,1317.69,0.8,H,H,Win,5,1,,5,10781.1,1078.1100000000001,0.2,T,T,Win,1,5,,5,8820.9,882.09,0.5,T,H,Lose,3,3,,5,10781.1,1078.1100000000001,0.2,T,T,Win,1,5,,5,7217.1,721.71,0.7,H,H,Win,4,2,,5,16105.1,1610.5100000000002,0.2,T,T,Win,1,5,,5,10781.1,1078.1100000000001,0.2,T,T,Win,1,5,,5,10781.1,1078.1100000000001,0.3,T,H,Lose,2,4,,5,13176.9,1317.69,0.3,T,H,Lose,2,4,,5,10781.1,1078.1100000000001,0.2,T,T,Win,1,5,,5,7217.1,721.71,0.7,H,H,Win,4,2,,5,8820.9,882.09,0.5,T,H,Lose,3,3,,5,10781.1,1078.1100000000001,0.5,T,H,Lose,3,3,,5,10781.1,1078.1100000000001,0.8,H,H,Win,5,1,,5,13176.9,1317.69,0.8,H,T,Lose,5,1,,5,10781.1,1078.1100000000001,0.2,T,T,Win,1,5,,5,8820.9,882.09,0.7,T,H,Lose,4,2,,5,10781.1,1078.1100000000001,0.5,T,H,Lose,3,3,,5,7217.1,721.71,0.5,T,H,Lose,3,3,,5,7217.1,721.71,0.5,T,T,Win,3,3,,5,7217.1,721.71,0.7,H,H,Win,4,2,,5,7217.1,721.71,0.7,T,H,Lose,4,2,,5,13176.9,1317.69,0.8,H,T,Lose,5,1,,5,13176.9,1317.69,0.5,T,H,Lose,3,3,,5,8820.9,882.09,0.5,H,T,Lose,3,3,,5,10781.1,1078.1100000000001,0.3,T,H,Lose,2,4,,5,8820.9,882.09,0.3,T,T,Win,2,4,,5,8820.9,882.09,0.3,T,T,Win,2,4,,5,7217.1,721.71,0.7,T,H,Lose,4,2,,5,10781.1,1078.1100000000001,0.2,T,T,Win,1,5,,5,13176.9,1317.69,0.8,H,H,Win,5,1,,5,8820.9,882.09,0.7,H,H,Win,4,2,,5,7217.1,721.71,0.7,T,H,Lose,4,2,,5,7217.1,721.71,0.7,H,H,Win,4,2,,5,8820.9,882.09,0.3,T,T,Win,2,4,,5,10781.1,1078.1100000000001,0.8,H,H,Win,5,1,,5,13176.9,1317.69,0.2,T,H,Lose,1,5,,5,8820.9,882.09,0.3,T,T,Win,2,4,,5,13176.9,1317.69,0.5,T,H,Lose,3,3,,5,10781.1,1078.1100000000001,0.7,T,H,Lose,4,2,,5,8820.9,882.09,0.7,H,T,Lose,4,2,,5,13176.9,1317.69,0.0,T,T,Win,0,6,,5,10781.1,1078.1100000000001,0.2,T,T,Win,1,5,,5,7217.1,721.71,0.3,T,T,Win,2,4,,5,8820.9,882.09,0.5,T,H,Lose,3,3,,5,8820.9,882.09,0.3,T,T,Win,2,4,,5,8820.9,882.09,0.7,T,H,Lose,4,2,,5,13176.9,1317.69,0.0,T,T,Win,0,6,,5,10781.1,1078.1100000000001,0.7,H,H,Win,4,2,,5,5904.9,590.49,0.5,H,T,Lose,3,3,,5,8820.9,882.09,0.5,T,H,Lose,3,3,,5,10781.1,1078.1100000000001,0.2,T,T,Win,1,5,,5,7217.1,721.71,0.7,H,H,Win,4,2,,5,13176.9,1317.69,0.7,H,T,Lose,4,2,,5,8820.9,882.09,0.3,T,T,Win,2,4,,5,10781.1,1078.1100000000001,0.3,T,H,Lose,2,4,,5,13176.9,1317.69,0.8,H,H,Win,5,1,,5,13176.9,1317.69,0.5,T,H,Lose,3,3,,5,13176.9,1317.69,0.5,T,H,Lose,3,3,,5,8820.9,882.09,0.5,T,T,Win,3,3,,5,7217.1,721.71,0.8,H,H,Win,5,1,,5,10781.1,1078.1100000000001,0.7,H,T,Lose,4,2,,5,10781.1,1078.1100000000001,0.2,T,T,Win,1,5,,5,7217.1,721.71,0.7,T,H,Lose,4,2,,5,10781.1,1078.1100000000001,0.7,T,H,Lose,4,2,,5,8820.9,882.09,0.5,T,H,Lose,3,3,,5,13176.9,1317.69,0.3,T,H,Lose,2,4,,5,10781.1,1078.1100000000001,0.3,T,H,Lose,2,4,,5,7217.1,721.71,0.5,T,H,Lose,3,3,,5,7217.1,721.71,0.7,T,H,Lose,4,2,,5,7217.1,721.71,0.8,H,H,Win,5,1,,5,10781.1,1078.1100000000001,0.5,H,T,Lose,3,3,,5,7217.1,721.71,0.7,T,H,Lose,4,2,,5,13176.9,1317.69,0.2,T,H,Lose,1,5,,5,10781.1,1078.1100000000001,0.3,T,H,Lose,2,4,,5,8820.9,882.09,0.3,T,T,Win,2,4,,5,10781.1,1078.1100000000001,0.2,T,T,Win,1,5,,5,8820.9,882.09,0.5,H,T,Lose,3,3,,5,5904.9,590.49,0.7,H,H,Win,4,2,,5,10781.1,1078.1100000000001,0.8,H,H,Win,5,1,,5,10781.1,1078.1100000000001,0.3,T,T,Win,2,4,,5,8820.9,882.09,0.5,T,H,Lose,3,3,,5,7217.1,721.71,0.7,T,H,Lose,4,2,,5,8820.9,882.09,0.5,H,T,Lose,3,3,,5,10781.1,1078.1100000000001,0.3,T,T,Win,2,4,,5,13176.9,1317.69,0.7,H,T,Lose,4,2,,5,8820.9,882.09,0.7,H,T,Lose,4,2,,5,10781.1,1078.1100000000001,0.3,T,H,Lose,2,4,,5,8820.9,882.09,0.7,H,T,Lose,4,2,,5,7217.1,721.71,0.5,T,H,Lose,3,3,,5,8820.9,882.09,0.5,T,H,Lose,3,3,,5,13176.9,1317.69,0.7,H,T,Lose,4,2,,5,13176.9,1317.69,0.2,T,T,Win,1,5,,5,13176.9,1317.69,0.8,H,T,Lose,5,1,,5,7217.1,721.71,0.7,T,H,Lose,4,2,,5,8820.9,882.09,0.5,T,H,Lose,3,3,,5,8820.9,882.09,0.8,H,H,Win,5,1,,5,10781.1,1078.1100000000001,0.7,T,H,Lose,4,2,,5,8820.9,882.09,0.8,H,H,Win,5,1,,5,13176.9,1317.69,0.5,T,H,Lose,3,3,,5,7217.1,721.71,0.7,H,H,Win,4,2,,5,8820.9,882.09,0.5,H,T,Lose,3,3,,5,10781.1,1078.1100000000001,0.5,T,T,Win,3,3,,5,10781.1,1078.1100000000001,0.3,T,T,Win,2,4,,5,10781.1,1078.1100000000001,0.8,H,H,Win,5,1,,5,13176.9,1317.69,0.5,T,H,Lose,3,3,,5,8820.9,882.09,0.3,T,T,Win,2,4,,5,7217.1,721.71,0.7,T,H,Lose,4,2,,5,7217.1,721.71,0.7,H,H,Win,4,2,,5,7217.1,721.71,0.8,H,H,Win,5,1,,5,8820.9,882.09,0.7,T,H,Lose,4,2,,5,13176.9,1317.69,1.0,H,H,Win,6,0,,5,10781.1,1078.1100000000001,0.3,T,T,Win,2,4,,5,7217.1,721.71,0.5,T,H,Lose,3,3,,5,10781.1,1078.1100000000001,0.5,T,H,Lose,3,3,,5,7217.1,721.71,0.5,H,T,Lose,3,3,,5,7217.1,721.71,0.5,H,T,Lose,3,3,,5,8820.9,882.09,0.5,T,H,Lose,3,3,,5,13176.9,1317.69,0.8,H,T,Lose,5,1,,5,8820.9,882.09,0.7,H,H,Win,4,2,,5,10781.1,1078.1100000000001,0.7,H,T,Lose,4,2,,5,8820.9,882.09,0.5,T,T,Win,3,3,,5,7217.1,721.71,0.7,H,H,Win,4,2,,5,13176.9,1317.69,0.8,H,T,Lose,5,1,,5,10781.1,1078.1100000000001,0.5,T,H,Lose,3,3,,5,8820.9,882.09,0.5,T,H,Lose,3,3,,5,16105.1,1610.5100000000002,0.8,H,T,Lose,5,1,,5,8820.9,882.09,0.3,T,T,Win,2,4,,5,10781.1,1078.1100000000001,0.2,T,T,Win,1,5,,5,8820.9,882.09,0.7,H,T,Lose,4,2,,5,10781.1,1078.1100000000001,0.3,T,H,Lose,2,4,,5,10781.1,1078.1100000000001,0.3,T,H,Lose,2,4,,5,8820.9,882.09,0.3,T,T,Win,2,4,,5,13176.9,1317.69,0.5,T,H,Lose,3,3,,5,7217.1,721.71,0.5,T,T,Win,3,3,,5,5904.9,590.49,0.7,T,H,Lose,4,2,,5,7217.1,721.71,0.5,T,T,Win,3,3,,5,8820.9,882.09,0.7,T,H,Lose,4,2,,5,10781.1,1078.1100000000001,0.7,H,H,Win,4,2,,5,10781.1,1078.1100000000001,0.3,T,T,Win,2,4,,5,8820.9,882.09,0.3,T,T,Win,2,4,,5,7217.1,721.71,0.7,H,H,Win,4,2,,5,8820.9,882.09,0.5,T,H,Lose,3,3,,5,10781.1,1078.1100000000001,0.2,T,T,Win,1,5,,5,8820.9,882.09,0.8,H,H,Win,5,1,,5,10781.1,1078.1100000000001,0.7,H,T,Lose,4,2,,5,10781.1,1078.1100000000001,0.7,H,H,Win,4,2,,5,8820.9,882.09,0.3,T,T,Win,2,4,,5,13176.9,1317.69,0.2,T,H,Lose,1,5,,5,8820.9,882.09,0.7,H,T,Lose,4,2,,5,8820.9,882.09,0.3,T,T,Win,2,4,,5,8820.9,882.09,0.5,T,T,Win,3,3,,5,13176.9,1317.69,0.3,T,T,Win,2,4,,5,10781.1,1078.1100000000001,0.7,H,T,Lose,4,2,,5,8820.9,882.09,0.3,T,T,Win,2,4,,5,16105.1,1610.5100000000002,1.0,H,H,Win,6,0,,5,7217.1,721.71,0.7,T,H,Lose,4,2,,5,8820.9,882.09,0.5,T,H,Lose,3,3,,5,8820.9,882.09,0.5,T,H,Lose,3,3,,5,13176.9,1317.69,0.2,T,H,Lose,1,5,,5,10781.1,1078.1100000000001,0.3,T,H,Lose,2,4,,5,7217.1,721.71,0.8,H,H,Win,5,1,,5,7217.1,721.71,0.8,H,H,Win,5,1,,5,8820.9,882.09,0.5,H,T,Lose,3,3,,5,13176.9,1317.69,0.0,T,T,Win,0,6,,5,13176.9,1317.69,0.2,T,H,Lose,1,5,,5,7217.1,721.71,0.7,H,T,Lose,4,2,,5,10781.1,1078.1100000000001,0.7,H,T,Lose,4,2,,5,10781.1,1078.1100000000001,0.5,T,H,Lose,3,3,,5,13176.9,1317.69,0.3,T,T,Win,2,4,,5,16105.1,1610.5100000000002,0.8,H,T,Lose,5,1,,5,8820.9,882.09,0.7,T,H,Lose,4,2,,5,8820.9,882.09,0.5,T,H,Lose,3,3,,5,8820.9,882.09,0.5,T,T,Win,3,3,,5,5904.9,590.49,0.5,T,T,Win,3,3,,5,10781.1,1078.1100000000001,0.3,T,T,Win,2,4,,5,7217.1,721.71,0.7,H,H,Win,4,2,,5,10781.1,1078.1100000000001,0.3,T,H,Lose,2,4,,5,7217.1,721.71,0.7,T,H,Lose,4,2,,5,7217.1,721.71,0.5,T,T,Win,3,3,,5,10781.1,1078.1100000000001,0.5,H,T,Lose,3,3,,5,13176.9,1317.69,0.5,T,H,Lose,3,3,,5,16105.1,1610.5100000000002,0.8,H,T,Lose,5,1,,5,7217.1,721.71,0.7,T,H,Lose,4,2,,5,7217.1,721.71,0.7,T,H,Lose,4,2,,5,7217.1,721.71,0.5,H,T,Lose,3,3,,5,8820.9,882.09,0.5,T,H,Lose,3,3,,5,13176.9,1317.69,0.8,H,T,Lose,5,1,,5,8820.9,882.09,0.5,T,T,Win,3,3,,5,13176.9,1317.69,0.0,T,T,Win,0,6,,5,13176.9,1317.69,0.5,T,H,Lose,3,3,,5,10781.1,1078.1100000000001,0.3,T,T,Win,2,4,,5,10781.1,1078.1100000000001,0.7,T,H,Lose,4,2,,5,8820.9,882.09,0.7,H,T,Lose,4,2,,5,8820.9,882.09,0.5,H,T,Lose,3,3,,5,16105.1,1610.5100000000002,0.3,T,H,Lose,2,4,,5,10781.1,1078.1100000000001,0.7,H,T,Lose,4,2,,5,8820.9,882.09,0.8,H,H,Win,5,1,,5,7217.1,721.71,0.7,T,H,Lose,4,2,,5,8820.9,882.09,0.7,H,H,Win,4,2,,5,13176.9,1317.69,0.5,T,H,Lose,3,3,,5,10781.1,1078.1100000000001,0.7,H,H,Win,4,2,,5,16105.1,1610.5100000000002,0.2,T,T,Win,1,5,,5,13176.9,1317.69,0.7,H,T,Lose,4,2,,5,7217.1,721.71,0.7,H,H,Win,4,2,,5,8820.9,882.09,0.7,H,H,Win,4,2,,5,8820.9,882.09,0.5,T,H,Lose,3,3,,5,10781.1,1078.1100000000001,0.7,T,H,Lose,4,2,,5,8820.9,882.09,0.3,T,T,Win,2,4,,5,8820.9,882.09,0.5,T,H,Lose,3,3,,5,10781.1,1078.1100000000001,0.5,T,H,Lose,3,3,,5,10781.1,1078.1100000000001,0.2,T,T,Win,1,5,,5,8820.9,882.09,0.3,T,T,Win,2,4,,5,8820.9,882.09,0.3,T,T,Win,2,4,,5,10781.1,1078.1100000000001,0.5,T,H,Lose,3,3,,5,8820.9,882.09,0.7,H,T,Lose,4,2,,5,10781.1,1078.1100000000001,0.5,T,H,Lose,3,3,,5,7217.1,721.71,0.5,H,T,Lose,3,3,,5,13176.9,1317.69,0.3,T,T,Win,2,4,,5,8820.9,882.09,0.5,T,H,Lose,3,3,,5,7217.1,721.71,0.7,T,H,Lose,4,2,,5,10781.1,1078.1100000000001,0.2,T,T,Win,1,5,,5,10781.1,1078.1100000000001,0.7,H,T,Lose,4,2,,5,10781.1,1078.1100000000001,0.3,T,H,Lose,2,4,,5,10781.1,1078.1100000000001,0.8,H,H,Win,5,1,,5,16105.1,1610.5100000000002,0.8,H,T,Lose,5,1,,5,7217.1,721.71,0.5,H,T,Lose,3,3,,5,7217.1,721.71,0.7,T,H,Lose,4,2,,5,7217.1,721.71,0.5,T,H,Lose,3,3,,5,8820.9,882.09,0.3,T,T,Win,2,4,,5,8820.9,882.09,0.7,T,H,Lose,4,2,,5,13176.9,1317.69,0.8,H,H,Win,5,1,,5,8820.9,882.09,0.5,T,T,Win,3,3,,5,10781.1,1078.1100000000001,0.8,H,H,Win,5,1,,5,10781.1,1078.1100000000001,0.7,H,T,Lose,4,2,,5,7217.1,721.71,0.7,H,T,Lose,4,2,,5,13176.9,1317.69,0.2,T,H,Lose,1,5,,5,8820.9,882.09,0.3,T,T,Win,2,4,,5,10781.1,1078.1100000000001,0.3,T,H,Lose,2,4,,5,8820.9,882.09,0.3,T,T,Win,2,4,,5,7217.1,721.71,0.5,H,T,Lose,3,3,,5,10781.1,1078.1100000000001,0.5,T,H,Lose,3,3,,5,8820.9,882.09,0.7,T,H,Lose,4,2,,5,13176.9,1317.69,0.3,T,T,Win,2,4,,5,7217.1,721.71,0.5,H,T,Lose,3,3,,5,7217.1,721.71,0.7,H,T,Lose,4,2,,5,16105.1,1610.5100000000002,0.8,H,T,Lose,5,1,,5,13176.9,1317.69,0.7,H,T,Lose,4,2,,5,7217.1,721.71,0.7,T,H,Lose,4,2,,5,8820.9,882.09,0.7,H,T,Lose,4,2,,5,8820.9,882.09,0.3,T,T,Win,2,4,,5,8820.9,882.09,0.5,T,H,Lose,3,3,,5,8820.9,882.09,0.3,T,T,Win,2,4,,5,10781.1,1078.1100000000001,0.3,T,H,Lose,2,4,,5,10781.1,1078.1100000000001,0.2,T,T,Win,1,5,,5,8820.9,882.09,0.3,T,T,Win,2,4,,5,8820.9,882.09,0.3,T,T,Win,2,4,,5,10781.1,1078.1100000000001,0.8,H,H,Win,5,1,,5,10781.1,1078.1100000000001,0.2,T,T,Win,1,5,,5,13176.9,1317.69,0.3,T,H,Lose,2,4,,5,8820.9,882.09,0.5,H,T,Lose,3,3,,5,7217.1,721.71,0.5,H,T,Lose,3,3,,5,13176.9,1317.69,0.2,T,H,Lose,1,5,,5,7217.1,721.71,0.7,T,H,Lose,4,2,,5,13176.9,1317.69,0.3,T,T,Win,2,4,,5,10781.1,1078.1100000000001,0.7,H,T,Lose,4,2,,5,8820.9,882.09,0.3,T,T,Win,2,4,,5,8820.9,882.09,0.7,H,H,Win,4,2,,5,8820.9,882.09,0.5,T,H,Lose,3,3,,5,16105.1,1610.5100000000002,0.8,H,T,Lose,5,1,,5,10781.1,1078.1100000000001,0.7,H,T,Lose,4,2,,5,10781.1,1078.1100000000001,0.5,H,T,Lose,3,3,,5,10781.1,1078.1100000000001,0.3,T,H,Lose,2,4,,5,10781.1,1078.1100000000001,0.7,H,T,Lose,4,2,,5,7217.1,721.71,0.7,H,H,Win,4,2,,5,8820.9,882.09,0.5,T,H,Lose,3,3,,5,7217.1,721.71,0.5,T,T,Win,3,3,,5,13176.9,1317.69,0.5,T,H,Lose,3,3,,5,8820.9,882.09,0.5,T,H,Lose,3,3,,5,10781.1,1078.1100000000001,0.5,T,H,Lose,3,3,,5,7217.1,721.71,0.7,H,H,Win,4,2,,5,10781.1,1078.1100000000001,0.5,T,H,Lose,3,3,,5,13176.9,1317.69,0.7,H,T,Lose,4,2,,5,7217.1,721.71,0.5,T,H,Lose,3,3,,5,13176.9,1317.69,0.7,H,T,Lose,4,2,,5,7217.1,721.71,0.7,H,T,Lose,4,2,,5,13176.9,1317.69,0.2,T,H,Lose,1,5,,5,10781.1,1078.1100000000001,0.3,T,T,Win,2,4,,5,10781.1,1078.1100000000001,0.2,T,T,Win,1,5,,5,10781.1,1078.1100000000001,0.7,H,T,Lose,4,2,,5,8820.9,882.09,0.5,T,H,Lose,3,3,,5,7217.1,721.71,0.5,H,T,Lose,3,3,,5,10781.1,1078.1100000000001,0.2,T,T,Win,1,5,,5,8820.9,882.09,0.5,T,H,Lose,3,3,,5,13176.9,1317.69,0.2,T,H,Lose,1,5,,5,8820.9,882.09,0.3,T,T,Win,2,4,,5,8820.9,882.09,0.5,T,T,Win,3,3,,5,10781.1,1078.1100000000001,0.5,T,H,Lose,3,3,,5,10781.1,1078.1100000000001,0.5,H,T,Lose,3,3,,5,8820.9,882.09,0.3,T,T,Win,2,4,,5,10781.1,1078.1100000000001,0.7,H,H,Win,4,2,,5,8820.9,882.09,0.3,T,T,Win,2,4,,5,7217.1,721.71,0.7,H,T,Lose,4,2,,5,8820.9,882.09,0.5,T,H,Lose,3,3,,5,8820.9,882.09,0.3,T,T,Win,2,4,,5,13176.9,1317.69,0.0,T,T,Win,0,6,,5,8820.9,882.09,0.3,T,T,Win,2,4,,5,13176.9,1317.69,0.5,T,H,Lose,3,3,,5,10781.1,1078.1100000000001,0.2,T,T,Win,1,5,,5,13176.9,1317.69,0.8,H,H,Win,5,1,,5,5904.9,590.49,0.7,T,H,Lose,4,2,,5,8820.9,882.09,0.3,T,T,Win,2,4,,5,5904.9,590.49,0.5,T,T,Win,3,3,,5,10781.1,1078.1100000000001,0.2,T,T,Win,1,5,,5,8820.9,882.09,0.7,T,H,Lose,4,2,,5,10781.1,1078.1100000000001,0.8,H,H,Win,5,1,,5,10781.1,1078.1100000000001,0.7,H,T,Lose,4,2,,5,8820.9,882.09,0.5,T,H,Lose,3,3,,5,8820.9,882.09,0.5,T,H,Lose,3,3,,5,10781.1,1078.1100000000001,0.2,T,T,Win,1,5,,5,13176.9,1317.69,0.5,T,H,Lose,3,3,,5,10781.1,1078.1100000000001,0.5,T,T,Win,3,3,,5,8820.9,882.09,0.5,T,H,Lose,3,3,,5,7217.1,721.71,0.7,H,H,Win,4,2,,5,13176.9,1317.69,0.8,H,H,Win,5,1,,5,8820.9,882.09,0.5,T,H,Lose,3,3,,5,5904.9,590.49,0.7,T,H,Lose,4,2,,5,13176.9,1317.69,0.8,H,T,Lose,5,1,,5,10781.1,1078.1100000000001,0.2,T,T,Win,1,5,,5,10781.1,1078.1100000000001,0.2,T,T,Win,1,5,,5,8820.9,882.09,0.8,H,H,Win,5,1,,5,10781.1,1078.1100000000001,0.5,T,T,Win,3,3,,5,13176.9,1317.69,0.5,T,H,Lose,3,3,,5,8820.9,882.09,0.3,T,T,Win,2,4,,5,13176.9,1317.69,0.5,T,H,Lose,3,3,,5,8820.9,882.09,0.5,T,H,Lose,3,3,,5,10781.1,1078.1100000000001,0.7,T,H,Lose,4,2,,5,10781.1,1078.1100000000001,0.3,T,T,Win,2,4,,5,7217.1,721.71,0.5,H,T,Lose,3,3,,5,7217.1,721.71,0.5,H,T,Lose,3,3,,5,10781.1,1078.1100000000001,0.2,T,T,Win,1,5,,5,10781.1,1078.1100000000001,0.7,T,H,Lose,4,2,,5,8820.9,882.09,0.3,T,T,Win,2,4,,5,8820.9,882.09,0.7,H,T,Lose,4,2,,5,8820.9,882.09,0.3,T,T,Win,2,4,,5,10781.1,1078.1100000000001,0.7,H,T,Lose,4,2,,5,16105.1,1610.5100000000002,1.0,H,H,Win,6,0,,5,13176.9,1317.69,0.3,T,T,Win,2,4,,5,7217.1,721.71,0.5,H,T,Lose,3,3,,5,8820.9,882.09,0.3,T,T,Win,2,4,,5,8820.9,882.09,0.8,H,H,Win,5,1,,5,7217.1,721.71,0.7,T,H,Lose,4,2,,5,10781.1,1078.1100000000001,0.2,T,T,Win,1,5,,5,13176.9,1317.69,0.2,T,H,Lose,1,5,,5,10781.1,1078.1100000000001,0.5,H,T,Lose,3,3,,5,5904.9,590.49,0.7,T,H,Lose,4,2,,5,13176.9,1317.69,0.0,T,T,Win,0,6,,5,8820.9,882.09,0.8,H,H,Win,5,1,,5,8820.9,882.09,0.5,T,H,Lose,3,3,,5,16105.1,1610.5100000000002,0.8,H,T,Lose,5,1,,5,10781.1,1078.1100000000001,0.3,T,H,Lose,2,4,,5,5904.9,590.49,0.7,T,H,Lose,4,2,,5,10781.1,1078.1100000000001,0.5,T,H,Lose,3,3,,5,8820.9,882.09,0.3,T,T,Win,2,4,,5,8820.9,882.09,0.7,T,H,Lose,4,2,,5,8820.9,882.09,0.8,H,H,Win,5,1,,5,10781.1,1078.1100000000001,0.8,H,H,Win,5,1,,5,10781.1,1078.1100000000001,0.8,H,H,Win,5,1,,5,8820.9,882.09,0.3,T,T,Win,2,4,,5,8820.9,882.09,0.3,T,T,Win,2,4,,5,7217.1,721.71,0.7,H,H,Win,4,2,,5,8820.9,882.09,0.5,T,H,Lose,3,3,,5,7217.1,721.71,0.8,H,H,Win,5,1,,5,10781.1,1078.1100000000001,0.7,T,H,Lose,4,2,,5,8820.9,882.09,0.3,T,T,Win,2,4,,5,8820.9,882.09,0.7,H,H,Win,4,2,,5,8820.9,882.09,0.5,H,T,Lose,3,3,,5,10781.1,1078.1100000000001,0.3,T,T,Win,2,4,,5,10781.1,1078.1100000000001,0.3,T,H,Lose,2,4,,5,8820.9,882.09,0.3,T,T,Win,2,4,,5,10781.1,1078.1100000000001,0.7,T,H,Lose,4,2,,5,10781.1,1078.1100000000001,0.7,H,H,Win,4,2,,5,10781.1,1078.1100000000001,0.5,T,H,Lose,3,3,,5,7217.1,721.71,0.7,T,H,Lose,4,2,,5,8820.9,882.09,0.3,T,T,Win,2,4,,5,7217.1,721.71,0.7,H,H,Win,4,2,,5,5904.9,590.49,0.5,T,T,Win,3,3,,5,5904.9,590.49,0.5,H,T,Lose,3,3,,5,10781.1,1078.1100000000001,0.7,H,T,Lose,4,2,,5,7217.1,721.71,0.7,H,H,Win,4,2,,5,8820.9,882.09,0.5,T,H,Lose,3,3,,5,10781.1,1078.1100000000001,0.5,H,T,Lose,3,3,,5,16105.1,1610.5100000000002,1.0,H,H,Win,6,0,,5,10781.1,1078.1100000000001,0.7,H,T,Lose,4,2,,5,7217.1,721.71,0.5,T,H,Lose,3,3,,5,7217.1,721.71,0.5,H,T,Lose,3,3,,5,8820.9,882.09,0.5,T,H,Lose,3,3,,5,7217.1,721.71,0.7,H,H,Win,4,2,,5,10781.1,1078.1100000000001,0.2,T,T,Win,1,5,,5,5904.9,590.49,0.5,T,T,Win,3,3,,5,8820.9,882.09,0.7,H,H,Win,4,2,,5,10781.1,1078.1100000000001,0.3,T,T,Win,2,4,,5,10781.1,1078.1100000000001,0.2,T,T,Win,1,5,,5,10781.1,1078.1100000000001,0.3,T,H,Lose,2,4,,5,10781.1,1078.1100000000001,0.2,T,T,Win,1,5,,5,13176.9,1317.69,0.7,H,T,Lose,4,2,,5,10781.1,1078.1100000000001,0.7,T,H,Lose,4,2,,5,8820.9,882.09,0.7,T,H,Lose,4,2,,5,10781.1,1078.1100000000001,0.2,T,T,Win,1,5,,5,13176.9,1317.69,0.8,H,H,Win,5,1,,5,7217.1,721.71,0.7,T,H,Lose,4,2,,5,8820.9,882.09,0.5,T,H,Lose,3,3,,5,10781.1,1078.1100000000001,0.3,T,H,Lose,2,4,,5,7217.1,721.71,0.7,H,H,Win,4,2,,5,13176.9,1317.69,0.8,H,H,Win,5,1,,5,8820.9,882.09,0.3,T,T,Win,2,4,,5,10781.1,1078.1100000000001,0.5,T,H,Lose,3,3,,5,8820.9,882.09,0.5,H,T,Lose,3,3,,5,8820.9,882.09,0.3,T,T,Win,2,4,,5,8820.9,882.09,0.7,H,T,Lose,4,2,,5,13176.9,1317.69,0.3,T,H,Lose,2,4,,5,7217.1,721.71,0.7,H,H,Win,4,2,,5,10781.1,1078.1100000000001,0.7,T,H,Lose,4,2,,5,10781.1,1078.1100000000001,0.5,T,T,Win,3,3,,5,13176.9,1317.69,0.2,T,T,Win,1,5,,5,7217.1,721.71,0.7,H,T,Lose,4,2,,5,8820.9,882.09,0.3,T,T,Win,2,4,,5,10781.1,1078.1100000000001,0.7,H,H,Win,4,2,,5,10781.1,1078.1100000000001,0.3,T,H,Lose,2,4,,5,8820.9,882.09,0.5,T,H,Lose,3,3,,5,10781.1,1078.1100000000001,0.3,T,H,Lose,2,4,,5,7217.1,721.71,0.5,H,T,Lose,3,3,,5,8820.9,882.09,0.3,T,T,Win,2,4,,5,7217.1,721.71,0.7,H,T,Lose,4,2,,5,7217.1,721.71,0.5,H,T,Lose,3,3,,5,16105.1,1610.5100000000002,0.2,T,T,Win,1,5,,5,8820.9,882.09,0.5,T,H,Lose,3,3,,5,8820.9,882.09,0.7,H,T,Lose,4,2,,5,10781.1,1078.1100000000001,0.8,H,H,Win,5,1,,5,8820.9,882.09,0.3,T,T,Win,2,4,,5,10781.1,1078.1100000000001,0.2,T,T,Win,1,5,,5,10781.1,1078.1100000000001,0.5,T,H,Lose,3,3,,5,8820.9,882.09,0.5,T,H,Lose,3,3,,5,7217.1,721.71,0.8,H,H,Win,5,1,,5,7217.1,721.71,0.5,H,T,Lose,3,3,,5,8820.9,882.09,0.7,H,H,Win,4,2,,5,10781.1,1078.1100000000001,0.2,T,T,Win,1,5,,5,10781.1,1078.1100000000001,0.7,H,T,Lose,4,2,,5,13176.9,1317.69,0.7,H,T,Lose,4,2,,5,10781.1,1078.1100000000001,0.8,H,H,Win,5,1,,5,5904.9,590.49,0.5,T,T,Win,3,3,,5,7217.1,721.71,0.7,H,H,Win,4,2,,5,8820.9,882.09,0.3,T,T,Win,2,4,,5,13176.9,1317.69,1.0,H,H,Win,6,0,,5,10781.1,1078.1100000000001,0.7,H,T,Lose,4,2,,5,8820.9,882.09,0.5,T,H,Lose,3,3,,5,10781.1,1078.1100000000001,0.3,T,H,Lose,2,4,,5,10781.1,1078.1100000000001,0.5,T,H,Lose,3,3,,5,7217.1,721.71,0.8,H,H,Win,5,1,,5,5904.9,590.49,0.7,T,H,Lose,4,2,,5,10781.1,1078.1100000000001,0.2,T,T,Win,1,5,,5,10781.1,1078.1100000000001,0.3,T,H,Lose,2,4,,5,13176.9,1317.69,0.8,H,H,Win,5,1,,5,10781.1,1078.1100000000001,0.3,T,T,Win,2,4,,5,8820.9,882.09,0.5,H,T,Lose,3,3,,5,8820.9,882.09,0.3,T,T,Win,2,4,,5,10781.1,1078.1100000000001,0.3,T,H,Lose,2,4,,5,13176.9,1317.69,0.3,T,T,Win,2,4,,5,10781.1,1078.1100000000001,0.7,H,H,Win,4,2,,5,13176.9,1317.69,0.2,T,T,Win,1,5,,5,10781.1,1078.1100000000001,0.5,H,T,Lose,3,3,,5,16105.1,1610.5100000000002,0.3,T,H,Lose,2,4,,5,7217.1,721.71,0.5,H,T,Lose,3,3,,5,8820.9,882.09,0.7,H,H,Win,4,2,,5,13176.9,1317.69,0.3,T,T,Win,2,4,,5,10781.1,1078.1100000000001,0.2,T,T,Win,1,5,,5,8820.9,882.09,0.3,T,T,Win,2,4,,5,10781.1,1078.1100000000001,0.5,T,H,Lose,3,3,,5,13176.9,1317.69,0.7,H,T,Lose,4,2,,5,16105.1,1610.5100000000002,0.2,T,T,Win,1,5,,5,16105.1,1610.5100000000002,0.8,H,T,Lose,5,1,,5,13176.9,1317.69,0.5,T,H,Lose,3,3,,5,10781.1,1078.1100000000001,0.3,T,T,Win,2,4,,5,10781.1,1078.1100000000001,0.3,T,H,Lose,2,4,,5,10781.1,1078.1100000000001,0.3,T,H,Lose,2,4,,5,8820.9,882.09,0.5,T,H,Lose,3,3,,5,7217.1,721.71,0.5,H,T,Lose,3,3,,5,8820.9,882.09,0.5,H,T,Lose,3,3,,5,7217.1,721.71,0.5,T,T,Win,3,3,,5,10781.1,1078.1100000000001,0.8,H,H,Win,5,1,,5,10781.1,1078.1100000000001,0.2,T,T,Win,1,5,,5,7217.1,721.71,0.5,H,T,Lose,3,3,,5,8820.9,882.09,0.5,T,H,Lose,3,3,,5,16105.1,1610.5100000000002,0.2,T,T,Win,1,5,,5,10781.1,1078.1100000000001,0.5,H,T,Lose,3,3,,5,13176.9,1317.69,0.0,T,T,Win,0,6,,5,8820.9,882.09,0.3,T,T,Win,2,4,,5,10781.1,1078.1100000000001,0.2,T,T,Win,1,5,,5,10781.1,1078.1100000000001,0.3,T,T,Win,2,4,,5,13176.9,1317.69,0.7,H,T,Lose,4,2,,5,5904.9,590.49,0.5,H,T,Lose,3,3,,5,13176.9,1317.69,0.5,T,H,Lose,3,3,,5,10781.1,1078.1100000000001,0.3,T,H,Lose,2,4,,5,10781.1,1078.1100000000001,0.7,H,T,Lose,4,2,,5,13176.9,1317.69,0.5,T,H,Lose,3,3,,5,10781.1,1078.1100000000001,0.8,H,H,Win,5,1,,5,13176.9,1317.69,1.0,H,H,Win,6,0,,5,8820.9,882.09,0.5,T,H,Lose,3,3,,5,10781.1,1078.1100000000001,0.3,T,H,Lose,2,4,,5,8820.9,882.09,0.3,T,T,Win,2,4,,5,7217.1,721.71,0.7,H,H,Win,4,2,,5,10781.1,1078.1100000000001,0.5,T,H,Lose,3,3,,5,8820.9,882.09,0.5,T,H,Lose,3,3,,5,7217.1,721.71,0.7,H,H,Win,4,2,,5,13176.9,1317.69,0.3,T,T,Win,2,4,,5,7217.1,721.71,0.7,T,H,Lose,4,2,,5,8820.9,882.09,0.3,T,T,Win,2,4,,5,13176.9,1317.69,0.7,H,T,Lose,4,2,,5,8820.9,882.09,0.5,T,H,Lose,3,3,,5,8820.9,882.09,0.7,H,H,Win,4,2,,5,10781.1,1078.1100000000001,0.3,T,H,Lose,2,4,,5,13176.9,1317.69,0.2,T,H,Lose,1,5,,5,7217.1,721.71,0.7,T,H,Lose,4,2,,5,8820.9,882.09,0.3,T,T,Win,2,4,,5,8820.9,882.09,0.5,T,H,Lose,3,3,,5,7217.1,721.71,0.5,T,T,Win,3,3,,5,10781.1,1078.1100000000001,0.5,T,T,Win,3,3,,5,7217.1,721.71,0.8,H,H,Win,5,1,,5,10781.1,1078.1100000000001,0.5,T,H,Lose,3,3,,5,5904.9,590.49,0.5,H,T,Lose,3,3,,5,8820.9,882.09,0.3,T,T,Win,2,4,,5,16105.1,1610.5100000000002,1.0,H,H,Win,6,0,,5,10781.1,1078.1100000000001,0.8,H,H,Win,5,1,,5,10781.1,1078.1100000000001,0.2,T,T,Win,1,5,,5,10781.1,1078.1100000000001,0.5,T,H,Lose,3,3,,5,8820.9,882.09,0.5,H,T,Lose,3,3,,5,8820.9,882.09,0.3,T,T,Win,2,4,,5,8820.9,882.09,0.5,T,H,Lose,3,3,,5,8820.9,882.09,0.5,T,H,Lose,3,3,,5,10781.1,1078.1100000000001,0.5,T,T,Win,3,3,,5,8820.9,882.09,0.5,T,T,Win,3,3,,5,8820.9,882.09,0.5,T,H,Lose,3,3,,5,7217.1,721.71,0.7,H,H,Win,4,2,,5,13176.9,1317.69,0.7,H,T,Lose,4,2,,5,10781.1,1078.1100000000001,0.2,T,T,Win,1,5,,5,10781.1,1078.1100000000001,0.3,T,H,Lose,2,4,,5,13176.9,1317.69,0.8,H,H,Win,5,1,,5,10781.1,1078.1100000000001,0.5,H,T,Lose,3,3,,5,10781.1,1078.1100000000001,0.8,H,H,Win,5,1,,5,7217.1,721.71,0.7,T,H,Lose,4,2,,5,8820.9,882.09,0.3,T,T,Win,2,4,,5,10781.1,1078.1100000000001,0.7,H,H,Win,4,2,,5,8820.9,882.09,0.3,T,T,Win,2,4,,5,13176.9,1317.69,0.0,T,T,Win,0,6,,5,13176.9,1317.69,0.7,H,T,Lose,4,2,,5,8820.9,882.09,0.7,T,H,Lose,4,2,,5,10781.1,1078.1100000000001,0.2,T,T,Win,1,5,,5,8820.9,882.09,0.3,T,T,Win,2,4,,5,10781.1,1078.1100000000001,0.5,T,H,Lose,3,3,,5,10781.1,1078.1100000000001,0.5,T,H,Lose,3,3,,5,8820.9,882.09,0.5,T,H,Lose,3,3,,5,8820.9,882.09,0.5,T,H,Lose,3,3,,5,10781.1,1078.1100000000001,0.7,H,T,Lose,4,2,,5,7217.1,721.71,0.5,H,T,Lose,3,3,,5,8820.9,882.09,0.3,T,T,Win,2,4,,5,7217.1,721.71,0.5,T,H,Lose,3,3,,5,8820.9,882.09,0.3,T,T,Win,2,4,,5,13176.9,1317.69,0.3,T,T,Win,2,4,,5,13176.9,1317.69,0.3,T,T,Win,2,4,,5,13176.9,1317.69,0.2,T,H,Lose,1,5,,5,7217.1,721.71,0.7,H,H,Win,4,2,,5,10781.1,1078.1100000000001,0.5,T,T,Win,3,3,,5,10781.1,1078.1100000000001,0.3,T,T,Win,2,4,,5,7217.1,721.71,0.8,H,H,Win,5,1,,5,10781.1,1078.1100000000001,0.8,H,H,Win,5,1,,5,13176.9,1317.69,0.3,T,T,Win,2,4,,5,10781.1,1078.1100000000001,0.2,T,T,Win,1,5,,5,13176.9,1317.69,0.7,H,T,Lose,4,2,,5,10781.1,1078.1100000000001,0.3,T,H,Lose,2,4,,5,7217.1,721.71,0.3,T,T,Win,2,4,,5,8820.9,882.09,0.5,T,H,Lose,3,3,,5,8820.9,882.09,0.3,T,T,Win,2,4,,5,13176.9,1317.69,0.0,T,T,Win,0,6,,5,13176.9,1317.69,0.3,T,H,Lose,2,4,,5,10781.1,1078.1100000000001,0.3,T,H,Lose,2,4,,5,8820.9,882.09,0.5,T,H,Lose,3,3,,5,13176.9,1317.69,0.0,T,T,Win,0,6,,5,10781.1,1078.1100000000001,0.7,H,T,Lose,4,2,,5,8820.9,882.09,0.8,H,H,Win,5,1,,5,10781.1,1078.1100000000001,0.3,T,T,Win,2,4,,5,7217.1,721.71,0.5,H,T,Lose,3,3,,5,13176.9,1317.69,0.8,H,H,Win,5,1,,5,13176.9,1317.69,0.8,H,T,Lose,5,1,,5,10781.1,1078.1100000000001,0.5,H,T,Lose,3,3,,5,10781.1,1078.1100000000001,0.7,H,T,Lose,4,2,,5,10781.1,1078.1100000000001,0.2,T,T,Win,1,5,,5,7217.1,721.71,0.7,H,H,Win,4,2,,5,13176.9,1317.69,0.0,T,T,Win,0,6,,5,10781.1,1078.1100000000001,0.3,T,H,Lose,2,4,,5,8820.9,882.09,0.7,H,T,Lose,4,2,,5,10781.1,1078.1100000000001,0.5,T,H,Lose,3,3,,5,13176.9,1317.69,0.8,H,T,Lose,5,1,,5,8820.9,882.09,0.3,T,T,Win,2,4,,5,5904.9,590.49,0.5,H,T,Lose,3,3,,5,13176.9,1317.69,0.5,T,H,Lose,3,3,,5,8820.9,882.09,0.5,H,T,Lose,3,3,,5,16105.1,1610.5100000000002,1.0,H,H,Win,6,0,,5,7217.1,721.71,0.8,H,H,Win,5,1,,5,8820.9,882.09,0.3,T,T,Win,2,4,,5,10781.1,1078.1100000000001,0.7,H,T,Lose,4,2,,5,13176.9,1317.69,0.7,H,T,Lose,4,2,,5,10781.1,1078.1100000000001,0.5,H,T,Lose,3,3,,5,13176.9,1317.69,0.8,H,H,Win,5,1,,5,10781.1,1078.1100000000001,0.2,T,T,Win,1,5,,5,16105.1,1610.5100000000002,0.3,T,H,Lose,2,4,,5,10781.1,1078.1100000000001,0.2,T,T,Win,1,5,,5,10781.1,1078.1100000000001,0.3,T,H,Lose,2,4,,5,8820.9,882.09,0.5,H,T,Lose,3,3,,5,10781.1,1078.1100000000001,0.3,T,T,Win,2,4,,5,10781.1,1078.1100000000001,0.3,T,T,Win,2,4,,5,10781.1,1078.1100000000001,0.8,H,H,Win,5,1,,5,13176.9,1317.69,0.2,T,T,Win,1,5,,5,10781.1,1078.1100000000001,0.3,T,H,Lose,2,4,,5,16105.1,1610.5100000000002,0.8,H,T,Lose,5,1,,5,8820.9,882.09,0.7,H,H,Win,4,2,,5,13176.9,1317.69,0.8,H,T,Lose,5,1,,5,8820.9,882.09,0.5,T,T,Win,3,3,,5,13176.9,1317.69,0.3,T,T,Win,2,4,,5,7217.1,721.71,0.5,T,T,Win,3,3,,5,10781.1,1078.1100000000001,0.3,T,H,Lose,2,4,,5,10781.1,1078.1100000000001,0.2,T,T,Win,1,5,,5,13176.9,1317.69,0.7,H,T,Lose,4,2,,5,13176.9,1317.69,0.8,H,H,Win,5,1,,5,10781.1,1078.1100000000001,0.2,T,T,Win,1,5,,5,10781.1,1078.1100000000001,0.7,H,H,Win,4,2,,5,13176.9,1317.69,0.0,T,T,Win,0,6,,5,13176.9,1317.69,0.0,T,T,Win,0,6,,5,7217.1,721.71,0.5,H,T,Lose,3,3,,5,13176.9,1317.69,0.3,T,T,Win,2,4,,5,8820.9,882.09,0.3,T,T,Win,2,4,,5,8820.9,882.09,0.3,T,T,Win,2,4,,5,10781.1,1078.1100000000001,0.2,T,T,Win,1,5,,5,13176.9,1317.69,0.5,T,H,Lose,3,3,,5,10781.1,1078.1100000000001,0.5,H,T,Lose,3,3,,5,7217.1,721.71,0.5,T,H,Lose,3,3,,5,8820.9,882.09,0.3,T,T,Win,2,4,,5,7217.1,721.71,0.7,T,H,Lose,4,2,,5,10781.1,1078.1100000000001,0.7,H,T,Lose,4,2,,5,8820.9,882.09,0.5,T,H,Lose,3,3,,5,7217.1,721.71,0.5,T,T,Win,3,3,,5,13176.9,1317.69,0.8,H,T,Lose,5,1,,5,10781.1,1078.1100000000001,0.8,H,H,Win,5,1,,5,7217.1,721.71,0.5,H,T,Lose,3,3,,5,13176.9,1317.69,0.3,T,T,Win,2,4,,5,10781.1,1078.1100000000001,0.3,T,T,Win,2,4,,5,10781.1,1078.1100000000001,0.3,T,H,Lose,2,4,,5,10781.1,1078.1100000000001,0.5,T,H,Lose,3,3,,5,8820.9,882.09,0.3,T,T,Win,2,4,,5,10781.1,1078.1100000000001,0.5,T,T,Win,3,3,,5,13176.9,1317.69,0.0,T,T,Win,0,6,,5,13176.9,1317.69,1.0,H,H,Win,6,0,,5,7217.1,721.71,0.7,T,H,Lose,4,2,,5,10781.1,1078.1100000000001,0.8,H,H,Win,5,1,,5,8820.9,882.09,0.3,T,T,Win,2,4,,5,13176.9,1317.69,0.0,T,T,Win,0,6,,5,10781.1,1078.1100000000001,0.2,T,T,Win,1,5,,5,5904.9,590.49,0.5,T,T,Win,3,3,,5,13176.9,1317.69,0.5,T,H,Lose,3,3,,5,10781.1,1078.1100000000001,0.3,T,T,Win,2,4,,5,13176.9,1317.69,0.2,T,T,Win,1,5,,5,10781.1,1078.1100000000001,0.2,T,T,Win,1,5,,5,8820.9,882.09,0.7,T,H,Lose,4,2,,5,10781.1,1078.1100000000001,0.8,H,H,Win,5,1,,5,8820.9,882.09,0.5,T,H,Lose,3,3,,5,8820.9,882.09,0.3,T,T,Win,2,4,,5,10781.1,1078.1100000000001,0.3,T,T,Win,2,4,,5,10781.1,1078.1100000000001,0.8,H,H,Win,5,1,,5,10781.1,1078.1100000000001,0.7,H,T,Lose,4,2,,5,8820.9,882.09,0.3,T,T,Win,2,4,,5,10781.1,1078.1100000000001,0.2,T,T,Win,1,5,,5,7217.1,721.71,0.5,T,T,Win,3,3,,5,13176.9,1317.69,0.3,T,T,Win,2,4,,5,13176.9,1317.69,0.3,T,T,Win,2,4,,5,13176.9,1317.69,0.5,T,H,Lose,3,3,,5,10781.1,1078.1100000000001,0.3,T,T,Win,2,4,,5,10781.1,1078.1100000000001,0.2,T,T,Win,1,5,,5,7217.1,721.71,0.5,H,T,Lose,3,3,,5,8820.9,882.09,0.5,T,H,Lose,3,3,,5,8820.9,882.09,0.5,T,H,Lose,3,3,,5,8820.9,882.09,0.5,T,H,Lose,3,3,,5,8820.9,882.09,0.5,T,H,Lose,3,3,,5,8820.9,882.09,0.5,T,H,Lose,3,3,,5,8820.9,882.09,0.5,T,H,Lose,3,3,,5,13176.9,1317.69,0.2,T,H,Lose,1,5,,5,13176.9,1317.69,0.2,T,T,Win,1,5,,5,7217.1,721.71,0.7,H,H,Win,4,2,,5,13176.9,1317.69,1.0,H,H,Win,6,0,,5,8820.9,882.09,0.7,T,H,Lose,4,2,,5,10781.1,1078.1100000000001,0.3,T,T,Win,2,4,,5,13176.9,1317.69,0.7,H,T,Lose,4,2,,5,13176.9,1317.69,0.5,T,H,Lose,3,3,,5,10781.1,1078.1100000000001,0.2,T,T,Win,1,5,,5,16105.1,1610.5100000000002,0.3,T,H,Lose,2,4,,5,7217.1,721.71,0.5,H,T,Lose,3,3,,5,8820.9,882.09,0.3,T,T,Win,2,4,,5,7217.1,721.71,0.7,H,H,Win,4,2,,5,10781.1,1078.1100000000001,0.3,T,H,Lose,2,4,,5,13176.9,1317.69,0.3,T,T,Win,2,4,,5,5904.9,590.49,0.5,H,T,Lose,3,3,,5,10781.1,1078.1100000000001,0.5,H,T,Lose,3,3,,5,10781.1,1078.1100000000001,0.2,T,T,Win,1,5,,5,10781.1,1078.1100000000001,0.5,H,T,Lose,3,3,,5,8820.9,882.09,0.3,T,T,Win,2,4,,5,8820.9,882.09,0.3,T,T,Win,2,4,,5,8820.9,882.09,0.7,H,H,Win,4,2,,5,16105.1,1610.5100000000002,0.8,H,T,Lose,5,1,,5,10781.1,1078.1100000000001,0.8,H,H,Win,5,1,,5,10781.1,1078.1100000000001,0.3,T,T,Win,2,4,,5,16105.1,1610.5100000000002,1.0,H,H,Win,6,0,,5,8820.9,882.09,0.5,T,H,Lose,3,3,,5,10781.1,1078.1100000000001,0.7,T,H,Lose,4,2,,5,10781.1,1078.1100000000001,0.7,H,T,Lose,4,2,,5,8820.9,882.09,0.3,T,T,Win,2,4,,5,10781.1,1078.1100000000001,0.3,T,H,Lose,2,4,,5,10781.1,1078.1100000000001,0.2,T,T,Win,1,5,,5,8820.9,882.09,0.5,T,H,Lose,3,3,,5,8820.9,882.09,0.5,T,H,Lose,3,3,,5,10781.1,1078.1100000000001,0.5,T,H,Lose,3,3,,5,10781.1,1078.1100000000001,0.5,T,H,Lose,3,3,,5,10781.1,1078.1100000000001,0.7,H,H,Win,4,2,,5,8820.9,882.09,0.5,T,H,Lose,3,3,,5,5904.9,590.49,0.7,T,H,Lose,4,2,,5,10781.1,1078.1100000000001,0.2,T,T,Win,1,5,,5,8820.9,882.09,0.3,T,T,Win,2,4,,5,8820.9,882.09,0.5,H,T,Lose,3,3,,5,7217.1,721.71,0.5,T,T,Win,3,3,,5,8820.9,882.09,0.8,H,H,Win,5,1,,5,8820.9,882.09,0.3,T,T,Win,2,4,,5,10781.1,1078.1100000000001,0.2,T,T,Win,1,5,,5,10781.1,1078.1100000000001,0.7,T,H,Lose,4,2,,5,7217.1,721.71,0.7,H,H,Win,4,2,,5,16105.1,1610.5100000000002,0.2,T,T,Win,1,5,,5,13176.9,1317.69,0.5,T,H,Lose,3,3,,5,10781.1,1078.1100000000001,0.8,H,H,Win,5,1,,5,10781.1,1078.1100000000001,0.2,T,T,Win,1,5,,5,10781.1,1078.1100000000001,0.5,T,T,Win,3,3,,5,10781.1,1078.1100000000001,0.3,T,H,Lose,2,4,,5,10781.1,1078.1100000000001,0.7,H,T,Lose,4,2,,5,10781.1,1078.1100000000001,0.2,T,T,Win,1,5,,5,10781.1,1078.1100000000001,0.3,T,H,Lose,2,4,,5,13176.9,1317.69,0.0,T,T,Win,0,6,,5,8820.9,882.09,0.5,T,H,Lose,3,3,,5,8820.9,882.09,0.3,T,T,Win,2,4,,5,10781.1,1078.1100000000001,0.2,T,T,Win,1,5,,5,8820.9,882.09,0.5,T,H,Lose,3,3,,5,13176.9,1317.69,0.2,T,H,Lose,1,5,,5,5904.9,590.49,0.7,H,H,Win,4,2,,5,8820.9,882.09,0.5,T,H,Lose,3,3,,5,10781.1,1078.1100000000001,0.5,H,T,Lose,3,3,,5,7217.1,721.71,0.5,T,T,Win,3,3,,5,10781.1,1078.1100000000001,0.2,T,T,Win,1,5,,5,10781.1,1078.1100000000001,0.8,H,H,Win,5,1,,5,13176.9,1317.69,0.0,T,T,Win,0,6,,5,10781.1,1078.1100000000001,0.7,H,T,Lose,4,2,,5,7217.1,721.71,0.5,H,T,Lose,3,3,,5,10781.1,1078.1100000000001,0.3,T,H,Lose,2,4,,5,10781.1,1078.1100000000001,0.5,T,H,Lose,3,3,,5,10781.1,1078.1100000000001,0.3,T,T,Win,2,4,,5,10781.1,1078.1100000000001,0.3,T,H,Lose,2,4,,5,13176.9,1317.69,0.5,T,H,Lose,3,3,,5,13176.9,1317.69,0.7,H,T,Lose,4,2,,5,10781.1,1078.1100000000001,0.2,T,T,Win,1,5,,5,10781.1,1078.1100000000001,0.7,H,T,Lose,4,2,,5,13176.9,1317.69,0.8,H,T,Lose,5,1,,5,10781.1,1078.1100000000001,0.7,T,H,Lose,4,2,,5,10781.1,1078.1100000000001,0.3,T,H,Lose,2,4,,5,10781.1,1078.1100000000001,0.7,H,T,Lose,4,2,,5,8820.9,882.09,0.8,H,H,Win,5,1,,5,10781.1,1078.1100000000001,0.3,T,H,Lose,2,4,,5,10781.1,1078.1100000000001,0.5,H,T,Lose,3,3,,5,10781.1,1078.1100000000001,0.3,T,H,Lose,2,4,,5,8820.9,882.09,0.3,T,T,Win,2,4,,5,8820.9,882.09,0.5,T,H,Lose,3,3,,5,8820.9,882.09,0.7,T,H,Lose,4,2,,5,13176.9,1317.69,0.7,H,T,Lose,4,2,,5,10781.1,1078.1100000000001,0.2,T,T,Win,1,5,,5,13176.9,1317.69,0.3,T,T,Win,2,4,,5,10781.1,1078.1100000000001,0.8,H,H,Win,5,1,,5,7217.1,721.71,0.7,T,H,Lose,4,2,,5,5904.9,590.49,0.7,T,H,Lose,4,2,,5,13176.9,1317.69,0.8,H,H,Win,5,1,,5,8820.9,882.09,0.3,T,T,Win,2,4,,5,10781.1,1078.1100000000001,0.8,H,H,Win,5,1,,5,8820.9,882.09,0.7,H,H,Win,4,2,,5,7217.1,721.71,0.8,H,H,Win,5,1,,5,8820.9,882.09,0.3,T,T,Win,2,4,,5,8820.9,882.09,0.5,T,H,Lose,3,3,,5,13176.9,1317.69,0.2,T,T,Win,1,5,,5,8820.9,882.09,0.7,H,T,Lose,4,2,,5,8820.9,882.09,0.7,T,H,Lose,4,2,,5,13176.9,1317.69,0.8,H,T,Lose,5,1,,5,10781.1,1078.1100000000001,0.7,H,H,Win,4,2,,5,7217.1,721.71,0.8,H,H,Win,5,1,,5,8820.9,882.09,0.3,T,T,Win,2,4,,5,13176.9,1317.69,0.7,H,T,Lose,4,2,,5,7217.1,721.71,0.5,T,H,Lose,3,3,,5,10781.1,1078.1100000000001,0.5,T,T,Win,3,3,,5,7217.1,721.71,0.7,H,H,Win,4,2,,5,7217.1,721.71,0.5,H,T,Lose,3,3,,5,8820.9,882.09,0.7,H,H,Win,4,2,,5,8820.9,882.09,0.3,T,T,Win,2,4,,5,7217.1,721.71,0.5,H,T,Lose,3,3,,5,10781.1,1078.1100000000001,0.7,H,H,Win,4,2,,5,7217.1,721.71,0.5,H,T,Lose,3,3,,5,8820.9,882.09,0.7,T,H,Lose,4,2,,5,8820.9,882.09,0.7,T,H,Lose,4,2,,5,10781.1,1078.1100000000001,0.8,H,H,Win,5,1,,5,10781.1,1078.1100000000001,0.3,T,H,Lose,2,4,,5,10781.1,1078.1100000000001,0.3,T,T,Win,2,4,,5,10781.1,1078.1100000000001,0.2,T,T,Win,1,5,,5,13176.9,1317.69,0.2,T,H,Lose,1,5,,5,8820.9,882.09,0.3,T,T,Win,2,4,,5,13176.9,1317.69,0.0,T,T,Win,0,6,,5,8820.9,882.09,0.5,T,H,Lose,3,3,,5,10781.1,1078.1100000000001,0.5,T,H,Lose,3,3,,5,10781.1,1078.1100000000001,0.7,H,H,Win,4,2,,5,10781.1,1078.1100000000001,0.8,H,H,Win,5,1,,5,10781.1,1078.1100000000001,0.7,H,H,Win,4,2,,5,16105.1,1610.5100000000002,0.3,T,H,Lose,2,4,,5,10781.1,1078.1100000000001,0.3,T,T,Win,2,4,,5,8820.9,882.09,0.5,T,H,Lose,3,3,,5,5904.9,590.49,0.5,T,T,Win,3,3,,5,10781.1,1078.1100000000001,0.5,T,H,Lose,3,3,,5,8820.9,882.09,0.5,T,H,Lose,3,3,,5,8820.9,882.09,0.3,T,T,Win,2,4,,5,8820.9,882.09,0.7,H,H,Win,4,2,,5,7217.1,721.71,0.7,H,H,Win,4,2,,5,8820.9,882.09,0.3,T,T,Win,2,4,,5,8820.9,882.09,0.3,T,T,Win,2,4,,5,13176.9,1317.69,0.7,H,T,Lose,4,2,,5,13176.9,1317.69,1.0,H,H,Win,6,0,,5,13176.9,1317.69,0.8,H,H,Win,5,1,,5,8820.9,882.09,0.3,T,T,Win,2,4,,5,8820.9,882.09,0.3,T,T,Win,2,4,,5,10781.1,1078.1100000000001,0.7,H,T,Lose,4,2,,5,13176.9,1317.69,0.2,T,H,Lose,1,5,,5,10781.1,1078.1100000000001,0.3,T,T,Win,2,4,,5,8820.9,882.09,0.7,T,H,Lose,4,2,,5,13176.9,1317.69,0.3,T,T,Win,2,4,,5,13176.9,1317.69,0.8,H,H,Win,5,1,,5,10781.1,1078.1100000000001,0.5,H,T,Lose,3,3,,5,8820.9,882.09,0.5,T,H,Lose,3,3,,5,8820.9,882.09,0.5,T,H,Lose,3,3,,5,8820.9,882.09,0.3,T,T,Win,2,4,,5,13176.9,1317.69,0.3,T,T,Win,2,4,,5,10781.1,1078.1100000000001,0.2,T,T,Win,1,5,,5,10781.1,1078.1100000000001,0.7,H,H,Win,4,2,,5,10781.1,1078.1100000000001,0.2,T,T,Win,1,5,,5,10781.1,1078.1100000000001,0.3,T,H,Lose,2,4,,5,7217.1,721.71,0.7,T,H,Lose,4,2,,5,10781.1,1078.1100000000001,0.3,T,H,Lose,2,4,,5,10781.1,1078.1100000000001,0.8,H,H,Win,5,1,,5,13176.9,1317.69,0.5,T,H,Lose,3,3,,5,8820.9,882.09,0.3,T,T,Win,2,4,,5,7217.1,721.71,0.7,H,H,Win,4,2,,5,8820.9,882.09,0.5,H,T,Lose,3,3,,5,10781.1,1078.1100000000001,0.5,T,H,Lose,3,3,,5,8820.9,882.09,0.3,T,T,Win,2,4,,5,13176.9,1317.69,0.7,H,T,Lose,4,2,,5,10781.1,1078.1100000000001,0.7,T,H,Lose,4,2,,5,10781.1,1078.1100000000001,0.3,T,H,Lose,2,4,,5,8820.9,882.09,0.7,H,H,Win,4,2,,5,8820.9,882.09,0.8,H,H,Win,5,1,,5,8820.9,882.09,0.7,H,T,Lose,4,2,,5,10781.1,1078.1100000000001,0.2,T,T,Win,1,5,,5,7217.1,721.71,0.5,T,T,Win,3,3,,5,7217.1,721.71,0.8,H,H,Win,5,1,,5,8820.9,882.09,0.5,T,H,Lose,3,3,,5,10781.1,1078.1100000000001,0.3,T,H,Lose,2,4,,5,8820.9,882.09,0.3,T,T,Win,2,4,,5,16105.1,1610.5100000000002,0.8,H,T,Lose,5,1,,5,13176.9,1317.69,0.8,H,H,Win,5,1,,5,13176.9,1317.69,0.3,T,T,Win,2,4,,5,10781.1,1078.1100000000001,0.7,H,H,Win,4,2,,5,8820.9,882.09,0.7,H,H,Win,4,2,,5,8820.9,882.09,0.5,T,H,Lose,3,3,,5,10781.1,1078.1100000000001,0.5,T,H,Lose,3,3,,5,10781.1,1078.1100000000001,0.7,H,T,Lose,4,2,,5,8820.9,882.09,0.5,T,H,Lose,3,3,,5,10781.1,1078.1100000000001,0.5,T,H,Lose,3,3,,5,10781.1,1078.1100000000001,0.5,H,T,Lose,3,3,,5,10781.1,1078.1100000000001,0.7,H,T,Lose,4,2,,5,7217.1,721.71,0.7,T,H,Lose,4,2,,5,7217.1,721.71,0.7,H,H,Win,4,2,,5,8820.9,882.09,0.5,T,T,Win,3,3,,5,10781.1,1078.1100000000001,0.2,T,T,Win,1,5,,5,7217.1,721.71,0.5,T,H,Lose,3,3,,5,8820.9,882.09,0.7,T,H,Lose,4,2,,5,8820.9,882.09,0.8,H,H,Win,5,1,,5,8820.9,882.09,0.5,T,H,Lose,3,3,,5,8820.9,882.09,0.5,T,H,Lose,3,3,,5,10781.1,1078.1100000000001,0.5,T,H,Lose,3,3,,5,8820.9,882.09,0.7,H,H,Win,4,2,,5,10781.1,1078.1100000000001,0.3,T,T,Win,2,4,,5,8820.9,882.09,0.3,T,T,Win,2,4,,5,8820.9,882.09,0.5,T,H,Lose,3,3,,5,7217.1,721.71,0.5,H,T,Lose,3,3,,5,13176.9,1317.69,0.7,H,T,Lose,4,2,,5,13176.9,1317.69,0.3,T,T,Win,2,4,,5,10781.1,1078.1100000000001,0.2,T,T,Win,1,5,,5,8820.9,882.09,0.7,H,H,Win,4,2,,5,8820.9,882.09,0.7,H,T,Lose,4,2,,5,13176.9,1317.69,0.7,H,T,Lose,4,2,,5,10781.1,1078.1100000000001,0.8,H,H,Win,5,1,,5,8820.9,882.09,0.5,H,T,Lose,3,3,,5,13176.9,1317.69,0.3,T,T,Win,2,4,,5,8820.9,882.09,0.3,T,T,Win,2,4,,5,8820.9,882.09,0.3,T,T,Win,2,4,,5,7217.1,721.71,0.7,H,H,Win,4,2,,5,10781.1,1078.1100000000001,0.5,T,H,Lose,3,3,,5,10781.1,1078.1100000000001,0.2,T,T,Win,1,5,,5,13176.9,1317.69,0.3,T,T,Win,2,4,,5,10781.1,1078.1100000000001,0.3,T,H,Lose,2,4,,5,7217.1,721.71,0.7,H,H,Win,4,2,,5,7217.1,721.71,0.5,H,T,Lose,3,3,,5,13176.9,1317.69,0.3,T,T,Win,2,4,,5,13176.9,1317.69,0.8,H,H,Win,5,1,,5,10781.1,1078.1100000000001,0.7,T,H,Lose,4,2,,5,5904.9,590.49,0.5,T,T,Win,3,3,,5,7217.1,721.71,0.7,H,T,Lose,4,2,,5,7217.1,721.71,0.3,T,T,Win,2,4,,5,7217.1,721.71,0.7,T,H,Lose,4,2,,5,8820.9,882.09,0.5,T,H,Lose,3,3,,5,10781.1,1078.1100000000001,0.7,H,T,Lose,4,2,,5,8820.9,882.09,0.5,T,T,Win,3,3,,5,7217.1,721.71,0.5,H,T,Lose,3,3,,5,8820.9,882.09,0.7,T,H,Lose,4,2,,5,8820.9,882.09,0.5,T,H,Lose,3,3,,5,10781.1,1078.1100000000001,0.5,T,T,Win,3,3,,5,10781.1,1078.1100000000001,0.3,T,H,Lose,2,4,,5,13176.9,1317.69,0.5,T,H,Lose,3,3,,5,10781.1,1078.1100000000001,0.5,T,T,Win,3,3,,5,16105.1,1610.5100000000002,1.0,H,H,Win,6,0,,5,10781.1,1078.1100000000001,0.5,H,T,Lose,3,3,,5,7217.1,721.71,0.7,H,H,Win,4,2,,5,8820.9,882.09,0.3,T,T,Win,2,4,,5,8820.9,882.09,0.3,T,T,Win,2,4,,5,8820.9,882.09,0.7,T,H,Lose,4,2,,5,10781.1,1078.1100000000001,0.3,T,T,Win,2,4,,5,10781.1,1078.1100000000001,0.3,T,H,Lose,2,4,,5,13176.9,1317.69,0.0,T,T,Win,0,6,,5,7217.1,721.71,0.5,H,T,Lose,3,3,
6,14494.59,1449.459,0.7,H,T,Lose,5,2,,6,14494.59,1449.459,0.1,T,T,Win,1,6,,6,6495.39,649.5390000000001,0.7,H,H,Win,5,2,,6,9702.99,970.299,0.3,T,T,Win,2,5,,6,9702.99,970.299,0.3,T,T,Win,2,5,,6,14494.59,1449.459,0.7,H,T,Lose,5,2,,6,9702.99,970.299,0.6,H,T,Lose,4,3,,6,11859.210000000001,1185.921,0.3,T,H,Lose,2,5,,6,11859.21,1185.921,0.3,T,H,Lose,2,5,,6,6495.389999999999,649.539,0.7,H,H,Win,5,2,,6,9702.99,970.299,0.7,H,H,Win,5,2,,6,9702.99,970.299,0.3,T,T,Win,2,5,,6,11859.21,1185.921,0.6,H,T,Lose,4,3,,6,17715.61,1771.5610000000001,0.1,T,T,Win,1,6,,6,7938.8099999999995,793.881,0.6,H,T,Lose,4,3,,6,9702.99,970.299,0.4,T,H,Lose,3,4,,6,7938.8099999999995,793.881,0.4,T,T,Win,3,4,,6,7938.81,793.8810000000001,0.6,T,H,Lose,4,3,,6,11859.210000000001,1185.921,0.7,H,H,Win,5,2,,6,14494.59,1449.459,0.4,T,H,Lose,3,4,,6,7938.8099999999995,793.881,0.6,T,H,Lose,4,3,,6,7938.81,793.8810000000001,0.6,T,H,Lose,4,3,,6,9702.99,970.299,0.4,T,T,Win,3,4,,6,11859.210000000001,1185.921,0.7,H,T,Lose,5,2,,6,9702.99,970.299,0.9,H,H,Win,6,1,,6,11859.210000000001,1185.921,0.1,T,T,Win,1,6,,6,14494.59,1449.459,0.7,H,T,Lose,5,2,,6,11859.210000000001,1185.921,0.1,T,T,Win,1,6,,6,7938.8099999999995,793.881,0.6,T,H,Lose,4,3,,6,7938.81,793.8810000000001,0.4,T,T,Win,3,4,,6,7938.8099999999995,793.881,0.7,H,H,Win,5,2,,6,7938.81,793.8810000000001,0.4,T,H,Lose,3,4,,6,9702.99,970.299,0.4,T,T,Win,3,4,,6,11859.21,1185.921,0.4,T,H,Lose,3,4,,6,7938.8099999999995,793.881,0.4,T,T,Win,3,4,,6,11859.210000000001,1185.921,0.3,T,T,Win,2,5,,6,11859.210000000001,1185.921,0.3,T,H,Lose,2,5,,6,9702.99,970.299,0.4,T,H,Lose,3,4,,6,14494.59,1449.459,0.9,H,H,Win,6,1,,6,9702.99,970.299,0.4,T,T,Win,3,4,,6,14494.59,1449.459,0.3,T,T,Win,2,5,,6,9702.99,970.299,0.4,T,T,Win,3,4,,6,11859.210000000001,1185.921,0.9,H,H,Win,6,1,,6,9702.99,970.299,0.4,T,H,Lose,3,4,,6,7938.8099999999995,793.881,0.4,T,T,Win,3,4,,6,6495.39,649.5390000000001,0.6,T,H,Lose,4,3,,6,11859.210000000001,1185.921,0.7,H,T,Lose,5,2,,6,5314.41,531.441,0.6,H,T,Lose,4,3,,6,14494.59,1449.459,0.7,H,T,Lose,5,2,,6,11859.210000000001,1185.921,0.3,T,H,Lose,2,5,,6,7938.8099999999995,793.881,0.6,T,H,Lose,4,3,,6,11859.210000000001,1185.921,0.1,T,T,Win,1,6,,6,7938.81,793.8810000000001,0.6,H,T,Lose,4,3,,6,17715.61,1771.5610000000001,0.3,T,H,Lose,2,5,,6,11859.210000000001,1185.921,0.3,T,H,Lose,2,5,,6,9702.99,970.299,0.3,T,T,Win,2,5,,6,11859.21,1185.921,0.3,T,T,Win,2,5,,6,11859.210000000001,1185.921,0.3,T,H,Lose,2,5,,6,7938.81,793.8810000000001,0.6,H,T,Lose,4,3,,6,7938.8099999999995,793.881,0.6,T,H,Lose,4,3,,6,9702.99,970.299,0.6,T,H,Lose,4,3,,6,11859.210000000001,1185.921,0.7,H,T,Lose,5,2,,6,11859.21,1185.921,0.7,H,T,Lose,5,2,,6,11859.210000000001,1185.921,0.1,T,T,Win,1,6,,6,7938.8099999999995,793.881,0.6,H,T,Lose,4,3,,6,9702.99,970.299,0.6,T,H,Lose,4,3,,6,6495.39,649.5390000000001,0.6,T,H,Lose,4,3,,6,7938.81,793.8810000000001,0.6,T,H,Lose,4,3,,6,7938.81,793.8810000000001,0.7,H,H,Win,5,2,,6,6495.39,649.5390000000001,0.7,H,H,Win,5,2,,6,11859.21,1185.921,0.7,H,T,Lose,5,2,,6,11859.21,1185.921,0.4,T,T,Win,3,4,,6,7938.8099999999995,793.881,0.6,T,H,Lose,4,3,,6,9702.99,970.299,0.4,T,H,Lose,3,4,,6,9702.99,970.299,0.3,T,T,Win,2,5,,6,9702.99,970.299,0.4,T,H,Lose,3,4,,6,6495.39,649.5390000000001,0.6,H,T,Lose,4,3,,6,11859.210000000001,1185.921,0.1,T,T,Win,1,6,,6,14494.59,1449.459,0.9,H,H,Win,6,1,,6,9702.99,970.299,0.7,H,H,Win,5,2,,6,6495.39,649.5390000000001,0.6,H,T,Lose,4,3,,6,7938.81,793.8810000000001,0.7,H,H,Win,5,2,,6,9702.99,970.299,0.3,T,T,Win,2,5,,6,11859.210000000001,1185.921,0.7,H,T,Lose,5,2,,6,11859.21,1185.921,0.3,T,H,Lose,2,5,,6,9702.99,970.299,0.4,T,H,Lose,3,4,,6,11859.21,1185.921,0.4,T,T,Win,3,4,,6,9702.99,970.299,0.7,H,H,Win,5,2,,6,7938.8099999999995,793.881,0.7,H,H,Win,5,2,,6,14494.59,1449.459,0.0,T,T,Win,0,7,,6,11859.210000000001,1185.921,0.3,T,H,Lose,2,5,,6,7938.81,793.8810000000001,0.3,T,T,Win,2,5,,6,7938.8099999999995,793.881,0.4,T,T,Win,3,4,,6,9702.99,970.299,0.3,T,T,Win,2,5,,6,7938.8099999999995,793.881,0.7,H,H,Win,5,2,,6,14494.59,1449.459,0.0,T,T,Win,0,7,,6,11859.210000000001,1185.921,0.6,H,T,Lose,4,3,,6,5314.41,531.441,0.6,T,H,Lose,4,3,,6,7938.8099999999995,793.881,0.4,T,T,Win,3,4,,6,11859.210000000001,1185.921,0.3,T,H,Lose,2,5,,6,7938.81,793.8810000000001,0.6,H,T,Lose,4,3,,6,11859.21,1185.921,0.6,H,T,Lose,4,3,,6,9702.99,970.299,0.4,T,H,Lose,3,4,,6,9702.99,970.299,0.3,T,T,Win,2,5,,6,14494.59,1449.459,0.7,H,T,Lose,5,2,,6,11859.21,1185.921,0.6,T,H,Lose,4,3,,6,11859.21,1185.921,0.4,T,T,Win,3,4,,6,9702.99,970.299,0.4,T,T,Win,3,4,,6,7938.81,793.8810000000001,0.9,H,H,Win,6,1,,6,9702.99,970.299,0.6,H,T,Lose,4,3,,6,11859.210000000001,1185.921,0.1,T,T,Win,1,6,,6,6495.39,649.5390000000001,0.7,H,H,Win,5,2,,6,9702.99,970.299,0.6,H,T,Lose,4,3,,6,7938.8099999999995,793.881,0.6,T,H,Lose,4,3,,6,11859.21,1185.921,0.3,T,T,Win,2,5,,6,9702.99,970.299,0.3,T,T,Win,2,5,,6,6495.39,649.5390000000001,0.4,T,T,Win,3,4,,6,6495.39,649.5390000000001,0.6,H,T,Lose,4,3,,6,7938.81,793.8810000000001,0.9,H,H,Win,6,1,,6,9702.99,970.299,0.6,T,H,Lose,4,3,,6,6495.39,649.5390000000001,0.7,H,H,Win,5,2,,6,11859.21,1185.921,0.1,T,T,Win,1,6,,6,9702.99,970.299,0.4,T,H,Lose,3,4,,6,9702.99,970.299,0.4,T,H,Lose,3,4,,6,11859.210000000001,1185.921,0.3,T,H,Lose,2,5,,6,7938.8099999999995,793.881,0.4,T,T,Win,3,4,,6,6495.389999999999,649.539,0.6,H,T,Lose,4,3,,6,11859.210000000001,1185.921,0.7,H,T,Lose,5,2,,6,11859.210000000001,1185.921,0.4,T,H,Lose,3,4,,6,7938.8099999999995,793.881,0.6,T,H,Lose,4,3,,6,6495.39,649.5390000000001,0.7,H,H,Win,5,2,,6,7938.8099999999995,793.881,0.6,T,H,Lose,4,3,,6,11859.210000000001,1185.921,0.4,T,H,Lose,3,4,,6,11859.21,1185.921,0.6,H,T,Lose,4,3,,6,7938.8099999999995,793.881,0.7,H,H,Win,5,2,,6,9702.99,970.299,0.4,T,H,Lose,3,4,,6,7938.8099999999995,793.881,0.7,H,H,Win,5,2,,6,6495.39,649.5390000000001,0.6,T,H,Lose,4,3,,6,7938.8099999999995,793.881,0.4,T,T,Win,3,4,,6,11859.21,1185.921,0.6,H,T,Lose,4,3,,6,14494.59,1449.459,0.3,T,H,Lose,2,5,,6,11859.21,1185.921,0.9,H,H,Win,6,1,,6,6495.39,649.5390000000001,0.6,H,T,Lose,4,3,,6,7938.8099999999995,793.881,0.6,T,H,Lose,4,3,,6,9702.99,970.299,0.9,H,H,Win,6,1,,6,9702.99,970.299,0.6,H,T,Lose,4,3,,6,9702.99,970.299,0.9,H,H,Win,6,1,,6,11859.21,1185.921,0.6,T,H,Lose,4,3,,6,7938.81,793.8810000000001,0.6,H,T,Lose,4,3,,6,7938.8099999999995,793.881,0.6,T,H,Lose,4,3,,6,11859.210000000001,1185.921,0.6,T,H,Lose,4,3,,6,11859.210000000001,1185.921,0.4,T,H,Lose,3,4,,6,11859.210000000001,1185.921,0.7,H,T,Lose,5,2,,6,11859.21,1185.921,0.6,T,H,Lose,4,3,,6,9702.99,970.299,0.3,T,T,Win,2,5,,6,6495.39,649.5390000000001,0.7,H,H,Win,5,2,,6,7938.81,793.8810000000001,0.7,H,H,Win,5,2,,6,7938.81,793.8810000000001,0.9,H,H,Win,6,1,,6,7938.8099999999995,793.881,0.6,H,T,Lose,4,3,,6,14494.59,1449.459,0.9,H,T,Lose,6,1,,6,11859.210000000001,1185.921,0.3,T,T,Win,2,5,,6,6495.39,649.5390000000001,0.4,T,T,Win,3,4,,6,9702.99,970.299,0.4,T,T,Win,3,4,,6,6495.39,649.5390000000001,0.4,T,T,Win,3,4,,6,6495.39,649.5390000000001,0.4,T,T,Win,3,4,,6,7938.8099999999995,793.881,0.6,T,H,Lose,4,3,,6,11859.21,1185.921,0.7,H,T,Lose,5,2,,6,9702.99,970.299,0.6,H,T,Lose,4,3,,6,9702.99,970.299,0.7,H,H,Win,5,2,,6,9702.99,970.299,0.6,T,H,Lose,4,3,,6,7938.81,793.8810000000001,0.6,H,T,Lose,4,3,,6,11859.21,1185.921,0.7,H,T,Lose,5,2,,6,9702.99,970.299,0.6,T,H,Lose,4,3,,6,7938.8099999999995,793.881,0.6,T,H,Lose,4,3,,6,14494.59,1449.459,0.7,H,T,Lose,5,2,,6,9702.99,970.299,0.4,T,H,Lose,3,4,,6,11859.210000000001,1185.921,0.3,T,H,Lose,2,5,,6,7938.8099999999995,793.881,0.6,H,T,Lose,4,3,,6,9702.99,970.299,0.4,T,H,Lose,3,4,,6,9702.99,970.299,0.3,T,T,Win,2,5,,6,9702.99,970.299,0.4,T,H,Lose,3,4,,6,11859.21,1185.921,0.6,T,H,Lose,4,3,,6,7938.81,793.8810000000001,0.6,T,H,Lose,4,3,,6,5314.41,531.441,0.6,H,T,Lose,4,3,,6,7938.81,793.8810000000001,0.4,T,T,Win,3,4,,6,7938.8099999999995,793.881,0.7,H,H,Win,5,2,,6,11859.210000000001,1185.921,0.7,H,H,Win,5,2,,6,11859.210000000001,1185.921,0.3,T,T,Win,2,5,,6,9702.99,970.299,0.4,T,H,Lose,3,4,,6,7938.81,793.8810000000001,0.6,H,T,Lose,4,3,,6,7938.8099999999995,793.881,0.6,T,H,Lose,4,3,,6,11859.210000000001,1185.921,0.3,T,H,Lose,2,5,,6,9702.99,970.299,0.7,H,T,Lose,5,2,,6,9702.99,970.299,0.6,H,T,Lose,4,3,,6,11859.210000000001,1185.921,0.7,H,H,Win,5,2,,6,9702.99,970.299,0.3,T,T,Win,2,5,,6,11859.21,1185.921,0.3,T,H,Lose,2,5,,6,7938.8099999999995,793.881,0.7,H,H,Win,5,2,,6,9702.99,970.299,0.3,T,T,Win,2,5,,6,9702.99,970.299,0.4,T,T,Win,3,4,,6,14494.59,1449.459,0.3,T,T,Win,2,5,,6,9702.99,970.299,0.7,H,H,Win,5,2,,6,9702.99,970.299,0.4,T,H,Lose,3,4,,6,17715.61,1771.5610000000001,1.0,H,H,Win,7,0,,6,6495.39,649.5390000000001,0.6,H,T,Lose,4,3,,6,7938.8099999999995,793.881,0.4,T,T,Win,3,4,,6,7938.8099999999995,793.881,0.6,T,H,Lose,4,3,,6,11859.21,1185.921,0.3,T,H,Lose,2,5,,6,9702.99,970.299,0.3,T,T,Win,2,5,,6,7938.81,793.8810000000001,0.9,H,H,Win,6,1,,6,7938.81,793.8810000000001,0.9,H,H,Win,6,1,,6,7938.8099999999995,793.881,0.4,T,T,Win,3,4,,6,14494.59,1449.459,0.0,T,T,Win,0,7,,6,11859.21,1185.921,0.1,T,T,Win,1,6,,6,6495.39,649.5390000000001,0.7,H,H,Win,5,2,,6,9702.99,970.299,0.7,H,H,Win,5,2,,6,9702.99,970.299,0.4,T,T,Win,3,4,,6,14494.59,1449.459,0.4,T,H,Lose,3,4,,6,14494.59,1449.459,0.9,H,H,Win,6,1,,6,7938.8099999999995,793.881,0.7,H,H,Win,5,2,,6,7938.8099999999995,793.881,0.4,T,T,Win,3,4,,6,9702.99,970.299,0.6,T,H,Lose,4,3,,6,6495.389999999999,649.539,0.6,T,H,Lose,4,3,,6,11859.210000000001,1185.921,0.4,T,H,Lose,3,4,,6,7938.81,793.8810000000001,0.6,H,T,Lose,4,3,,6,9702.99,970.299,0.3,T,T,Win,2,5,,6,6495.39,649.5390000000001,0.6,H,T,Lose,4,3,,6,7938.81,793.8810000000001,0.6,T,H,Lose,4,3,,6,9702.99,970.299,0.6,T,H,Lose,4,3,,6,11859.21,1185.921,0.4,T,T,Win,3,4,,6,14494.59,1449.459,0.7,H,T,Lose,5,2,,6,6495.39,649.5390000000001,0.7,H,H,Win,5,2,,6,6495.39,649.5390000000001,0.7,H,H,Win,5,2,,6,6495.39,649.5390000000001,0.4,T,T,Win,3,4,,6,7938.8099999999995,793.881,0.6,T,H,Lose,4,3,,6,11859.21,1185.921,0.7,H,T,Lose,5,2,,6,9702.99,970.299,0.6,T,H,Lose,4,3,,6,14494.59,1449.459,0.1,T,H,Lose,1,6,,6,11859.21,1185.921,0.6,T,H,Lose,4,3,,6,11859.210000000001,1185.921,0.3,T,T,Win,2,5,,6,9702.99,970.299,0.6,H,T,Lose,4,3,,6,7938.8099999999995,793.881,0.6,H,T,Lose,4,3,,6,7938.8099999999995,793.881,0.4,T,T,Win,3,4,,6,14494.59,1449.459,0.4,T,H,Lose,3,4,,6,9702.99,970.299,0.7,H,H,Win,5,2,,6,9702.99,970.299,0.9,H,H,Win,6,1,,6,6495.39,649.5390000000001,0.7,H,H,Win,5,2,,6,9702.99,970.299,0.7,H,H,Win,5,2,,6,11859.21,1185.921,0.6,T,H,Lose,4,3,,6,11859.210000000001,1185.921,0.6,H,T,Lose,4,3,,6,17715.61,1771.5610000000001,0.3,T,H,Lose,2,5,,6,11859.21,1185.921,0.7,H,H,Win,5,2,,6,7938.81,793.8810000000001,0.7,H,H,Win,5,2,,6,9702.99,970.299,0.6,H,T,Lose,4,3,,6,7938.8099999999995,793.881,0.6,T,H,Lose,4,3,,6,9702.99,970.299,0.7,H,H,Win,5,2,,6,9702.99,970.299,0.4,T,H,Lose,3,4,,6,7938.8099999999995,793.881,0.4,T,T,Win,3,4,,6,9702.99,970.299,0.4,T,T,Win,3,4,,6,11859.210000000001,1185.921,0.3,T,H,Lose,2,5,,6,9702.99,970.299,0.4,T,H,Lose,3,4,,6,9702.99,970.299,0.3,T,T,Win,2,5,,6,9702.99,970.299,0.4,T,T,Win,3,4,,6,7938.8099999999995,793.881,0.6,H,T,Lose,4,3,,6,9702.99,970.299,0.6,T,H,Lose,4,3,,6,6495.39,649.5390000000001,0.4,T,T,Win,3,4,,6,14494.59,1449.459,0.4,T,H,Lose,3,4,,6,7938.8099999999995,793.881,0.4,T,T,Win,3,4,,6,6495.39,649.5390000000001,0.7,H,H,Win,5,2,,6,11859.210000000001,1185.921,0.1,T,T,Win,1,6,,6,9702.99,970.299,0.7,H,H,Win,5,2,,6,9702.99,970.299,0.4,T,H,Lose,3,4,,6,11859.210000000001,1185.921,0.7,H,T,Lose,5,2,,6,14494.59,1449.459,0.9,H,H,Win,6,1,,6,6495.39,649.5390000000001,0.4,T,T,Win,3,4,,6,6495.39,649.5390000000001,0.6,H,T,Lose,4,3,,6,6495.39,649.5390000000001,0.6,T,H,Lose,4,3,,6,9702.99,970.299,0.3,T,T,Win,2,5,,6,7938.8099999999995,793.881,0.7,H,H,Win,5,2,,6,14494.59,1449.459,0.7,H,T,Lose,5,2,,6,9702.99,970.299,0.6,T,H,Lose,4,3,,6,11859.210000000001,1185.921,0.7,H,T,Lose,5,2,,6,9702.99,970.299,0.7,H,H,Win,5,2,,6,6495.39,649.5390000000001,0.6,H,T,Lose,4,3,,6,11859.21,1185.921,0.1,T,T,Win,1,6,,6,9702.99,970.299,0.3,T,T,Win,2,5,,6,9702.99,970.299,0.3,T,T,Win,2,5,,6,9702.99,970.299,0.4,T,H,Lose,3,4,,6,6495.39,649.5390000000001,0.4,T,T,Win,3,4,,6,9702.99,970.299,0.4,T,T,Win,3,4,,6,7938.8099999999995,793.881,0.7,H,H,Win,5,2,,6,14494.59,1449.459,0.4,T,H,Lose,3,4,,6,6495.39,649.5390000000001,0.4,T,T,Win,3,4,,6,6495.39,649.5390000000001,0.6,H,T,Lose,4,3,,6,14494.59,1449.459,0.7,H,T,Lose,5,2,,6,11859.21,1185.921,0.6,H,T,Lose,4,3,,6,6495.39,649.5390000000001,0.6,H,T,Lose,4,3,,6,7938.8099999999995,793.881,0.6,H,T,Lose,4,3,,6,9702.99,970.299,0.3,T,T,Win,2,5,,6,7938.8099999999995,793.881,0.4,T,T,Win,3,4,,6,9702.99,970.299,0.3,T,T,Win,2,5,,6,9702.99,970.299,0.3,T,T,Win,2,5,,6,11859.210000000001,1185.921,0.3,T,H,Lose,2,5,,6,9702.99,970.299,0.3,T,T,Win,2,5,,6,9702.99,970.299,0.4,T,H,Lose,3,4,,6,11859.210000000001,1185.921,0.9,H,H,Win,6,1,,6,11859.210000000001,1185.921,0.1,T,T,Win,1,6,,6,11859.21,1185.921,0.3,T,T,Win,2,5,,6,7938.8099999999995,793.881,0.6,T,H,Lose,4,3,,6,6495.39,649.5390000000001,0.4,T,T,Win,3,4,,6,11859.21,1185.921,0.1,T,T,Win,1,6,,6,6495.39,649.5390000000001,0.7,H,H,Win,5,2,,6,14494.59,1449.459,0.4,T,H,Lose,3,4,,6,9702.99,970.299,0.6,H,T,Lose,4,3,,6,9702.99,970.299,0.3,T,T,Win,2,5,,6,9702.99,970.299,0.6,H,T,Lose,4,3,,6,7938.8099999999995,793.881,0.4,T,T,Win,3,4,,6,14494.59,1449.459,0.9,H,H,Win,6,1,,6,9702.99,970.299,0.7,H,H,Win,5,2,,6,9702.99,970.299,0.6,T,H,Lose,4,3,,6,9702.99,970.299,0.3,T,T,Win,2,5,,6,9702.99,970.299,0.6,H,T,Lose,4,3,,6,7938.81,793.8810000000001,0.7,H,H,Win,5,2,,6,7938.8099999999995,793.881,0.6,T,H,Lose,4,3,,6,7938.81,793.8810000000001,0.4,T,T,Win,3,4,,6,11859.21,1185.921,0.6,T,H,Lose,4,3,,6,7938.8099999999995,793.881,0.4,T,T,Win,3,4,,6,9702.99,970.299,0.6,T,H,Lose,4,3,,6,7938.81,793.8810000000001,0.6,H,T,Lose,4,3,,6,9702.99,970.299,0.4,T,T,Win,3,4,,6,11859.21,1185.921,0.7,H,H,Win,5,2,,6,6495.39,649.5390000000001,0.6,T,H,Lose,4,3,,6,11859.21,1185.921,0.6,H,T,Lose,4,3,,6,6495.39,649.5390000000001,0.7,H,H,Win,5,2,,6,11859.21,1185.921,0.3,T,H,Lose,2,5,,6,11859.210000000001,1185.921,0.3,T,T,Win,2,5,,6,11859.210000000001,1185.921,0.3,T,H,Lose,2,5,,6,9702.99,970.299,0.6,H,T,Lose,4,3,,6,7938.8099999999995,793.881,0.4,T,T,Win,3,4,,6,6495.39,649.5390000000001,0.6,T,H,Lose,4,3,,6,11859.210000000001,1185.921,0.1,T,T,Win,1,6,,6,7938.8099999999995,793.881,0.6,T,H,Lose,4,3,,6,11859.21,1185.921,0.1,T,T,Win,1,6,,6,9702.99,970.299,0.3,T,T,Win,2,5,,6,9702.99,970.299,0.6,T,H,Lose,4,3,,6,9702.99,970.299,0.4,T,T,Win,3,4,,6,9702.99,970.299,0.6,T,H,Lose,4,3,,6,9702.99,970.299,0.4,T,H,Lose,3,4,,6,11859.210000000001,1185.921,0.7,H,H,Win,5,2,,6,9702.99,970.299,0.3,T,T,Win,2,5,,6,6495.39,649.5390000000001,0.6,H,T,Lose,4,3,,6,7938.8099999999995,793.881,0.6,T,H,Lose,4,3,,6,9702.99,970.299,0.4,T,H,Lose,3,4,,6,14494.59,1449.459,0.0,T,T,Win,0,7,,6,9702.99,970.299,0.3,T,T,Win,2,5,,6,11859.21,1185.921,0.6,T,H,Lose,4,3,,6,11859.210000000001,1185.921,0.3,T,H,Lose,2,5,,6,14494.59,1449.459,0.7,H,T,Lose,5,2,,6,5314.41,531.441,0.7,H,H,Win,5,2,,6,9702.99,970.299,0.3,T,T,Win,2,5,,6,6495.389999999999,649.539,0.6,T,H,Lose,4,3,,6,11859.210000000001,1185.921,0.3,T,H,Lose,2,5,,6,7938.8099999999995,793.881,0.7,H,H,Win,5,2,,6,11859.210000000001,1185.921,0.7,H,T,Lose,5,2,,6,9702.99,970.299,0.7,H,H,Win,5,2,,6,7938.8099999999995,793.881,0.4,T,T,Win,3,4,,6,7938.8099999999995,793.881,0.6,T,H,Lose,4,3,,6,11859.210000000001,1185.921,0.3,T,H,Lose,2,5,,6,11859.21,1185.921,0.4,T,T,Win,3,4,,6,11859.210000000001,1185.921,0.6,T,H,Lose,4,3,,6,7938.8099999999995,793.881,0.6,T,H,Lose,4,3,,6,7938.81,793.8810000000001,0.6,H,T,Lose,4,3,,6,14494.59,1449.459,0.7,H,T,Lose,5,2,,6,7938.8099999999995,793.881,0.4,T,T,Win,3,4,,6,5314.41,531.441,0.7,H,H,Win,5,2,,6,11859.21,1185.921,0.7,H,T,Lose,5,2,,6,11859.210000000001,1185.921,0.1,T,T,Win,1,6,,6,11859.210000000001,1185.921,0.1,T,T,Win,1,6,,6,9702.99,970.299,0.9,H,H,Win,6,1,,6,11859.210000000001,1185.921,0.6,T,H,Lose,4,3,,6,11859.21,1185.921,0.6,T,H,Lose,4,3,,6,9702.99,970.299,0.4,T,H,Lose,3,4,,6,11859.21,1185.921,0.4,T,T,Win,3,4,,6,7938.8099999999995,793.881,0.4,T,T,Win,3,4,,6,9702.99,970.299,0.7,H,H,Win,5,2,,6,11859.210000000001,1185.921,0.3,T,T,Win,2,5,,6,6495.39,649.5390000000001,0.4,T,T,Win,3,4,,6,6495.39,649.5390000000001,0.4,T,T,Win,3,4,,6,11859.210000000001,1185.921,0.1,T,T,Win,1,6,,6,9702.99,970.299,0.7,H,H,Win,5,2,,6,9702.99,970.299,0.3,T,T,Win,2,5,,6,7938.8099999999995,793.881,0.7,H,H,Win,5,2,,6,9702.99,970.299,0.4,T,H,Lose,3,4,,6,9702.99,970.299,0.7,H,H,Win,5,2,,6,17715.61,1771.5610000000001,1.0,H,H,Win,7,0,,6,14494.59,1449.459,0.3,T,T,Win,2,5,,6,6495.39,649.5390000000001,0.4,T,T,Win,3,4,,6,9702.99,970.299,0.4,T,H,Lose,3,4,,6,9702.99,970.299,0.9,H,H,Win,6,1,,6,6495.39,649.5390000000001,0.7,H,H,Win,5,2,,6,11859.210000000001,1185.921,0.3,T,H,Lose,2,5,,6,11859.21,1185.921,0.3,T,H,Lose,2,5,,6,9702.99,970.299,0.6,T,H,Lose,4,3,,6,5314.41,531.441,0.7,H,H,Win,5,2,,6,14494.59,1449.459,0.0,T,T,Win,0,7,,6,9702.99,970.299,0.9,H,H,Win,6,1,,6,7938.8099999999995,793.881,0.4,T,T,Win,3,4,,6,14494.59,1449.459,0.7,H,T,Lose,5,2,,6,9702.99,970.299,0.4,T,H,Lose,3,4,,6,5314.41,531.441,0.7,H,H,Win,5,2,,6,9702.99,970.299,0.6,T,H,Lose,4,3,,6,9702.99,970.299,0.4,T,H,Lose,3,4,,6,7938.8099999999995,793.881,0.6,H,T,Lose,4,3,,6,9702.99,970.299,0.7,H,T,Lose,5,2,,6,11859.210000000001,1185.921,0.7,H,T,Lose,5,2,,6,11859.210000000001,1185.921,0.7,H,T,Lose,5,2,,6,9702.99,970.299,0.3,T,T,Win,2,5,,6,9702.99,970.299,0.4,T,H,Lose,3,4,,6,7938.81,793.8810000000001,0.6,H,T,Lose,4,3,,6,7938.8099999999995,793.881,0.6,T,H,Lose,4,3,,6,7938.81,793.8810000000001,0.7,H,T,Lose,5,2,,6,9702.99,970.299,0.7,H,H,Win,5,2,,6,9702.99,970.299,0.4,T,H,Lose,3,4,,6,9702.99,970.299,0.7,H,H,Win,5,2,,6,7938.8099999999995,793.881,0.4,T,T,Win,3,4,,6,11859.210000000001,1185.921,0.3,T,T,Win,2,5,,6,9702.99,970.299,0.4,T,H,Lose,3,4,,6,9702.99,970.299,0.4,T,H,Lose,3,4,,6,9702.99,970.299,0.7,H,H,Win,5,2,,6,11859.210000000001,1185.921,0.6,H,T,Lose,4,3,,6,9702.99,970.299,0.4,T,T,Win,3,4,,6,6495.39,649.5390000000001,0.7,H,H,Win,5,2,,6,9702.99,970.299,0.4,T,H,Lose,3,4,,6,7938.81,793.8810000000001,0.6,H,T,Lose,4,3,,6,6495.389999999999,649.539,0.6,T,H,Lose,4,3,,6,5314.41,531.441,0.4,T,T,Win,3,4,,6,9702.99,970.299,0.6,H,T,Lose,4,3,,6,7938.81,793.8810000000001,0.7,H,H,Win,5,2,,6,7938.8099999999995,793.881,0.6,T,H,Lose,4,3,,6,9702.99,970.299,0.6,T,H,Lose,4,3,,6,17715.61,1771.5610000000001,0.9,H,T,Lose,6,1,,6,9702.99,970.299,0.7,H,H,Win,5,2,,6,6495.39,649.5390000000001,0.6,T,H,Lose,4,3,,6,6495.39,649.5390000000001,0.4,T,T,Win,3,4,,6,7938.8099999999995,793.881,0.6,T,H,Lose,4,3,,6,7938.81,793.8810000000001,0.6,H,T,Lose,4,3,,6,11859.210000000001,1185.921,0.3,T,H,Lose,2,5,,6,6495.389999999999,649.539,0.4,T,T,Win,3,4,,6,9702.99,970.299,0.6,H,T,Lose,4,3,,6,11859.210000000001,1185.921,0.3,T,T,Win,2,5,,6,11859.210000000001,1185.921,0.3,T,H,Lose,2,5,,6,9702.99,970.299,0.4,T,H,Lose,3,4,,6,11859.210000000001,1185.921,0.3,T,H,Lose,2,5,,6,11859.21,1185.921,0.7,H,H,Win,5,2,,6,9702.99,970.299,0.6,H,T,Lose,4,3,,6,7938.8099999999995,793.881,0.6,H,T,Lose,4,3,,6,11859.210000000001,1185.921,0.3,T,H,Lose,2,5,,6,14494.59,1449.459,0.9,H,H,Win,6,1,,6,6495.39,649.5390000000001,0.6,H,T,Lose,4,3,,6,7938.8099999999995,793.881,0.4,T,T,Win,3,4,,6,9702.99,970.299,0.3,T,T,Win,2,5,,6,7938.81,793.8810000000001,0.7,H,H,Win,5,2,,6,14494.59,1449.459,0.9,H,H,Win,6,1,,6,9702.99,970.299,0.4,T,H,Lose,3,4,,6,9702.99,970.299,0.4,T,T,Win,3,4,,6,7938.8099999999995,793.881,0.6,T,H,Lose,4,3,,6,9702.99,970.299,0.4,T,H,Lose,3,4,,6,7938.8099999999995,793.881,0.7,H,H,Win,5,2,,6,11859.21,1185.921,0.4,T,H,Lose,3,4,,6,7938.81,793.8810000000001,0.6,H,T,Lose,4,3,,6,9702.99,970.299,0.6,H,T,Lose,4,3,,6,11859.210000000001,1185.921,0.4,T,T,Win,3,4,,6,14494.59,1449.459,0.1,T,T,Win,1,6,,6,6495.39,649.5390000000001,0.7,H,H,Win,5,2,,6,9702.99,970.299,0.3,T,T,Win,2,5,,6,11859.210000000001,1185.921,0.6,H,T,Lose,4,3,,6,9702.99,970.299,0.3,T,T,Win,2,5,,6,7938.8099999999995,793.881,0.4,T,T,Win,3,4,,6,9702.99,970.299,0.3,T,T,Win,2,5,,6,6495.39,649.5390000000001,0.4,T,T,Win,3,4,,6,9702.99,970.299,0.4,T,H,Lose,3,4,,6,6495.39,649.5390000000001,0.6,H,T,Lose,4,3,,6,6495.39,649.5390000000001,0.4,T,T,Win,3,4,,6,17715.61,1771.5610000000001,0.1,T,T,Win,1,6,,6,7938.8099999999995,793.881,0.4,T,T,Win,3,4,,6,7938.8099999999995,793.881,0.7,H,H,Win,5,2,,6,11859.210000000001,1185.921,0.7,H,T,Lose,5,2,,6,9702.99,970.299,0.3,T,T,Win,2,5,,6,11859.210000000001,1185.921,0.1,T,T,Win,1,6,,6,9702.99,970.299,0.4,T,T,Win,3,4,,6,7938.8099999999995,793.881,0.4,T,T,Win,3,4,,6,7938.81,793.8810000000001,0.9,H,H,Win,6,1,,6,6495.39,649.5390000000001,0.6,T,H,Lose,4,3,,6,9702.99,970.299,0.7,H,H,Win,5,2,,6,11859.210000000001,1185.921,0.3,T,H,Lose,2,5,,6,9702.99,970.299,0.7,H,H,Win,5,2,,6,11859.21,1185.921,0.7,H,H,Win,5,2,,6,11859.210000000001,1185.921,0.9,H,H,Win,6,1,,6,6495.389999999999,649.539,0.4,T,T,Win,3,4,,6,7938.81,793.8810000000001,0.7,H,H,Win,5,2,,6,9702.99,970.299,0.4,T,H,Lose,3,4,,6,14494.59,1449.459,1.0,H,H,Win,7,0,,6,9702.99,970.299,0.7,H,H,Win,5,2,,6,7938.8099999999995,793.881,0.4,T,T,Win,3,4,,6,9702.99,970.299,0.3,T,T,Win,2,5,,6,9702.99,970.299,0.6,T,H,Lose,4,3,,6,7938.81,793.8810000000001,0.9,H,H,Win,6,1,,6,5314.41,531.441,0.6,H,T,Lose,4,3,,6,11859.210000000001,1185.921,0.3,T,H,Lose,2,5,,6,9702.99,970.299,0.3,T,T,Win,2,5,,6,14494.59,1449.459,0.7,H,T,Lose,5,2,,6,11859.210000000001,1185.921,0.4,T,H,Lose,3,4,,6,7938.8099999999995,793.881,0.4,T,T,Win,3,4,,6,9702.99,970.299,0.3,T,T,Win,2,5,,6,9702.99,970.299,0.4,T,H,Lose,3,4,,6,14494.59,1449.459,0.4,T,H,Lose,3,4,,6,11859.210000000001,1185.921,0.7,H,H,Win,5,2,,6,14494.59,1449.459,0.3,T,H,Lose,2,5,,6,9702.99,970.299,0.6,T,H,Lose,4,3,,6,14494.59,1449.459,0.3,T,T,Win,2,5,,6,6495.39,649.5390000000001,0.4,T,T,Win,3,4,,6,9702.99,970.299,0.6,H,T,Lose,4,3,,6,14494.59,1449.459,0.4,T,H,Lose,3,4,,6,11859.210000000001,1185.921,0.3,T,H,Lose,2,5,,6,9702.99,970.299,0.3,T,T,Win,2,5,,6,9702.99,970.299,0.6,T,H,Lose,4,3,,6,11859.21,1185.921,0.7,H,H,Win,5,2,,6,17715.61,1771.5610000000001,0.1,T,T,Win,1,6,,6,14494.59,1449.459,0.7,H,T,Lose,5,2,,6,11859.21,1185.921,0.6,T,H,Lose,4,3,,6,11859.210000000001,1185.921,0.4,T,H,Lose,3,4,,6,9702.99,970.299,0.4,T,H,Lose,3,4,,6,9702.99,970.299,0.4,T,H,Lose,3,4,,6,7938.8099999999995,793.881,0.4,T,T,Win,3,4,,6,6495.39,649.5390000000001,0.6,T,H,Lose,4,3,,6,7938.8099999999995,793.881,0.4,T,T,Win,3,4,,6,7938.81,793.8810000000001,0.4,T,T,Win,3,4,,6,11859.210000000001,1185.921,0.9,H,H,Win,6,1,,6,11859.210000000001,1185.921,0.3,T,H,Lose,2,5,,6,6495.39,649.5390000000001,0.6,T,H,Lose,4,3,,6,7938.8099999999995,793.881,0.4,T,T,Win,3,4,,6,17715.61,1771.5610000000001,0.1,T,T,Win,1,6,,6,9702.99,970.299,0.6,T,H,Lose,4,3,,6,14494.59,1449.459,0.1,T,H,Lose,1,6,,6,9702.99,970.299,0.3,T,T,Win,2,5,,6,11859.210000000001,1185.921,0.1,T,T,Win,1,6,,6,11859.210000000001,1185.921,0.3,T,T,Win,2,5,,6,11859.21,1185.921,0.6,H,T,Lose,4,3,,6,5314.41,531.441,0.6,T,H,Lose,4,3,,6,11859.21,1185.921,0.4,T,T,Win,3,4,,6,9702.99,970.299,0.4,T,H,Lose,3,4,,6,9702.99,970.299,0.7,H,H,Win,5,2,,6,11859.21,1185.921,0.6,T,H,Lose,4,3,,6,11859.210000000001,1185.921,0.9,H,H,Win,6,1,,6,14494.59,1449.459,1.0,H,H,Win,7,0,,6,7938.8099999999995,793.881,0.4,T,T,Win,3,4,,6,9702.99,970.299,0.4,T,H,Lose,3,4,,6,9702.99,970.299,0.3,T,T,Win,2,5,,6,7938.81,793.8810000000001,0.6,H,T,Lose,4,3,,6,9702.99,970.299,0.6,T,H,Lose,4,3,,6,7938.8099999999995,793.881,0.4,T,T,Win,3,4,,6,7938.81,793.8810000000001,0.7,H,H,Win,5,2,,6,14494.59,1449.459,0.3,T,T,Win,2,5,,6,6495.39,649.5390000000001,0.6,H,T,Lose,4,3,,6,9702.99,970.299,0.3,T,T,Win,2,5,,6,11859.21,1185.921,0.6,H,T,Lose,4,3,,6,7938.8099999999995,793.881,0.4,T,T,Win,3,4,,6,9702.99,970.299,0.7,H,H,Win,5,2,,6,9702.99,970.299,0.4,T,H,Lose,3,4,,6,11859.21,1185.921,0.3,T,H,Lose,2,5,,6,6495.39,649.5390000000001,0.7,H,H,Win,5,2,,6,9702.99,970.299,0.4,T,H,Lose,3,4,,6,7938.8099999999995,793.881,0.6,T,H,Lose,4,3,,6,7938.81,793.8810000000001,0.4,T,T,Win,3,4,,6,11859.210000000001,1185.921,0.6,T,H,Lose,4,3,,6,7938.81,793.8810000000001,0.7,H,T,Lose,5,2,,6,9702.99,970.299,0.4,T,T,Win,3,4,,6,5314.41,531.441,0.6,T,H,Lose,4,3,,6,9702.99,970.299,0.3,T,T,Win,2,5,,6,17715.61,1771.5610000000001,0.9,H,T,Lose,6,1,,6,11859.210000000001,1185.921,0.9,H,H,Win,6,1,,6,11859.210000000001,1185.921,0.3,T,H,Lose,2,5,,6,9702.99,970.299,0.4,T,T,Win,3,4,,6,7938.8099999999995,793.881,0.4,T,T,Win,3,4,,6,9702.99,970.299,0.3,T,T,Win,2,5,,6,7938.8099999999995,793.881,0.4,T,T,Win,3,4,,6,7938.8099999999995,793.881,0.6,T,H,Lose,4,3,,6,11859.210000000001,1185.921,0.6,T,H,Lose,4,3,,6,9702.99,970.299,0.4,T,T,Win,3,4,,6,7938.8099999999995,793.881,0.4,T,T,Win,3,4,,6,7938.81,793.8810000000001,0.7,H,H,Win,5,2,,6,11859.21,1185.921,0.6,H,T,Lose,4,3,,6,11859.210000000001,1185.921,0.3,T,H,Lose,2,5,,6,9702.99,970.299,0.4,T,H,Lose,3,4,,6,14494.59,1449.459,0.9,H,H,Win,6,1,,6,9702.99,970.299,0.6,T,H,Lose,4,3,,6,11859.210000000001,1185.921,0.9,H,H,Win,6,1,,6,6495.39,649.5390000000001,0.6,H,T,Lose,4,3,,6,9702.99,970.299,0.3,T,T,Win,2,5,,6,11859.210000000001,1185.921,0.7,H,H,Win,5,2,,6,9702.99,970.299,0.3,T,T,Win,2,5,,6,14494.59,1449.459,0.0,T,T,Win,0,7,,6,11859.21,1185.921,0.6,H,T,Lose,4,3,,6,7938.8099999999995,793.881,0.6,H,T,Lose,4,3,,6,11859.210000000001,1185.921,0.3,T,H,Lose,2,5,,6,9702.99,970.299,0.3,T,T,Win,2,5,,6,9702.99,970.299,0.4,T,T,Win,3,4,,6,9702.99,970.299,0.6,T,H,Lose,4,3,,6,7938.8099999999995,793.881,0.4,T,T,Win,3,4,,6,7938.8099999999995,793.881,0.4,T,T,Win,3,4,,6,9702.99,970.299,0.6,H,T,Lose,4,3,,6,6495.39,649.5390000000001,0.4,T,T,Win,3,4,,6,9702.99,970.299,0.3,T,T,Win,2,5,,6,6495.39,649.5390000000001,0.4,T,T,Win,3,4,,6,9702.99,970.299,0.4,T,H,Lose,3,4,,6,14494.59,1449.459,0.4,T,H,Lose,3,4,,6,14494.59,1449.459,0.3,T,T,Win,2,5,,6,11859.21,1185.921,0.1,T,T,Win,1,6,,6,7938.81,793.8810000000001,0.6,H,T,Lose,4,3,,6,11859.210000000001,1185.921,0.4,T,T,Win,3,4,,6,11859.210000000001,1185.921,0.4,T,H,Lose,3,4,,6,7938.81,793.8810000000001,0.9,H,H,Win,6,1,,6,11859.210000000001,1185.921,0.9,H,H,Win,6,1,,6,14494.59,1449.459,0.4,T,H,Lose,3,4,,6,11859.210000000001,1185.921,0.1,T,T,Win,1,6,,6,11859.21,1185.921,0.6,H,T,Lose,4,3,,6,9702.99,970.299,0.4,T,H,Lose,3,4,,6,7938.81,793.8810000000001,0.4,T,H,Lose,3,4,,6,7938.8099999999995,793.881,0.6,T,H,Lose,4,3,,6,9702.99,970.299,0.4,T,H,Lose,3,4,,6,14494.59,1449.459,0.1,T,H,Lose,1,6,,6,11859.21,1185.921,0.3,T,T,Win,2,5,,6,9702.99,970.299,0.3,T,T,Win,2,5,,6,7938.8099999999995,793.881,0.4,T,T,Win,3,4,,6,14494.59,1449.459,0.1,T,H,Lose,1,6,,6,9702.99,970.299,0.7,H,H,Win,5,2,,6,9702.99,970.299,0.7,H,T,Lose,5,2,,6,11859.210000000001,1185.921,0.3,T,T,Win,2,5,,6,6495.39,649.5390000000001,0.4,T,T,Win,3,4,,6,14494.59,1449.459,0.7,H,T,Lose,5,2,,6,11859.21,1185.921,0.7,H,T,Lose,5,2,,6,9702.99,970.299,0.4,T,T,Win,3,4,,6,9702.99,970.299,0.7,H,H,Win,5,2,,6,11859.210000000001,1185.921,0.3,T,H,Lose,2,5,,6,7938.81,793.8810000000001,0.6,H,T,Lose,4,3,,6,14494.59,1449.459,0.1,T,H,Lose,1,6,,6,9702.99,970.299,0.3,T,T,Win,2,5,,6,7938.8099999999995,793.881,0.6,H,T,Lose,4,3,,6,9702.99,970.299,0.6,T,H,Lose,4,3,,6,11859.21,1185.921,0.9,H,H,Win,6,1,,6,9702.99,970.299,0.4,T,H,Lose,3,4,,6,5314.41,531.441,0.6,T,H,Lose,4,3,,6,11859.21,1185.921,0.6,T,H,Lose,4,3,,6,7938.8099999999995,793.881,0.6,T,H,Lose,4,3,,6,17715.61,1771.5610000000001,0.9,H,T,Lose,6,1,,6,7938.81,793.8810000000001,0.7,H,T,Lose,5,2,,6,9702.99,970.299,0.4,T,H,Lose,3,4,,6,9702.99,970.299,0.6,H,T,Lose,4,3,,6,11859.21,1185.921,0.7,H,H,Win,5,2,,6,9702.99,970.299,0.4,T,T,Win,3,4,,6,14494.59,1449.459,0.9,H,H,Win,6,1,,6,11859.210000000001,1185.921,0.3,T,H,Lose,2,5,,6,14494.59,1449.459,0.3,T,T,Win,2,5,,6,11859.210000000001,1185.921,0.3,T,H,Lose,2,5,,6,9702.99,970.299,0.3,T,T,Win,2,5,,6,7938.8099999999995,793.881,0.6,T,H,Lose,4,3,,6,11859.210000000001,1185.921,0.4,T,H,Lose,3,4,,6,11859.210000000001,1185.921,0.4,T,H,Lose,3,4,,6,11859.210000000001,1185.921,0.7,H,T,Lose,5,2,,6,14494.59,1449.459,0.3,T,H,Lose,2,5,,6,9702.99,970.299,0.4,T,H,Lose,3,4,,6,14494.59,1449.459,0.7,H,T,Lose,5,2,,6,9702.99,970.299,0.7,H,H,Win,5,2,,6,11859.21,1185.921,0.7,H,T,Lose,5,2,,6,9702.99,970.299,0.4,T,T,Win,3,4,,6,14494.59,1449.459,0.4,T,H,Lose,3,4,,6,7938.81,793.8810000000001,0.6,T,H,Lose,4,3,,6,9702.99,970.299,0.3,T,T,Win,2,5,,6,11859.210000000001,1185.921,0.3,T,H,Lose,2,5,,6,11859.21,1185.921,0.7,H,H,Win,5,2,,6,14494.59,1449.459,0.9,H,H,Win,6,1,,6,11859.210000000001,1185.921,0.1,T,T,Win,1,6,,6,11859.210000000001,1185.921,0.6,H,T,Lose,4,3,,6,14494.59,1449.459,0.0,T,T,Win,0,7,,6,14494.59,1449.459,0.0,T,T,Win,0,7,,6,6495.39,649.5390000000001,0.6,T,H,Lose,4,3,,6,14494.59,1449.459,0.3,T,T,Win,2,5,,6,9702.99,970.299,0.4,T,H,Lose,3,4,,6,9702.99,970.299,0.4,T,H,Lose,3,4,,6,11859.210000000001,1185.921,0.1,T,T,Win,1,6,,6,11859.21,1185.921,0.6,T,H,Lose,4,3,,6,9702.99,970.299,0.6,T,H,Lose,4,3,,6,6495.39,649.5390000000001,0.6,T,H,Lose,4,3,,6,9702.99,970.299,0.3,T,T,Win,2,5,,6,6495.39,649.5390000000001,0.7,H,H,Win,5,2,,6,9702.99,970.299,0.7,H,H,Win,5,2,,6,7938.8099999999995,793.881,0.6,T,H,Lose,4,3,,6,7938.81,793.8810000000001,0.4,T,T,Win,3,4,,6,11859.21,1185.921,0.9,H,H,Win,6,1,,6,11859.210000000001,1185.921,0.9,H,H,Win,6,1,,6,6495.39,649.5390000000001,0.4,T,T,Win,3,4,,6,14494.59,1449.459,0.4,T,H,Lose,3,4,,6,11859.210000000001,1185.921,0.4,T,H,Lose,3,4,,6,9702.99,970.299,0.4,T,H,Lose,3,4,,6,9702.99,970.299,0.6,T,H,Lose,4,3,,6,9702.99,970.299,0.3,T,T,Win,2,5,,6,11859.210000000001,1185.921,0.4,T,T,Win,3,4,,6,14494.59,1449.459,0.1,T,H,Lose,1,6,,6,14494.59,1449.459,1.0,H,H,Win,7,0,,6,6495.39,649.5390000000001,0.7,H,H,Win,5,2,,6,11859.210000000001,1185.921,0.7,H,T,Lose,5,2,,6,9702.99,970.299,0.4,T,H,Lose,3,4,,6,14494.59,1449.459,0.0,T,T,Win,0,7,,6,11859.210000000001,1185.921,0.3,T,H,Lose,2,5,,6,6495.389999999999,649.539,0.4,T,T,Win,3,4,,6,11859.21,1185.921,0.4,T,T,Win,3,4,,6,11859.210000000001,1185.921,0.4,T,H,Lose,3,4,,6,14494.59,1449.459,0.3,T,H,Lose,2,5,,6,11859.210000000001,1185.921,0.1,T,T,Win,1,6,,6,7938.8099999999995,793.881,0.6,H,T,Lose,4,3,,6,11859.210000000001,1185.921,0.9,H,H,Win,6,1,,6,7938.8099999999995,793.881,0.4,T,T,Win,3,4,,6,9702.99,970.299,0.4,T,H,Lose,3,4,,6,11859.210000000001,1185.921,0.3,T,T,Win,2,5,,6,11859.210000000001,1185.921,0.9,H,H,Win,6,1,,6,9702.99,970.299,0.7,H,H,Win,5,2,,6,9702.99,970.299,0.3,T,T,Win,2,5,,6,11859.210000000001,1185.921,0.1,T,T,Win,1,6,,6,7938.81,793.8810000000001,0.4,T,T,Win,3,4,,6,14494.59,1449.459,0.3,T,T,Win,2,5,,6,14494.59,1449.459,0.4,T,H,Lose,3,4,,6,11859.21,1185.921,0.4,T,T,Win,3,4,,6,11859.210000000001,1185.921,0.4,T,H,Lose,3,4,,6,11859.210000000001,1185.921,0.3,T,H,Lose,2,5,,6,6495.39,649.5390000000001,0.6,T,H,Lose,4,3,,6,7938.8099999999995,793.881,0.6,T,H,Lose,4,3,,6,7938.8099999999995,793.881,0.6,T,H,Lose,4,3,,6,7938.8099999999995,793.881,0.6,T,H,Lose,4,3,,6,7938.8099999999995,793.881,0.6,T,H,Lose,4,3,,6,7938.8099999999995,793.881,0.4,T,T,Win,3,4,,6,7938.8099999999995,793.881,0.6,T,H,Lose,4,3,,6,11859.21,1185.921,0.3,T,H,Lose,2,5,,6,14494.59,1449.459,0.1,T,T,Win,1,6,,6,7938.81,793.8810000000001,0.7,H,H,Win,5,2,,6,14494.59,1449.459,1.0,H,H,Win,7,0,,6,7938.8099999999995,793.881,0.6,H,T,Lose,4,3,,6,11859.210000000001,1185.921,0.3,T,T,Win,2,5,,6,11859.21,1185.921,0.7,H,H,Win,5,2,,6,11859.21,1185.921,0.4,T,T,Win,3,4,,6,11859.210000000001,1185.921,0.3,T,H,Lose,2,5,,6,14494.59,1449.459,0.4,T,H,Lose,3,4,,6,6495.39,649.5390000000001,0.4,T,T,Win,3,4,,6,9702.99,970.299,0.4,T,H,Lose,3,4,,6,7938.81,793.8810000000001,0.7,H,H,Win,5,2,,6,9702.99,970.299,0.4,T,H,Lose,3,4,,6,14494.59,1449.459,0.4,T,H,Lose,3,4,,6,5314.41,531.441,0.4,T,T,Win,3,4,,6,9702.99,970.299,0.6,T,H,Lose,4,3,,6,11859.210000000001,1185.921,0.3,T,H,Lose,2,5,,6,9702.99,970.299,0.6,T,H,Lose,4,3,,6,9702.99,970.299,0.3,T,T,Win,2,5,,6,9702.99,970.299,0.3,T,T,Win,2,5,,6,9702.99,970.299,0.6,H,T,Lose,4,3,,6,14494.59,1449.459,0.7,H,T,Lose,5,2,,6,11859.210000000001,1185.921,0.7,H,T,Lose,5,2,,6,11859.210000000001,1185.921,0.4,T,H,Lose,3,4,,6,17715.61,1771.5610000000001,1.0,H,H,Win,7,0,,6,7938.8099999999995,793.881,0.4,T,T,Win,3,4,,6,9702.99,970.299,0.6,H,T,Lose,4,3,,6,9702.99,970.299,0.6,H,T,Lose,4,3,,6,9702.99,970.299,0.3,T,T,Win,2,5,,6,9702.99,970.299,0.3,T,T,Win,2,5,,6,11859.210000000001,1185.921,0.1,T,T,Win,1,6,,6,7938.8099999999995,793.881,0.4,T,T,Win,3,4,,6,7938.8099999999995,793.881,0.6,T,H,Lose,4,3,,6,9702.99,970.299,0.4,T,T,Win,3,4,,6,9702.99,970.299,0.4,T,T,Win,3,4,,6,11859.210000000001,1185.921,0.7,H,H,Win,5,2,,6,7938.8099999999995,793.881,0.6,T,H,Lose,4,3,,6,5314.41,531.441,0.7,H,H,Win,5,2,,6,11859.210000000001,1185.921,0.3,T,H,Lose,2,5,,6,9702.99,970.299,0.3,T,T,Win,2,5,,6,7938.8099999999995,793.881,0.6,T,H,Lose,4,3,,6,7938.81,793.8810000000001,0.6,T,H,Lose,4,3,,6,9702.99,970.299,0.7,H,T,Lose,5,2,,6,9702.99,970.299,0.3,T,T,Win,2,5,,6,11859.210000000001,1185.921,0.1,T,T,Win,1,6,,6,9702.99,970.299,0.6,H,T,Lose,4,3,,6,7938.81,793.8810000000001,0.7,H,H,Win,5,2,,6,17715.61,1771.5610000000001,0.3,T,H,Lose,2,5,,6,11859.21,1185.921,0.4,T,T,Win,3,4,,6,11859.210000000001,1185.921,0.7,H,T,Lose,5,2,,6,11859.210000000001,1185.921,0.1,T,T,Win,1,6,,6,11859.210000000001,1185.921,0.4,T,T,Win,3,4,,6,9702.99,970.299,0.3,T,T,Win,2,5,,6,9702.99,970.299,0.6,H,T,Lose,4,3,,6,11859.210000000001,1185.921,0.1,T,T,Win,1,6,,6,9702.99,970.299,0.3,T,T,Win,2,5,,6,14494.59,1449.459,0.1,T,H,Lose,1,6,,6,7938.8099999999995,793.881,0.6,T,H,Lose,4,3,,6,9702.99,970.299,0.4,T,H,Lose,3,4,,6,11859.210000000001,1185.921,0.1,T,T,Win,1,6,,6,7938.8099999999995,793.881,0.4,T,T,Win,3,4,,6,11859.21,1185.921,0.1,T,T,Win,1,6,,6,6495.389999999999,649.539,0.7,H,H,Win,5,2,,6,7938.8099999999995,793.881,0.6,T,H,Lose,4,3,,6,9702.99,970.299,0.6,T,H,Lose,4,3,,6,7938.81,793.8810000000001,0.6,T,H,Lose,4,3,,6,11859.210000000001,1185.921,0.3,T,H,Lose,2,5,,6,11859.210000000001,1185.921,0.9,H,H,Win,6,1,,6,14494.59,1449.459,0.0,T,T,Win,0,7,,6,9702.99,970.299,0.7,H,H,Win,5,2,,6,6495.39,649.5390000000001,0.4,T,T,Win,3,4,,6,9702.99,970.299,0.3,T,T,Win,2,5,,6,9702.99,970.299,0.4,T,T,Win,3,4,,6,11859.210000000001,1185.921,0.3,T,T,Win,2,5,,6,9702.99,970.299,0.4,T,H,Lose,3,4,,6,11859.21,1185.921,0.6,T,H,Lose,4,3,,6,11859.21,1185.921,0.7,H,H,Win,5,2,,6,11859.210000000001,1185.921,0.1,T,T,Win,1,6,,6,9702.99,970.299,0.6,H,T,Lose,4,3,,6,11859.21,1185.921,0.7,H,T,Lose,5,2,,6,9702.99,970.299,0.7,H,H,Win,5,2,,6,9702.99,970.299,0.3,T,T,Win,2,5,,6,9702.99,970.299,0.7,H,H,Win,5,2,,6,9702.99,970.299,0.9,H,H,Win,6,1,,6,9702.99,970.299,0.3,T,T,Win,2,5,,6,9702.99,970.299,0.4,T,T,Win,3,4,,6,9702.99,970.299,0.4,T,H,Lose,3,4,,6,9702.99,970.299,0.4,T,H,Lose,3,4,,6,7938.8099999999995,793.881,0.6,T,H,Lose,4,3,,6,7938.8099999999995,793.881,0.6,H,T,Lose,4,3,,6,11859.21,1185.921,0.7,H,H,Win,5,2,,6,11859.210000000001,1185.921,0.1,T,T,Win,1,6,,6,14494.59,1449.459,0.4,T,H,Lose,3,4,,6,11859.210000000001,1185.921,0.9,H,H,Win,6,1,,6,6495.39,649.5390000000001,0.7,H,H,Win,5,2,,6,5314.41,531.441,0.7,H,H,Win,5,2,,6,14494.59,1449.459,0.7,H,T,Lose,5,2,,6,9702.99,970.299,0.3,T,T,Win,2,5,,6,11859.210000000001,1185.921,0.7,H,T,Lose,5,2,,6,9702.99,970.299,0.7,H,H,Win,5,2,,6,7938.81,793.8810000000001,0.9,H,H,Win,6,1,,6,9702.99,970.299,0.4,T,H,Lose,3,4,,6,7938.8099999999995,793.881,0.6,T,H,Lose,4,3,,6,14494.59,1449.459,0.1,T,T,Win,1,6,,6,7938.8099999999995,793.881,0.6,H,T,Lose,4,3,,6,7938.8099999999995,793.881,0.7,H,H,Win,5,2,,6,11859.21,1185.921,0.9,H,H,Win,6,1,,6,11859.210000000001,1185.921,0.7,H,H,Win,5,2,,6,7938.81,793.8810000000001,0.7,H,T,Lose,5,2,,6,9702.99,970.299,0.3,T,T,Win,2,5,,6,11859.21,1185.921,0.7,H,H,Win,5,2,,6,6495.39,649.5390000000001,0.6,T,H,Lose,4,3,,6,11859.210000000001,1185.921,0.4,T,T,Win,3,4,,6,7938.81,793.8810000000001,0.6,H,T,Lose,4,3,,6,6495.39,649.5390000000001,0.4,T,T,Win,3,4,,6,9702.99,970.299,0.7,H,H,Win,5,2,,6,9702.99,970.299,0.3,T,T,Win,2,5,,6,6495.39,649.5390000000001,0.6,T,H,Lose,4,3,,6,11859.210000000001,1185.921,0.7,H,H,Win,5,2,,6,6495.39,649.5390000000001,0.6,T,H,Lose,4,3,,6,7938.8099999999995,793.881,0.6,H,T,Lose,4,3,,6,7938.8099999999995,793.881,0.6,H,T,Lose,4,3,,6,11859.210000000001,1185.921,0.9,H,H,Win,6,1,,6,9702.99,970.299,0.4,T,H,Lose,3,4,,6,11859.210000000001,1185.921,0.4,T,H,Lose,3,4,,6,11859.210000000001,1185.921,0.3,T,H,Lose,2,5,,6,11859.21,1185.921,0.1,T,T,Win,1,6,,6,9702.99,970.299,0.4,T,H,Lose,3,4,,6,14494.59,1449.459,0.0,T,T,Win,0,7,,6,7938.8099999999995,793.881,0.4,T,T,Win,3,4,,6,9702.99,970.299,0.4,T,T,Win,3,4,,6,11859.210000000001,1185.921,0.6,H,T,Lose,4,3,,6,11859.210000000001,1185.921,0.9,H,H,Win,6,1,,6,11859.210000000001,1185.921,0.6,H,T,Lose,4,3,,6,14494.59,1449.459,0.3,T,T,Win,2,5,,6,11859.210000000001,1185.921,0.4,T,H,Lose,3,4,,6,7938.8099999999995,793.881,0.4,T,T,Win,3,4,,6,6495.389999999999,649.539,0.4,T,T,Win,3,4,,6,9702.99,970.299,0.4,T,T,Win,3,4,,6,7938.8099999999995,793.881,0.4,T,T,Win,3,4,,6,9702.99,970.299,0.3,T,T,Win,2,5,,6,9702.99,970.299,0.7,H,H,Win,5,2,,6,7938.81,793.8810000000001,0.6,H,T,Lose,4,3,,6,9702.99,970.299,0.3,T,T,Win,2,5,,6,9702.99,970.299,0.4,T,H,Lose,3,4,,6,11859.21,1185.921,0.7,H,H,Win,5,2,,6,14494.59,1449.459,0.9,H,T,Lose,6,1,,6,14494.59,1449.459,0.7,H,T,Lose,5,2,,6,9702.99,970.299,0.3,T,T,Win,2,5,,6,9702.99,970.299,0.4,T,H,Lose,3,4,,6,9702.99,970.299,0.6,H,T,Lose,4,3,,6,11859.21,1185.921,0.1,T,T,Win,1,6,,6,11859.210000000001,1185.921,0.3,T,T,Win,2,5,,6,7938.8099999999995,793.881,0.6,H,T,Lose,4,3,,6,14494.59,1449.459,0.4,T,H,Lose,3,4,,6,14494.59,1449.459,0.9,H,H,Win,6,1,,6,9702.99,970.299,0.4,T,T,Win,3,4,,6,7938.8099999999995,793.881,0.6,T,H,Lose,4,3,,6,7938.8099999999995,793.881,0.4,T,T,Win,3,4,,6,9702.99,970.299,0.4,T,H,Lose,3,4,,6,14494.59,1449.459,0.4,T,H,Lose,3,4,,6,11859.210000000001,1185.921,0.3,T,H,Lose,2,5,,6,11859.210000000001,1185.921,0.6,H,T,Lose,4,3,,6,11859.210000000001,1185.921,0.3,T,H,Lose,2,5,,6,9702.99,970.299,0.4,T,H,Lose,3,4,,6,6495.39,649.5390000000001,0.6,H,T,Lose,4,3,,6,9702.99,970.299,0.3,T,T,Win,2,5,,6,11859.210000000001,1185.921,0.9,H,H,Win,6,1,,6,11859.21,1185.921,0.4,T,T,Win,3,4,,6,9702.99,970.299,0.4,T,H,Lose,3,4,,6,7938.81,793.8810000000001,0.7,H,H,Win,5,2,,6,7938.8099999999995,793.881,0.6,T,H,Lose,4,3,,6,9702.99,970.299,0.4,T,T,Win,3,4,,6,9702.99,970.299,0.4,T,H,Lose,3,4,,6,11859.21,1185.921,0.7,H,H,Win,5,2,,6,9702.99,970.299,0.7,H,H,Win,5,2,,6,9702.99,970.299,0.3,T,T,Win,2,5,,6,9702.99,970.299,0.6,H,T,Lose,4,3,,6,9702.99,970.299,0.7,H,T,Lose,5,2,,6,7938.8099999999995,793.881,0.6,H,T,Lose,4,3,,6,11859.210000000001,1185.921,0.1,T,T,Win,1,6,,6,7938.81,793.8810000000001,0.6,T,H,Lose,4,3,,6,7938.81,793.8810000000001,0.7,H,T,Lose,5,2,,6,7938.8099999999995,793.881,0.4,T,T,Win,3,4,,6,9702.99,970.299,0.3,T,T,Win,2,5,,6,9702.99,970.299,0.3,T,T,Win,2,5,,6,14494.59,1449.459,0.7,H,T,Lose,5,2,,6,14494.59,1449.459,0.7,H,T,Lose,5,2,,6,14494.59,1449.459,0.3,T,T,Win,2,5,,6,11859.210000000001,1185.921,0.6,H,T,Lose,4,3,,6,9702.99,970.299,0.7,H,H,Win,5,2,,6,7938.8099999999995,793.881,0.6,T,H,Lose,4,3,,6,9702.99,970.299,0.4,T,T,Win,3,4,,6,9702.99,970.299,0.7,H,H,Win,5,2,,6,7938.8099999999995,793.881,0.6,T,H,Lose,4,3,,6,9702.99,970.299,0.4,T,T,Win,3,4,,6,9702.99,970.299,0.6,T,H,Lose,4,3,,6,9702.99,970.299,0.6,H,T,Lose,4,3,,6,6495.39,649.5390000000001,0.7,H,H,Win,5,2,,6,7938.81,793.8810000000001,0.6,H,T,Lose,4,3,,6,9702.99,970.299,0.6,T,H,Lose,4,3,,6,11859.210000000001,1185.921,0.1,T,T,Win,1,6,,6,6495.39,649.5390000000001,0.4,T,T,Win,3,4,,6,7938.8099999999995,793.881,0.7,H,H,Win,5,2,,6,9702.99,970.299,0.9,H,H,Win,6,1,,6,7938.8099999999995,793.881,0.4,T,T,Win,3,4,,6,7938.8099999999995,793.881,0.4,T,T,Win,3,4,,6,9702.99,970.299,0.4,T,T,Win,3,4,,6,9702.99,970.299,0.7,H,H,Win,5,2,,6,11859.210000000001,1185.921,0.3,T,T,Win,2,5,,6,9702.99,970.299,0.4,T,H,Lose,3,4,,6,7938.8099999999995,793.881,0.6,T,H,Lose,4,3,,6,6495.39,649.5390000000001,0.6,T,H,Lose,4,3,,6,11859.21,1185.921,0.7,H,H,Win,5,2,,6,14494.59,1449.459,0.3,T,T,Win,2,5,,6,11859.210000000001,1185.921,0.3,T,H,Lose,2,5,,6,9702.99,970.299,0.6,H,T,Lose,4,3,,6,7938.8099999999995,793.881,0.6,H,T,Lose,4,3,,6,11859.21,1185.921,0.6,H,T,Lose,4,3,,6,11859.210000000001,1185.921,0.9,H,H,Win,6,1,,6,7938.8099999999995,793.881,0.4,T,T,Win,3,4,,6,14494.59,1449.459,0.3,T,T,Win,2,5,,6,9702.99,970.299,0.4,T,H,Lose,3,4,,6,9702.99,970.299,0.4,T,H,Lose,3,4,,6,7938.81,793.8810000000001,0.6,H,T,Lose,4,3,,6,9702.99,970.299,0.6,T,H,Lose,4,3,,6,11859.210000000001,1185.921,0.1,T,T,Win,1,6,,6,14494.59,1449.459,0.3,T,T,Win,2,5,,6,9702.99,970.299,0.4,T,H,Lose,3,4,,6,7938.81,793.8810000000001,0.6,H,T,Lose,4,3,,6,6495.39,649.5390000000001,0.4,T,T,Win,3,4,,6,14494.59,1449.459,0.3,T,T,Win,2,5,,6,14494.59,1449.459,0.7,H,T,Lose,5,2,,6,9702.99,970.299,0.6,H,T,Lose,4,3,,6,6495.389999999999,649.539,0.6,T,H,Lose,4,3,,6,6495.39,649.5390000000001,0.6,H,T,Lose,4,3,,6,7938.81,793.8810000000001,0.3,T,T,Win,2,5,,6,6495.39,649.5390000000001,0.6,H,T,Lose,4,3,,6,7938.8099999999995,793.881,0.4,T,T,Win,3,4,,6,9702.99,970.299,0.7,H,H,Win,5,2,,6,9702.99,970.299,0.4,T,T,Win,3,4,,6,6495.39,649.5390000000001,0.4,T,T,Win,3,4,,6,7938.8099999999995,793.881,0.6,H,T,Lose,4,3,,6,7938.8099999999995,793.881,0.4,T,T,Win,3,4,,6,11859.210000000001,1185.921,0.6,T,H,Lose,4,3,,6,9702.99,970.299,0.4,T,H,Lose,3,4,,6,11859.21,1185.921,0.4,T,T,Win,3,4,,6,11859.210000000001,1185.921,0.4,T,T,Win,3,4,,6,17715.61,1771.5610000000001,1.0,H,H,Win,7,0,,6,9702.99,970.299,0.6,T,H,Lose,4,3,,6,7938.81,793.8810000000001,0.7,H,H,Win,5,2,,6,9702.99,970.299,0.3,T,T,Win,2,5,,6,9702.99,970.299,0.3,T,T,Win,2,5,,6,7938.8099999999995,793.881,0.7,H,H,Win,5,2,,6,11859.210000000001,1185.921,0.3,T,T,Win,2,5,,6,9702.99,970.299,0.3,T,T,Win,2,5,,6,14494.59,1449.459,0.0,T,T,Win,0,7,,6,6495.39,649.5390000000001,0.4,T,T,Win,3,4,
7,13045.131,1304.5131000000001,0.8,H,H,Win,6,2,,7,15944.049,1594.4049000000002,0.1,T,T,Win,1,7,,7,7144.929,714.4929000000001,0.6,H,T,Lose,5,3,,7,10673.289,1067.3289000000002,0.4,T,H,Lose,3,5,,7,10673.289,1067.3289000000002,0.4,T,H,Lose,3,5,,7,13045.131,1304.5131000000001,0.8,H,H,Win,6,2,,7,8732.690999999999,873.2691,0.6,H,H,Win,5,3,,7,10673.289,1067.3289000000002,0.2,T,T,Win,2,6,,7,10673.288999999999,1067.3289,0.2,T,T,Win,2,6,,7,7144.928999999999,714.4929,0.8,H,H,Win,6,2,,7,10673.289,1067.3289000000002,0.6,H,T,Lose,5,3,,7,10673.289,1067.3289000000002,0.2,T,T,Win,2,6,,7,10673.288999999999,1067.3289,0.6,H,H,Win,5,3,,7,19487.171000000002,1948.7171000000003,0.1,T,T,Win,1,7,,7,7144.928999999999,714.4929,0.6,T,H,Lose,5,3,,7,8732.690999999999,873.2691,0.4,T,T,Win,3,5,,7,8732.690999999999,873.2691,0.4,T,T,Win,3,5,,7,7144.929,714.4929000000001,0.6,H,H,Win,5,3,,7,13045.131000000001,1304.5131000000001,0.6,H,T,Lose,5,3,,7,13045.131,1304.5131000000001,0.5,T,H,Lose,4,4,,7,7144.928999999999,714.4929,0.6,H,H,Win,5,3,,7,7144.929,714.4929000000001,0.6,T,H,Lose,5,3,,7,10673.289,1067.3289000000002,0.4,T,T,Win,3,5,,7,10673.289,1067.3289000000002,0.8,H,H,Win,6,2,,7,10673.289,1067.3289000000002,0.9,H,H,Win,7,1,,7,13045.131000000001,1304.5131000000001,0.1,T,T,Win,1,7,,7,13045.131,1304.5131000000001,0.6,H,T,Lose,5,3,,7,13045.131000000001,1304.5131000000001,0.1,T,T,Win,1,7,,7,7144.928999999999,714.4929,0.5,T,T,Win,4,4,,7,8732.691,873.2691000000001,0.5,T,H,Lose,4,4,,7,8732.690999999999,873.2691,0.8,H,H,Win,6,2,,7,7144.929,714.4929000000001,0.5,T,H,Lose,4,4,,7,10673.289,1067.3289000000002,0.5,T,H,Lose,4,4,,7,10673.288999999999,1067.3289,0.4,T,T,Win,3,5,,7,8732.690999999999,873.2691,0.4,T,T,Win,3,5,,7,13045.131000000001,1304.5131000000001,0.4,T,H,Lose,3,5,,7,10673.289,1067.3289000000002,0.2,T,T,Win,2,6,,7,8732.690999999999,873.2691,0.5,T,H,Lose,4,4,,7,15944.049,1594.4049000000002,0.8,H,T,Lose,6,2,,7,10673.289,1067.3289000000002,0.4,T,T,Win,3,5,,7,15944.049,1594.4049000000002,0.4,T,H,Lose,3,5,,7,10673.289,1067.3289000000002,0.4,T,T,Win,3,5,,7,13045.131000000001,1304.5131000000001,0.8,H,T,Lose,6,2,,7,8732.690999999999,873.2691,0.5,T,H,Lose,4,4,,7,8732.690999999999,873.2691,0.5,T,H,Lose,4,4,,7,5845.851000000001,584.5851000000001,0.5,T,T,Win,4,4,,7,10673.289,1067.3289000000002,0.6,H,T,Lose,5,3,,7,4782.969,478.29690000000005,0.6,H,H,Win,5,3,,7,13045.131,1304.5131000000001,0.6,H,T,Lose,5,3,,7,10673.289,1067.3289000000002,0.2,T,T,Win,2,6,,7,7144.928999999999,714.4929,0.6,T,H,Lose,5,3,,7,13045.131000000001,1304.5131000000001,0.2,T,H,Lose,2,6,,7,7144.929,714.4929000000001,0.5,T,T,Win,4,4,,7,15944.049,1594.4049000000002,0.2,T,T,Win,2,6,,7,10673.289,1067.3289000000002,0.2,T,T,Win,2,6,,7,10673.289,1067.3289000000002,0.2,T,T,Win,2,6,,7,13045.131,1304.5131000000001,0.2,T,T,Win,2,6,,7,10673.289,1067.3289000000002,0.2,T,T,Win,2,6,,7,7144.929,714.4929000000001,0.5,T,T,Win,4,4,,7,7144.928999999999,714.4929,0.6,H,H,Win,5,3,,7,8732.690999999999,873.2691,0.5,H,T,Lose,4,4,,7,10673.289,1067.3289000000002,0.8,H,H,Win,6,2,,7,10673.288999999999,1067.3289,0.8,H,H,Win,6,2,,7,13045.131000000001,1304.5131000000001,0.1,T,T,Win,1,7,,7,7144.928999999999,714.4929,0.5,T,T,Win,4,4,,7,8732.690999999999,873.2691,0.6,H,H,Win,5,3,,7,5845.851000000001,584.5851000000001,0.5,T,T,Win,4,4,,7,7144.929,714.4929000000001,0.5,T,T,Win,4,4,,7,8732.691,873.2691000000001,0.8,H,H,Win,6,2,,7,7144.929,714.4929000000001,0.6,H,T,Lose,5,3,,7,10673.288999999999,1067.3289,0.6,H,T,Lose,5,3,,7,13045.131,1304.5131000000001,0.4,T,T,Win,3,5,,7,7144.928999999999,714.4929,0.6,H,H,Win,5,3,,7,8732.690999999999,873.2691,0.4,T,T,Win,3,5,,7,10673.289,1067.3289000000002,0.4,T,H,Lose,3,5,,7,8732.690999999999,873.2691,0.5,T,H,Lose,4,4,,7,5845.851000000001,584.5851000000001,0.5,T,T,Win,4,4,,7,13045.131000000001,1304.5131000000001,0.2,T,H,Lose,2,6,,7,15944.049,1594.4049000000002,0.8,H,T,Lose,6,2,,7,10673.289,1067.3289000000002,0.8,H,H,Win,6,2,,7,5845.851000000001,584.5851000000001,0.5,T,T,Win,4,4,,7,8732.691,873.2691000000001,0.6,H,T,Lose,5,3,,7,10673.289,1067.3289000000002,0.2,T,T,Win,2,6,,7,10673.289,1067.3289000000002,0.8,H,H,Win,6,2,,7,10673.288999999999,1067.3289,0.2,T,T,Win,2,6,,7,8732.690999999999,873.2691,0.5,T,H,Lose,4,4,,7,13045.131,1304.5131000000001,0.5,T,H,Lose,4,4,,7,10673.289,1067.3289000000002,0.8,H,H,Win,6,2,,7,8732.690999999999,873.2691,0.8,H,H,Win,6,2,,7,15944.049,1594.4049000000002,0.0,T,T,Win,0,8,,7,10673.289,1067.3289000000002,0.4,T,H,Lose,3,5,,7,8732.691,873.2691000000001,0.4,T,H,Lose,3,5,,7,8732.690999999999,873.2691,0.4,T,T,Win,3,5,,7,10673.289,1067.3289000000002,0.2,T,T,Win,2,6,,7,8732.690999999999,873.2691,0.6,H,T,Lose,5,3,,7,15944.049,1594.4049000000002,0.0,T,T,Win,0,8,,7,10673.289,1067.3289000000002,0.6,T,H,Lose,5,3,,7,4782.969,478.29690000000005,0.6,H,H,Win,5,3,,7,8732.690999999999,873.2691,0.5,T,H,Lose,4,4,,7,10673.289,1067.3289000000002,0.2,T,T,Win,2,6,,7,7144.929,714.4929000000001,0.5,T,T,Win,4,4,,7,10673.288999999999,1067.3289,0.6,H,H,Win,5,3,,7,8732.690999999999,873.2691,0.5,T,H,Lose,4,4,,7,10673.289,1067.3289000000002,0.4,T,H,Lose,3,5,,7,13045.131,1304.5131000000001,0.8,H,H,Win,6,2,,7,10673.288999999999,1067.3289,0.6,T,H,Lose,5,3,,7,13045.131,1304.5131000000001,0.5,T,H,Lose,4,4,,7,10673.289,1067.3289000000002,0.5,T,H,Lose,4,4,,7,8732.691,873.2691000000001,0.9,H,H,Win,7,1,,7,8732.690999999999,873.2691,0.6,H,H,Win,5,3,,7,13045.131000000001,1304.5131000000001,0.1,T,T,Win,1,7,,7,7144.929,714.4929000000001,0.6,H,T,Lose,5,3,,7,8732.690999999999,873.2691,0.6,T,H,Lose,5,3,,7,7144.928999999999,714.4929,0.5,H,T,Lose,4,4,,7,13045.131,1304.5131000000001,0.4,T,H,Lose,3,5,,7,10673.289,1067.3289000000002,0.4,T,H,Lose,3,5,,7,7144.929,714.4929000000001,0.5,T,H,Lose,4,4,,7,5845.851000000001,584.5851000000001,0.6,H,H,Win,5,3,,7,8732.691,873.2691000000001,0.9,H,H,Win,7,1,,7,8732.690999999999,873.2691,0.6,T,H,Lose,5,3,,7,7144.929,714.4929000000001,0.8,H,H,Win,6,2,,7,13045.131,1304.5131000000001,0.1,T,T,Win,1,7,,7,8732.690999999999,873.2691,0.5,T,H,Lose,4,4,,7,8732.690999999999,873.2691,0.5,T,H,Lose,4,4,,7,10673.289,1067.3289000000002,0.2,T,T,Win,2,6,,7,8732.690999999999,873.2691,0.4,T,T,Win,3,5,,7,5845.851,584.5851,0.5,H,T,Lose,4,4,,7,10673.289,1067.3289000000002,0.6,H,T,Lose,5,3,,7,10673.289,1067.3289000000002,0.5,T,H,Lose,4,4,,7,7144.928999999999,714.4929,0.6,T,H,Lose,5,3,,7,7144.929,714.4929000000001,0.8,H,H,Win,6,2,,7,7144.928999999999,714.4929,0.5,T,T,Win,4,4,,7,10673.289,1067.3289000000002,0.5,T,H,Lose,4,4,,7,10673.288999999999,1067.3289,0.5,T,T,Win,4,4,,7,8732.690999999999,873.2691,0.8,H,H,Win,6,2,,7,8732.690999999999,873.2691,0.4,T,T,Win,3,5,,7,8732.690999999999,873.2691,0.6,H,T,Lose,5,3,,7,5845.851000000001,584.5851000000001,0.5,H,T,Lose,4,4,,7,8732.690999999999,873.2691,0.5,T,H,Lose,4,4,,7,10673.288999999999,1067.3289,0.5,T,T,Win,4,4,,7,13045.131,1304.5131000000001,0.2,T,T,Win,2,6,,7,13045.131,1304.5131000000001,0.9,H,H,Win,7,1,,7,5845.851000000001,584.5851000000001,0.6,H,H,Win,5,3,,7,7144.928999999999,714.4929,0.5,T,T,Win,4,4,,7,10673.289,1067.3289000000002,0.8,H,T,Lose,6,2,,7,8732.690999999999,873.2691,0.5,T,T,Win,4,4,,7,10673.289,1067.3289000000002,0.9,H,H,Win,7,1,,7,10673.288999999999,1067.3289,0.6,T,H,Lose,5,3,,7,7144.929,714.4929000000001,0.5,H,T,Lose,4,4,,7,7144.928999999999,714.4929,0.5,T,T,Win,4,4,,7,10673.289,1067.3289000000002,0.6,H,H,Win,5,3,,7,10673.289,1067.3289000000002,0.5,T,H,Lose,4,4,,7,10673.289,1067.3289000000002,0.8,H,H,Win,6,2,,7,10673.288999999999,1067.3289,0.6,H,H,Win,5,3,,7,10673.289,1067.3289000000002,0.4,T,H,Lose,3,5,,7,7144.929,714.4929000000001,0.6,H,T,Lose,5,3,,7,8732.691,873.2691000000001,0.6,H,T,Lose,5,3,,7,8732.691,873.2691000000001,0.8,H,T,Lose,6,2,,7,7144.928999999999,714.4929,0.6,H,H,Win,5,3,,7,13045.131,1304.5131000000001,0.9,H,H,Win,7,1,,7,13045.131000000001,1304.5131000000001,0.4,T,H,Lose,3,5,,7,7144.929,714.4929000000001,0.5,T,H,Lose,4,4,,7,10673.289,1067.3289000000002,0.5,T,H,Lose,4,4,,7,7144.929,714.4929000000001,0.5,T,H,Lose,4,4,,7,7144.929,714.4929000000001,0.4,T,T,Win,3,5,,7,7144.928999999999,714.4929,0.6,H,H,Win,5,3,,7,10673.288999999999,1067.3289,0.8,H,H,Win,6,2,,7,8732.690999999999,873.2691,0.5,T,T,Win,4,4,,7,10673.289,1067.3289000000002,0.8,H,H,Win,6,2,,7,8732.690999999999,873.2691,0.6,H,H,Win,5,3,,7,7144.929,714.4929000000001,0.5,T,T,Win,4,4,,7,10673.288999999999,1067.3289,0.6,H,T,Lose,5,3,,7,8732.690999999999,873.2691,0.6,H,H,Win,5,3,,7,7144.928999999999,714.4929,0.5,T,T,Win,4,4,,7,13045.131,1304.5131000000001,0.6,H,T,Lose,5,3,,7,8732.690999999999,873.2691,0.4,T,T,Win,3,5,,7,10673.289,1067.3289000000002,0.2,T,T,Win,2,6,,7,7144.928999999999,714.4929,0.5,H,T,Lose,4,4,,7,8732.690999999999,873.2691,0.5,T,H,Lose,4,4,,7,10673.289,1067.3289000000002,0.4,T,H,Lose,3,5,,7,8732.690999999999,873.2691,0.4,T,T,Win,3,5,,7,10673.288999999999,1067.3289,0.6,T,H,Lose,5,3,,7,7144.929,714.4929000000001,0.5,T,T,Win,4,4,,7,4782.969,478.29690000000005,0.6,H,H,Win,5,3,,7,8732.691,873.2691000000001,0.5,T,H,Lose,4,4,,7,8732.690999999999,873.2691,0.8,H,H,Win,6,2,,7,13045.131000000001,1304.5131000000001,0.6,H,T,Lose,5,3,,7,13045.131000000001,1304.5131000000001,0.2,T,T,Win,2,6,,7,8732.690999999999,873.2691,0.5,T,H,Lose,4,4,,7,7144.929,714.4929000000001,0.6,T,H,Lose,5,3,,7,7144.928999999999,714.4929,0.6,H,H,Win,5,3,,7,10673.289,1067.3289000000002,0.2,T,T,Win,2,6,,7,8732.690999999999,873.2691,0.6,H,T,Lose,5,3,,7,8732.690999999999,873.2691,0.5,T,T,Win,4,4,,7,13045.131000000001,1304.5131000000001,0.6,H,T,Lose,5,3,,7,10673.289,1067.3289000000002,0.2,T,T,Win,2,6,,7,10673.288999999999,1067.3289,0.2,T,T,Win,2,6,,7,8732.690999999999,873.2691,0.8,H,H,Win,6,2,,7,10673.289,1067.3289000000002,0.4,T,H,Lose,3,5,,7,10673.289,1067.3289000000002,0.5,T,H,Lose,4,4,,7,15944.049,1594.4049000000002,0.2,T,T,Win,2,6,,7,10673.289,1067.3289000000002,0.6,H,T,Lose,5,3,,7,8732.690999999999,873.2691,0.5,T,H,Lose,4,4,,7,19487.171000000002,1948.7171000000003,1.0,H,H,Win,8,0,,7,5845.851000000001,584.5851000000001,0.5,H,T,Lose,4,4,,7,8732.690999999999,873.2691,0.4,T,T,Win,3,5,,7,7144.928999999999,714.4929,0.5,H,T,Lose,4,4,,7,10673.288999999999,1067.3289,0.4,T,H,Lose,3,5,,7,10673.289,1067.3289000000002,0.2,T,T,Win,2,6,,7,8732.691,873.2691000000001,0.8,H,T,Lose,6,2,,7,8732.691,873.2691000000001,0.9,H,H,Win,7,1,,7,8732.690999999999,873.2691,0.5,T,H,Lose,4,4,,7,15944.049,1594.4049000000002,0.1,T,H,Lose,1,7,,7,13045.131,1304.5131000000001,0.1,T,T,Win,1,7,,7,7144.929,714.4929000000001,0.6,H,T,Lose,5,3,,7,10673.289,1067.3289000000002,0.6,H,T,Lose,5,3,,7,10673.289,1067.3289000000002,0.5,T,H,Lose,4,4,,7,13045.131,1304.5131000000001,0.5,T,H,Lose,4,4,,7,15944.049,1594.4049000000002,0.8,H,T,Lose,6,2,,7,8732.690999999999,873.2691,0.8,H,H,Win,6,2,,7,8732.690999999999,873.2691,0.4,T,T,Win,3,5,,7,8732.690999999999,873.2691,0.5,H,T,Lose,4,4,,7,5845.851,584.5851,0.6,T,H,Lose,5,3,,7,10673.289,1067.3289000000002,0.5,T,H,Lose,4,4,,7,7144.929,714.4929000000001,0.6,T,H,Lose,5,3,,7,10673.289,1067.3289000000002,0.4,T,H,Lose,3,5,,7,5845.851000000001,584.5851000000001,0.5,T,T,Win,4,4,,7,7144.929,714.4929000000001,0.6,H,H,Win,5,3,,7,8732.690999999999,873.2691,0.6,T,H,Lose,5,3,,7,13045.131,1304.5131000000001,0.4,T,T,Win,3,5,,7,13045.131,1304.5131000000001,0.8,H,H,Win,6,2,,7,7144.929,714.4929000000001,0.8,H,H,Win,6,2,,7,7144.929,714.4929000000001,0.6,H,T,Lose,5,3,,7,7144.929,714.4929000000001,0.4,T,T,Win,3,5,,7,7144.928999999999,714.4929,0.6,T,H,Lose,5,3,,7,10673.288999999999,1067.3289,0.8,H,H,Win,6,2,,7,8732.690999999999,873.2691,0.6,H,H,Win,5,3,,7,13045.131,1304.5131000000001,0.1,T,T,Win,1,7,,7,10673.288999999999,1067.3289,0.6,H,H,Win,5,3,,7,13045.131000000001,1304.5131000000001,0.4,T,H,Lose,3,5,,7,8732.690999999999,873.2691,0.6,T,H,Lose,5,3,,7,7144.928999999999,714.4929,0.5,H,T,Lose,4,4,,7,8732.690999999999,873.2691,0.5,T,H,Lose,4,4,,7,13045.131,1304.5131000000001,0.5,T,H,Lose,4,4,,7,10673.289,1067.3289000000002,0.6,H,T,Lose,5,3,,7,10673.289,1067.3289000000002,0.8,H,T,Lose,6,2,,7,7144.929,714.4929000000001,0.6,H,T,Lose,5,3,,7,10673.289,1067.3289000000002,0.6,H,T,Lose,5,3,,7,10673.288999999999,1067.3289,0.5,T,T,Win,4,4,,7,10673.289,1067.3289000000002,0.5,T,T,Win,4,4,,7,15944.049,1594.4049000000002,0.4,T,H,Lose,3,5,,7,13045.131,1304.5131000000001,0.6,H,T,Lose,5,3,,7,8732.691,873.2691000000001,0.6,H,T,Lose,5,3,,7,8732.690999999999,873.2691,0.5,H,T,Lose,4,4,,7,7144.928999999999,714.4929,0.6,T,H,Lose,5,3,,7,10673.289,1067.3289000000002,0.6,H,T,Lose,5,3,,7,8732.690999999999,873.2691,0.5,T,H,Lose,4,4,,7,8732.690999999999,873.2691,0.4,T,T,Win,3,5,,7,10673.289,1067.3289000000002,0.5,T,H,Lose,4,4,,7,10673.289,1067.3289000000002,0.2,T,T,Win,2,6,,7,8732.690999999999,873.2691,0.4,T,T,Win,3,5,,7,10673.289,1067.3289000000002,0.2,T,T,Win,2,6,,7,10673.289,1067.3289000000002,0.5,T,H,Lose,4,4,,7,7144.928999999999,714.4929,0.5,T,T,Win,4,4,,7,8732.690999999999,873.2691,0.5,H,T,Lose,4,4,,7,7144.929,714.4929000000001,0.5,T,H,Lose,4,4,,7,13045.131,1304.5131000000001,0.5,T,H,Lose,4,4,,7,8732.690999999999,873.2691,0.4,T,T,Win,3,5,,7,7144.929,714.4929000000001,0.8,H,H,Win,6,2,,7,13045.131000000001,1304.5131000000001,0.2,T,H,Lose,2,6,,7,10673.289,1067.3289000000002,0.8,H,H,Win,6,2,,7,8732.690999999999,873.2691,0.4,T,T,Win,3,5,,7,10673.289,1067.3289000000002,0.8,H,H,Win,6,2,,7,15944.049,1594.4049000000002,0.9,H,H,Win,7,1,,7,7144.929,714.4929000000001,0.4,T,T,Win,3,5,,7,5845.851000000001,584.5851000000001,0.5,H,T,Lose,4,4,,7,5845.851000000001,584.5851000000001,0.5,H,T,Lose,4,4,,7,10673.289,1067.3289000000002,0.4,T,H,Lose,3,5,,7,8732.690999999999,873.2691,0.8,H,H,Win,6,2,,7,13045.131,1304.5131000000001,0.8,H,H,Win,6,2,,7,8732.690999999999,873.2691,0.6,T,H,Lose,5,3,,7,10673.289,1067.3289000000002,0.8,H,H,Win,6,2,,7,10673.289,1067.3289000000002,0.6,H,T,Lose,5,3,,7,5845.851000000001,584.5851000000001,0.5,T,T,Win,4,4,,7,13045.131,1304.5131000000001,0.1,T,T,Win,1,7,,7,10673.289,1067.3289000000002,0.2,T,T,Win,2,6,,7,10673.289,1067.3289000000002,0.4,T,H,Lose,3,5,,7,8732.690999999999,873.2691,0.5,T,H,Lose,4,4,,7,7144.929,714.4929000000001,0.5,T,H,Lose,4,4,,7,10673.289,1067.3289000000002,0.5,T,H,Lose,4,4,,7,8732.690999999999,873.2691,0.8,H,H,Win,6,2,,7,13045.131,1304.5131000000001,0.4,T,T,Win,3,5,,7,7144.929,714.4929000000001,0.5,T,H,Lose,4,4,,7,5845.851000000001,584.5851000000001,0.6,H,H,Win,5,3,,7,13045.131,1304.5131000000001,0.8,H,H,Win,6,2,,7,10673.288999999999,1067.3289,0.6,H,H,Win,5,3,,7,5845.851000000001,584.5851000000001,0.5,H,T,Lose,4,4,,7,7144.928999999999,714.4929,0.6,H,H,Win,5,3,,7,10673.289,1067.3289000000002,0.4,T,H,Lose,3,5,,7,8732.690999999999,873.2691,0.5,T,H,Lose,4,4,,7,10673.289,1067.3289000000002,0.2,T,T,Win,2,6,,7,10673.289,1067.3289000000002,0.4,T,H,Lose,3,5,,7,10673.289,1067.3289000000002,0.2,T,T,Win,2,6,,7,10673.289,1067.3289000000002,0.2,T,T,Win,2,6,,7,8732.690999999999,873.2691,0.4,T,T,Win,3,5,,7,13045.131000000001,1304.5131000000001,0.8,H,T,Lose,6,2,,7,13045.131000000001,1304.5131000000001,0.1,T,T,Win,1,7,,7,13045.131,1304.5131000000001,0.4,T,H,Lose,3,5,,7,7144.928999999999,714.4929,0.5,H,T,Lose,4,4,,7,7144.929,714.4929000000001,0.5,T,H,Lose,4,4,,7,13045.131,1304.5131000000001,0.1,T,T,Win,1,7,,7,7144.929,714.4929000000001,0.8,H,H,Win,6,2,,7,13045.131,1304.5131000000001,0.5,T,H,Lose,4,4,,7,8732.690999999999,873.2691,0.6,T,H,Lose,5,3,,7,10673.289,1067.3289000000002,0.2,T,T,Win,2,6,,7,8732.690999999999,873.2691,0.6,T,H,Lose,5,3,,7,8732.690999999999,873.2691,0.4,T,T,Win,3,5,,7,15944.049,1594.4049000000002,0.8,H,T,Lose,6,2,,7,10673.289,1067.3289000000002,0.6,H,T,Lose,5,3,,7,8732.690999999999,873.2691,0.5,H,T,Lose,4,4,,7,10673.289,1067.3289000000002,0.2,T,T,Win,2,6,,7,8732.690999999999,873.2691,0.5,H,T,Lose,4,4,,7,8732.691,873.2691000000001,0.8,H,H,Win,6,2,,7,7144.928999999999,714.4929,0.6,T,H,Lose,5,3,,7,8732.691,873.2691000000001,0.5,T,H,Lose,4,4,,7,10673.288999999999,1067.3289,0.6,T,H,Lose,5,3,,7,8732.690999999999,873.2691,0.5,T,H,Lose,4,4,,7,8732.690999999999,873.2691,0.6,T,H,Lose,5,3,,7,7144.929,714.4929000000001,0.6,T,H,Lose,5,3,,7,10673.289,1067.3289000000002,0.5,T,H,Lose,4,4,,7,13045.131,1304.5131000000001,0.6,H,T,Lose,5,3,,7,5845.851000000001,584.5851000000001,0.6,H,H,Win,5,3,,7,10673.288999999999,1067.3289,0.6,H,H,Win,5,3,,7,7144.929,714.4929000000001,0.6,H,T,Lose,5,3,,7,10673.288999999999,1067.3289,0.4,T,H,Lose,3,5,,7,13045.131000000001,1304.5131000000001,0.2,T,T,Win,2,6,,7,10673.289,1067.3289000000002,0.2,T,T,Win,2,6,,7,8732.690999999999,873.2691,0.6,T,H,Lose,5,3,,7,8732.690999999999,873.2691,0.4,T,T,Win,3,5,,7,5845.851000000001,584.5851000000001,0.5,H,T,Lose,4,4,,7,13045.131000000001,1304.5131000000001,0.1,T,T,Win,1,7,,7,7144.928999999999,714.4929,0.6,T,H,Lose,5,3,,7,13045.131,1304.5131000000001,0.2,T,H,Lose,2,6,,7,10673.289,1067.3289000000002,0.2,T,T,Win,2,6,,7,8732.690999999999,873.2691,0.6,H,H,Win,5,3,,7,10673.289,1067.3289000000002,0.5,T,H,Lose,4,4,,7,8732.690999999999,873.2691,0.5,T,T,Win,4,4,,7,8732.690999999999,873.2691,0.5,T,H,Lose,4,4,,7,13045.131000000001,1304.5131000000001,0.8,H,H,Win,6,2,,7,10673.289,1067.3289000000002,0.4,T,H,Lose,3,5,,7,5845.851000000001,584.5851000000001,0.5,T,T,Win,4,4,,7,7144.928999999999,714.4929,0.5,H,T,Lose,4,4,,7,8732.690999999999,873.2691,0.4,T,T,Win,3,5,,7,15944.049,1594.4049000000002,0.1,T,H,Lose,1,7,,7,10673.289,1067.3289000000002,0.4,T,H,Lose,3,5,,7,10673.288999999999,1067.3289,0.5,H,T,Lose,4,4,,7,10673.289,1067.3289000000002,0.4,T,H,Lose,3,5,,7,13045.131,1304.5131000000001,0.6,H,T,Lose,5,3,,7,5845.851,584.5851,0.8,H,H,Win,6,2,,7,10673.289,1067.3289000000002,0.4,T,H,Lose,3,5,,7,5845.851,584.5851,0.5,T,T,Win,4,4,,7,10673.289,1067.3289000000002,0.2,T,T,Win,2,6,,7,8732.690999999999,873.2691,0.6,H,T,Lose,5,3,,7,10673.289,1067.3289000000002,0.6,H,T,Lose,5,3,,7,10673.289,1067.3289000000002,0.8,H,H,Win,6,2,,7,8732.690999999999,873.2691,0.4,T,T,Win,3,5,,7,7144.928999999999,714.4929,0.6,H,H,Win,5,3,,7,10673.289,1067.3289000000002,0.2,T,T,Win,2,6,,7,13045.131,1304.5131000000001,0.4,T,T,Win,3,5,,7,10673.289,1067.3289000000002,0.6,H,H,Win,5,3,,7,7144.928999999999,714.4929,0.6,T,H,Lose,5,3,,7,7144.929,714.4929000000001,0.5,T,T,Win,4,4,,7,13045.131,1304.5131000000001,0.6,H,T,Lose,5,3,,7,8732.690999999999,873.2691,0.4,T,T,Win,3,5,,7,5845.851,584.5851,0.8,H,H,Win,6,2,,7,10673.288999999999,1067.3289,0.8,H,H,Win,6,2,,7,13045.131000000001,1304.5131000000001,0.1,T,T,Win,1,7,,7,13045.131000000001,1304.5131000000001,0.2,T,H,Lose,2,6,,7,10673.289,1067.3289000000002,0.9,H,H,Win,7,1,,7,10673.289,1067.3289000000002,0.5,H,T,Lose,4,4,,7,10673.288999999999,1067.3289,0.6,H,H,Win,5,3,,7,8732.690999999999,873.2691,0.4,T,T,Win,3,5,,7,13045.131,1304.5131000000001,0.5,T,H,Lose,4,4,,7,8732.690999999999,873.2691,0.4,T,T,Win,3,5,,7,10673.289,1067.3289000000002,0.6,H,T,Lose,5,3,,7,13045.131000000001,1304.5131000000001,0.2,T,T,Win,2,6,,7,7144.929,714.4929000000001,0.5,T,H,Lose,4,4,,7,7144.929,714.4929000000001,0.4,T,T,Win,3,5,,7,13045.131000000001,1304.5131000000001,0.2,T,H,Lose,2,6,,7,10673.289,1067.3289000000002,0.8,H,H,Win,6,2,,7,10673.289,1067.3289000000002,0.2,T,T,Win,2,6,,7,8732.690999999999,873.2691,0.8,H,H,Win,6,2,,7,8732.690999999999,873.2691,0.5,T,H,Lose,4,4,,7,10673.289,1067.3289000000002,0.8,H,H,Win,6,2,,7,19487.171000000002,1948.7171000000003,1.0,H,H,Win,8,0,,7,15944.049,1594.4049000000002,0.2,T,T,Win,2,6,,7,7144.929,714.4929000000001,0.4,T,T,Win,3,5,,7,8732.690999999999,873.2691,0.5,T,H,Lose,4,4,,7,10673.289,1067.3289000000002,0.9,H,H,Win,7,1,,7,7144.929,714.4929000000001,0.8,H,H,Win,6,2,,7,10673.289,1067.3289000000002,0.4,T,H,Lose,3,5,,7,10673.288999999999,1067.3289,0.4,T,H,Lose,3,5,,7,8732.690999999999,873.2691,0.6,T,H,Lose,5,3,,7,5845.851,584.5851,0.6,H,T,Lose,5,3,,7,15944.049,1594.4049000000002,0.1,T,H,Lose,1,7,,7,10673.289,1067.3289000000002,0.8,H,T,Lose,6,2,,7,8732.690999999999,873.2691,0.4,T,T,Win,3,5,,7,13045.131,1304.5131000000001,0.6,H,T,Lose,5,3,,7,8732.690999999999,873.2691,0.5,T,H,Lose,4,4,,7,5845.851,584.5851,0.6,H,T,Lose,5,3,,7,8732.690999999999,873.2691,0.5,T,T,Win,4,4,,7,8732.690999999999,873.2691,0.4,T,T,Win,3,5,,7,7144.928999999999,714.4929,0.6,H,H,Win,5,3,,7,8732.690999999999,873.2691,0.8,H,H,Win,6,2,,7,10673.289,1067.3289000000002,0.6,H,T,Lose,5,3,,7,10673.289,1067.3289000000002,0.6,H,T,Lose,5,3,,7,10673.289,1067.3289000000002,0.4,T,H,Lose,3,5,,7,8732.690999999999,873.2691,0.5,T,H,Lose,4,4,,7,7144.929,714.4929000000001,0.6,H,H,Win,5,3,,7,7144.928999999999,714.4929,0.6,H,H,Win,5,3,,7,7144.929,714.4929000000001,0.8,H,H,Win,6,2,,7,10673.289,1067.3289000000002,0.8,H,H,Win,6,2,,7,8732.690999999999,873.2691,0.4,T,T,Win,3,5,,7,10673.289,1067.3289000000002,0.6,H,T,Lose,5,3,,7,8732.690999999999,873.2691,0.4,T,T,Win,3,5,,7,13045.131000000001,1304.5131000000001,0.4,T,H,Lose,3,5,,7,8732.690999999999,873.2691,0.5,T,H,Lose,4,4,,7,8732.690999999999,873.2691,0.4,T,T,Win,3,5,,7,10673.289,1067.3289000000002,0.6,H,T,Lose,5,3,,7,10673.289,1067.3289000000002,0.5,H,T,Lose,4,4,,7,10673.289,1067.3289000000002,0.4,T,T,Win,3,5,,7,7144.929,714.4929000000001,0.8,H,H,Win,6,2,,7,8732.690999999999,873.2691,0.5,T,H,Lose,4,4,,7,7144.929,714.4929000000001,0.6,H,H,Win,5,3,,7,5845.851,584.5851,0.6,H,H,Win,5,3,,7,5845.851,584.5851,0.5,T,H,Lose,4,4,,7,8732.690999999999,873.2691,0.6,T,H,Lose,5,3,,7,8732.691,873.2691000000001,0.8,H,H,Win,6,2,,7,7144.928999999999,714.4929,0.6,T,H,Lose,5,3,,7,8732.690999999999,873.2691,0.5,H,T,Lose,4,4,,7,15944.049,1594.4049000000002,0.9,H,H,Win,7,1,,7,10673.289,1067.3289000000002,0.6,H,T,Lose,5,3,,7,5845.851000000001,584.5851000000001,0.6,T,H,Lose,5,3,,7,7144.929,714.4929000000001,0.4,T,T,Win,3,5,,7,7144.928999999999,714.4929,0.6,H,H,Win,5,3,,7,7144.929,714.4929000000001,0.6,H,H,Win,5,3,,7,10673.289,1067.3289000000002,0.4,T,H,Lose,3,5,,7,7144.928999999999,714.4929,0.4,T,T,Win,3,5,,7,8732.690999999999,873.2691,0.5,T,T,Win,4,4,,7,13045.131000000001,1304.5131000000001,0.2,T,T,Win,2,6,,7,10673.289,1067.3289000000002,0.4,T,H,Lose,3,5,,7,8732.690999999999,873.2691,0.5,T,H,Lose,4,4,,7,10673.289,1067.3289000000002,0.2,T,T,Win,2,6,,7,13045.131,1304.5131000000001,0.8,H,H,Win,6,2,,7,8732.690999999999,873.2691,0.6,T,H,Lose,5,3,,7,7144.928999999999,714.4929,0.5,T,T,Win,4,4,,7,10673.289,1067.3289000000002,0.2,T,T,Win,2,6,,7,15944.049,1594.4049000000002,0.8,H,T,Lose,6,2,,7,5845.851000000001,584.5851000000001,0.5,T,T,Win,4,4,,7,8732.690999999999,873.2691,0.5,T,H,Lose,4,4,,7,10673.289,1067.3289000000002,0.2,T,T,Win,2,6,,7,8732.691,873.2691000000001,0.6,H,T,Lose,5,3,,7,15944.049,1594.4049000000002,0.8,H,T,Lose,6,2,,7,8732.690999999999,873.2691,0.4,T,T,Win,3,5,,7,10673.289,1067.3289000000002,0.4,T,T,Win,3,5,,7,7144.928999999999,714.4929,0.6,H,H,Win,5,3,,7,8732.690999999999,873.2691,0.5,T,H,Lose,4,4,,7,8732.690999999999,873.2691,0.8,H,H,Win,6,2,,7,10673.288999999999,1067.3289,0.4,T,T,Win,3,5,,7,7144.929,714.4929000000001,0.6,H,H,Win,5,3,,7,8732.690999999999,873.2691,0.6,T,H,Lose,5,3,,7,13045.131000000001,1304.5131000000001,0.5,T,H,Lose,4,4,,7,15944.049,1594.4049000000002,0.1,T,T,Win,1,7,,7,7144.929,714.4929000000001,0.6,H,T,Lose,5,3,,7,10673.289,1067.3289000000002,0.2,T,T,Win,2,6,,7,10673.289,1067.3289000000002,0.5,T,T,Win,4,4,,7,10673.289,1067.3289000000002,0.4,T,H,Lose,3,5,,7,8732.690999999999,873.2691,0.4,T,T,Win,3,5,,7,10673.289,1067.3289000000002,0.2,T,T,Win,2,6,,7,7144.929,714.4929000000001,0.4,T,T,Win,3,5,,7,8732.690999999999,873.2691,0.5,T,H,Lose,4,4,,7,5845.851000000001,584.5851000000001,0.6,T,H,Lose,5,3,,7,7144.929,714.4929000000001,0.5,T,H,Lose,4,4,,7,19487.171000000002,1948.7171000000003,0.2,T,H,Lose,2,6,,7,8732.690999999999,873.2691,0.4,T,T,Win,3,5,,7,8732.690999999999,873.2691,0.8,H,H,Win,6,2,,7,10673.289,1067.3289000000002,0.6,H,T,Lose,5,3,,7,10673.289,1067.3289000000002,0.2,T,T,Win,2,6,,7,13045.131000000001,1304.5131000000001,0.2,T,H,Lose,2,6,,7,10673.289,1067.3289000000002,0.4,T,T,Win,3,5,,7,8732.690999999999,873.2691,0.4,T,T,Win,3,5,,7,8732.691,873.2691000000001,0.8,H,T,Lose,6,2,,7,5845.851000000001,584.5851000000001,0.5,T,T,Win,4,4,,7,10673.289,1067.3289000000002,0.8,H,H,Win,6,2,,7,10673.289,1067.3289000000002,0.2,T,T,Win,2,6,,7,10673.289,1067.3289000000002,0.8,H,H,Win,6,2,,7,13045.131,1304.5131000000001,0.6,H,T,Lose,5,3,,7,13045.131000000001,1304.5131000000001,0.9,H,H,Win,7,1,,7,7144.928999999999,714.4929,0.4,T,T,Win,3,5,,7,8732.691,873.2691000000001,0.8,H,H,Win,6,2,,7,8732.690999999999,873.2691,0.5,T,H,Lose,4,4,,7,15944.049,1594.4049000000002,0.9,H,T,Lose,7,1,,7,10673.289,1067.3289000000002,0.6,H,T,Lose,5,3,,7,8732.690999999999,873.2691,0.4,T,T,Win,3,5,,7,10673.289,1067.3289000000002,0.4,T,H,Lose,3,5,,7,8732.690999999999,873.2691,0.5,H,T,Lose,4,4,,7,8732.691,873.2691000000001,0.8,H,T,Lose,6,2,,7,4782.969,478.29690000000005,0.6,H,H,Win,5,3,,7,10673.289,1067.3289000000002,0.2,T,T,Win,2,6,,7,10673.289,1067.3289000000002,0.2,T,T,Win,2,6,,7,13045.131,1304.5131000000001,0.8,H,H,Win,6,2,,7,10673.289,1067.3289000000002,0.4,T,T,Win,3,5,,7,8732.690999999999,873.2691,0.5,T,H,Lose,4,4,,7,10673.289,1067.3289000000002,0.2,T,T,Win,2,6,,7,8732.690999999999,873.2691,0.5,T,H,Lose,4,4,,7,13045.131,1304.5131000000001,0.5,T,H,Lose,4,4,,7,13045.131000000001,1304.5131000000001,0.6,H,T,Lose,5,3,,7,13045.131,1304.5131000000001,0.2,T,T,Win,2,6,,7,8732.690999999999,873.2691,0.5,H,T,Lose,4,4,,7,15944.049,1594.4049000000002,0.4,T,H,Lose,3,5,,7,7144.929,714.4929000000001,0.5,T,H,Lose,4,4,,7,8732.690999999999,873.2691,0.5,H,T,Lose,4,4,,7,13045.131,1304.5131000000001,0.5,T,H,Lose,4,4,,7,10673.289,1067.3289000000002,0.2,T,T,Win,2,6,,7,10673.289,1067.3289000000002,0.2,T,T,Win,2,6,,7,8732.690999999999,873.2691,0.5,H,T,Lose,4,4,,7,13045.131,1304.5131000000001,0.8,H,H,Win,6,2,,7,19487.171000000002,1948.7171000000003,0.1,T,T,Win,1,7,,7,13045.131,1304.5131000000001,0.8,H,H,Win,6,2,,7,10673.288999999999,1067.3289,0.6,H,H,Win,5,3,,7,10673.289,1067.3289000000002,0.4,T,T,Win,3,5,,7,8732.690999999999,873.2691,0.5,T,H,Lose,4,4,,7,8732.690999999999,873.2691,0.4,T,T,Win,3,5,,7,8732.690999999999,873.2691,0.4,T,T,Win,3,5,,7,5845.851000000001,584.5851000000001,0.5,H,T,Lose,4,4,,7,8732.690999999999,873.2691,0.5,T,H,Lose,4,4,,7,8732.691,873.2691000000001,0.4,T,T,Win,3,5,,7,13045.131000000001,1304.5131000000001,0.8,H,T,Lose,6,2,,7,10673.289,1067.3289000000002,0.4,T,H,Lose,3,5,,7,5845.851000000001,584.5851000000001,0.6,T,H,Lose,5,3,,7,8732.690999999999,873.2691,0.4,T,T,Win,3,5,,7,19487.171000000002,1948.7171000000003,0.2,T,H,Lose,2,6,,7,8732.690999999999,873.2691,0.6,H,H,Win,5,3,,7,13045.131,1304.5131000000001,0.2,T,H,Lose,2,6,,7,10673.289,1067.3289000000002,0.4,T,H,Lose,3,5,,7,13045.131000000001,1304.5131000000001,0.1,T,T,Win,1,7,,7,13045.131000000001,1304.5131000000001,0.4,T,H,Lose,3,5,,7,10673.288999999999,1067.3289,0.6,T,H,Lose,5,3,,7,4782.969,478.29690000000005,0.6,T,H,Lose,5,3,,7,13045.131,1304.5131000000001,0.5,T,H,Lose,4,4,,7,8732.690999999999,873.2691,0.4,T,T,Win,3,5,,7,10673.289,1067.3289000000002,0.8,H,H,Win,6,2,,7,10673.288999999999,1067.3289,0.6,T,H,Lose,5,3,,7,13045.131000000001,1304.5131000000001,0.8,H,T,Lose,6,2,,7,15944.049,1594.4049000000002,1.0,H,H,Win,8,0,,7,8732.690999999999,873.2691,0.4,T,T,Win,3,5,,7,8732.690999999999,873.2691,0.4,T,T,Win,3,5,,7,10673.289,1067.3289000000002,0.2,T,T,Win,2,6,,7,7144.929,714.4929000000001,0.5,H,T,Lose,4,4,,7,8732.690999999999,873.2691,0.5,H,T,Lose,4,4,,7,8732.690999999999,873.2691,0.4,T,T,Win,3,5,,7,8732.691,873.2691000000001,0.6,H,T,Lose,5,3,,7,15944.049,1594.4049000000002,0.2,T,T,Win,2,6,,7,5845.851000000001,584.5851000000001,0.6,T,H,Lose,5,3,,7,10673.289,1067.3289000000002,0.4,T,H,Lose,3,5,,7,10673.288999999999,1067.3289,0.5,H,T,Lose,4,4,,7,8732.690999999999,873.2691,0.4,T,T,Win,3,5,,7,10673.289,1067.3289000000002,0.8,H,H,Win,6,2,,7,8732.690999999999,873.2691,0.4,T,T,Win,3,5,,7,10673.288999999999,1067.3289,0.4,T,H,Lose,3,5,,7,7144.929,714.4929000000001,0.6,H,T,Lose,5,3,,7,8732.690999999999,873.2691,0.4,T,T,Win,3,5,,7,7144.928999999999,714.4929,0.6,H,H,Win,5,3,,7,8732.691,873.2691000000001,0.4,T,T,Win,3,5,,7,10673.289,1067.3289000000002,0.5,T,T,Win,4,4,,7,7144.929,714.4929000000001,0.8,H,H,Win,6,2,,7,10673.289,1067.3289000000002,0.4,T,T,Win,3,5,,7,4782.969,478.29690000000005,0.5,T,T,Win,4,4,,7,10673.289,1067.3289000000002,0.2,T,T,Win,2,6,,7,15944.049,1594.4049000000002,0.8,H,T,Lose,6,2,,7,13045.131000000001,1304.5131000000001,0.8,H,T,Lose,6,2,,7,10673.289,1067.3289000000002,0.4,T,H,Lose,3,5,,7,10673.289,1067.3289000000002,0.5,T,H,Lose,4,4,,7,8732.690999999999,873.2691,0.5,T,H,Lose,4,4,,7,10673.289,1067.3289000000002,0.4,T,H,Lose,3,5,,7,8732.690999999999,873.2691,0.4,T,T,Win,3,5,,7,7144.928999999999,714.4929,0.6,T,H,Lose,5,3,,7,10673.289,1067.3289000000002,0.5,H,T,Lose,4,4,,7,10673.289,1067.3289000000002,0.5,T,H,Lose,4,4,,7,8732.690999999999,873.2691,0.4,T,T,Win,3,5,,7,8732.691,873.2691000000001,0.8,H,H,Win,6,2,,7,10673.288999999999,1067.3289,0.6,H,H,Win,5,3,,7,10673.289,1067.3289000000002,0.4,T,H,Lose,3,5,,7,8732.690999999999,873.2691,0.5,T,H,Lose,4,4,,7,15944.049,1594.4049000000002,0.9,H,H,Win,7,1,,7,8732.690999999999,873.2691,0.5,H,T,Lose,4,4,,7,13045.131000000001,1304.5131000000001,0.9,H,H,Win,7,1,,7,5845.851000000001,584.5851000000001,0.6,T,H,Lose,5,3,,7,10673.289,1067.3289000000002,0.2,T,T,Win,2,6,,7,13045.131000000001,1304.5131000000001,0.8,H,H,Win,6,2,,7,10673.289,1067.3289000000002,0.2,T,T,Win,2,6,,7,15944.049,1594.4049000000002,0.0,T,T,Win,0,8,,7,10673.288999999999,1067.3289,0.5,T,T,Win,4,4,,7,7144.928999999999,714.4929,0.6,T,H,Lose,5,3,,7,10673.289,1067.3289000000002,0.4,T,H,Lose,3,5,,7,10673.289,1067.3289000000002,0.4,T,H,Lose,3,5,,7,10673.289,1067.3289000000002,0.4,T,T,Win,3,5,,7,8732.690999999999,873.2691,0.6,T,H,Lose,5,3,,7,8732.690999999999,873.2691,0.4,T,T,Win,3,5,,7,8732.690999999999,873.2691,0.5,T,H,Lose,4,4,,7,8732.690999999999,873.2691,0.5,H,T,Lose,4,4,,7,7144.929,714.4929000000001,0.5,T,H,Lose,4,4,,7,10673.289,1067.3289000000002,0.4,T,H,Lose,3,5,,7,7144.929,714.4929000000001,0.5,T,H,Lose,4,4,,7,8732.690999999999,873.2691,0.4,T,T,Win,3,5,,7,13045.131,1304.5131000000001,0.4,T,T,Win,3,5,,7,15944.049,1594.4049000000002,0.4,T,H,Lose,3,5,,7,13045.131,1304.5131000000001,0.2,T,H,Lose,2,6,,7,7144.929,714.4929000000001,0.6,H,H,Win,5,3,,7,13045.131000000001,1304.5131000000001,0.4,T,T,Win,3,5,,7,10673.289,1067.3289000000002,0.4,T,T,Win,3,5,,7,8732.691,873.2691000000001,0.8,H,T,Lose,6,2,,7,13045.131000000001,1304.5131000000001,0.8,H,T,Lose,6,2,,7,13045.131,1304.5131000000001,0.5,T,H,Lose,4,4,,7,13045.131000000001,1304.5131000000001,0.1,T,T,Win,1,7,,7,10673.288999999999,1067.3289,0.6,H,H,Win,5,3,,7,8732.690999999999,873.2691,0.4,T,T,Win,3,5,,7,7144.929,714.4929000000001,0.5,T,H,Lose,4,4,,7,7144.928999999999,714.4929,0.5,H,T,Lose,4,4,,7,8732.690999999999,873.2691,0.5,T,H,Lose,4,4,,7,13045.131,1304.5131000000001,0.1,T,T,Win,1,7,,7,13045.131,1304.5131000000001,0.2,T,T,Win,2,6,,7,10673.289,1067.3289000000002,0.2,T,T,Win,2,6,,7,8732.690999999999,873.2691,0.4,T,T,Win,3,5,,7,13045.131,1304.5131000000001,0.1,T,T,Win,1,7,,7,10673.289,1067.3289000000002,0.8,H,H,Win,6,2,,7,8732.690999999999,873.2691,0.6,H,T,Lose,5,3,,7,13045.131000000001,1304.5131000000001,0.4,T,H,Lose,3,5,,7,7144.929,714.4929000000001,0.5,T,H,Lose,4,4,,7,13045.131,1304.5131000000001,0.6,H,T,Lose,5,3,,7,10673.288999999999,1067.3289,0.6,H,T,Lose,5,3,,7,10673.289,1067.3289000000002,0.4,T,T,Win,3,5,,7,10673.289,1067.3289000000002,0.6,H,T,Lose,5,3,,7,10673.289,1067.3289000000002,0.2,T,T,Win,2,6,,7,7144.929,714.4929000000001,0.5,H,T,Lose,4,4,,7,13045.131,1304.5131000000001,0.2,T,H,Lose,2,6,,7,10673.289,1067.3289000000002,0.4,T,H,Lose,3,5,,7,7144.928999999999,714.4929,0.6,T,H,Lose,5,3,,7,8732.690999999999,873.2691,0.5,H,T,Lose,4,4,,7,13045.131,1304.5131000000001,0.8,H,T,Lose,6,2,,7,8732.690999999999,873.2691,0.5,T,H,Lose,4,4,,7,4782.969,478.29690000000005,0.6,H,H,Win,5,3,,7,10673.288999999999,1067.3289,0.5,T,T,Win,4,4,,7,7144.928999999999,714.4929,0.5,T,T,Win,4,4,,7,15944.049,1594.4049000000002,0.8,H,T,Lose,6,2,,7,7144.929,714.4929000000001,0.8,H,H,Win,6,2,,7,8732.690999999999,873.2691,0.5,T,H,Lose,4,4,,7,8732.690999999999,873.2691,0.5,H,T,Lose,4,4,,7,13045.131,1304.5131000000001,0.8,H,H,Win,6,2,,7,10673.289,1067.3289000000002,0.5,T,H,Lose,4,4,,7,15944.049,1594.4049000000002,0.9,H,H,Win,7,1,,7,10673.289,1067.3289000000002,0.4,T,H,Lose,3,5,,7,15944.049,1594.4049000000002,0.2,T,T,Win,2,6,,7,10673.289,1067.3289000000002,0.2,T,T,Win,2,6,,7,10673.289,1067.3289000000002,0.4,T,H,Lose,3,5,,7,7144.928999999999,714.4929,0.6,H,H,Win,5,3,,7,10673.289,1067.3289000000002,0.4,T,T,Win,3,5,,7,10673.289,1067.3289000000002,0.5,T,H,Lose,4,4,,7,10673.289,1067.3289000000002,0.8,H,H,Win,6,2,,7,13045.131,1304.5131000000001,0.4,T,H,Lose,3,5,,7,8732.690999999999,873.2691,0.4,T,T,Win,3,5,,7,13045.131,1304.5131000000001,0.8,H,H,Win,6,2,,7,10673.289,1067.3289000000002,0.6,H,T,Lose,5,3,,7,10673.288999999999,1067.3289,0.6,H,T,Lose,5,3,,7,10673.289,1067.3289000000002,0.4,T,T,Win,3,5,,7,13045.131,1304.5131000000001,0.4,T,T,Win,3,5,,7,7144.929,714.4929000000001,0.5,H,T,Lose,4,4,,7,10673.289,1067.3289000000002,0.4,T,H,Lose,3,5,,7,10673.289,1067.3289000000002,0.2,T,T,Win,2,6,,7,13045.131,1304.5131000000001,0.6,H,T,Lose,5,3,,7,15944.049,1594.4049000000002,0.9,H,H,Win,7,1,,7,13045.131000000001,1304.5131000000001,0.2,T,H,Lose,2,6,,7,10673.289,1067.3289000000002,0.6,T,H,Lose,5,3,,7,15944.049,1594.4049000000002,0.0,T,T,Win,0,8,,7,15944.049,1594.4049000000002,0.1,T,H,Lose,1,7,,7,5845.851000000001,584.5851000000001,0.6,H,H,Win,5,3,,7,15944.049,1594.4049000000002,0.2,T,T,Win,2,6,,7,8732.690999999999,873.2691,0.4,T,T,Win,3,5,,7,8732.690999999999,873.2691,0.4,T,T,Win,3,5,,7,13045.131000000001,1304.5131000000001,0.1,T,T,Win,1,7,,7,10673.288999999999,1067.3289,0.5,T,T,Win,4,4,,7,8732.690999999999,873.2691,0.5,H,T,Lose,4,4,,7,5845.851000000001,584.5851000000001,0.5,H,T,Lose,4,4,,7,10673.289,1067.3289000000002,0.4,T,H,Lose,3,5,,7,7144.929,714.4929000000001,0.8,H,H,Win,6,2,,7,10673.289,1067.3289000000002,0.8,H,H,Win,6,2,,7,7144.928999999999,714.4929,0.6,H,H,Win,5,3,,7,8732.691,873.2691000000001,0.4,T,T,Win,3,5,,7,13045.131,1304.5131000000001,0.8,H,T,Lose,6,2,,7,13045.131000000001,1304.5131000000001,0.9,H,H,Win,7,1,,7,7144.929,714.4929000000001,0.5,T,H,Lose,4,4,,7,13045.131,1304.5131000000001,0.5,T,H,Lose,4,4,,7,10673.289,1067.3289000000002,0.4,T,T,Win,3,5,,7,8732.690999999999,873.2691,0.5,T,H,Lose,4,4,,7,8732.690999999999,873.2691,0.5,H,T,Lose,4,4,,7,10673.289,1067.3289000000002,0.4,T,H,Lose,3,5,,7,13045.131000000001,1304.5131000000001,0.5,T,H,Lose,4,4,,7,13045.131,1304.5131000000001,0.1,T,T,Win,1,7,,7,15944.049,1594.4049000000002,1.0,H,H,Win,8,0,,7,7144.929,714.4929000000001,0.8,H,H,Win,6,2,,7,10673.289,1067.3289000000002,0.8,H,H,Win,6,2,,7,8732.690999999999,873.2691,0.4,T,T,Win,3,5,,7,15944.049,1594.4049000000002,0.1,T,H,Lose,1,7,,7,10673.289,1067.3289000000002,0.4,T,H,Lose,3,5,,7,7144.928999999999,714.4929,0.4,T,T,Win,3,5,,7,13045.131,1304.5131000000001,0.4,T,T,Win,3,5,,7,10673.289,1067.3289000000002,0.5,T,H,Lose,4,4,,7,13045.131,1304.5131000000001,0.4,T,H,Lose,3,5,,7,13045.131000000001,1304.5131000000001,0.2,T,H,Lose,2,6,,7,7144.928999999999,714.4929,0.6,H,H,Win,5,3,,7,13045.131000000001,1304.5131000000001,0.8,H,T,Lose,6,2,,7,8732.690999999999,873.2691,0.5,T,H,Lose,4,4,,7,8732.690999999999,873.2691,0.5,T,H,Lose,4,4,,7,13045.131000000001,1304.5131000000001,0.4,T,H,Lose,3,5,,7,13045.131000000001,1304.5131000000001,0.8,H,T,Lose,6,2,,7,10673.289,1067.3289000000002,0.8,H,H,Win,6,2,,7,10673.289,1067.3289000000002,0.4,T,H,Lose,3,5,,7,13045.131000000001,1304.5131000000001,0.1,T,T,Win,1,7,,7,8732.691,873.2691000000001,0.4,T,T,Win,3,5,,7,15944.049,1594.4049000000002,0.2,T,T,Win,2,6,,7,13045.131,1304.5131000000001,0.4,T,T,Win,3,5,,7,13045.131,1304.5131000000001,0.5,T,H,Lose,4,4,,7,10673.289,1067.3289000000002,0.4,T,T,Win,3,5,,7,10673.289,1067.3289000000002,0.2,T,T,Win,2,6,,7,5845.851000000001,584.5851000000001,0.5,H,T,Lose,4,4,,7,7144.928999999999,714.4929,0.6,T,H,Lose,5,3,,7,7144.928999999999,714.4929,0.6,H,H,Win,5,3,,7,7144.928999999999,714.4929,0.6,H,H,Win,5,3,,7,7144.928999999999,714.4929,0.6,T,H,Lose,5,3,,7,8732.690999999999,873.2691,0.5,T,H,Lose,4,4,,7,7144.928999999999,714.4929,0.5,H,T,Lose,4,4,,7,10673.288999999999,1067.3289,0.4,T,H,Lose,3,5,,7,15944.049,1594.4049000000002,0.2,T,H,Lose,2,6,,7,8732.691,873.2691000000001,0.6,H,T,Lose,5,3,,7,15944.049,1594.4049000000002,1.0,H,H,Win,8,0,,7,7144.928999999999,714.4929,0.5,H,T,Lose,4,4,,7,13045.131000000001,1304.5131000000001,0.2,T,T,Win,2,6,,7,13045.131,1304.5131000000001,0.6,H,T,Lose,5,3,,7,13045.131,1304.5131000000001,0.4,T,T,Win,3,5,,7,10673.289,1067.3289000000002,0.2,T,T,Win,2,6,,7,13045.131,1304.5131000000001,0.5,T,H,Lose,4,4,,7,7144.929,714.4929000000001,0.5,T,H,Lose,4,4,,7,8732.690999999999,873.2691,0.5,T,H,Lose,4,4,,7,8732.691,873.2691000000001,0.6,H,T,Lose,5,3,,7,8732.690999999999,873.2691,0.4,T,T,Win,3,5,,7,13045.131,1304.5131000000001,0.4,T,T,Win,3,5,,7,5845.851,584.5851,0.4,T,T,Win,3,5,,7,8732.690999999999,873.2691,0.6,H,H,Win,5,3,,7,10673.289,1067.3289000000002,0.4,T,H,Lose,3,5,,7,8732.690999999999,873.2691,0.6,H,H,Win,5,3,,7,10673.289,1067.3289000000002,0.2,T,T,Win,2,6,,7,10673.289,1067.3289000000002,0.4,T,H,Lose,3,5,,7,8732.690999999999,873.2691,0.5,H,T,Lose,4,4,,7,13045.131,1304.5131000000001,0.6,H,T,Lose,5,3,,7,10673.289,1067.3289000000002,0.6,H,T,Lose,5,3,,7,10673.289,1067.3289000000002,0.5,T,H,Lose,4,4,,7,19487.171000000002,1948.7171000000003,1.0,H,H,Win,8,0,,7,8732.690999999999,873.2691,0.4,T,T,Win,3,5,,7,8732.690999999999,873.2691,0.5,T,T,Win,4,4,,7,8732.690999999999,873.2691,0.5,H,T,Lose,4,4,,7,10673.289,1067.3289000000002,0.4,T,H,Lose,3,5,,7,10673.289,1067.3289000000002,0.4,T,H,Lose,3,5,,7,13045.131000000001,1304.5131000000001,0.1,T,T,Win,1,7,,7,8732.690999999999,873.2691,0.4,T,T,Win,3,5,,7,7144.928999999999,714.4929,0.6,T,H,Lose,5,3,,7,10673.289,1067.3289000000002,0.4,T,T,Win,3,5,,7,10673.289,1067.3289000000002,0.4,T,T,Win,3,5,,7,13045.131000000001,1304.5131000000001,0.6,H,T,Lose,5,3,,7,7144.928999999999,714.4929,0.6,T,H,Lose,5,3,,7,5845.851,584.5851,0.8,H,H,Win,6,2,,7,10673.289,1067.3289000000002,0.2,T,T,Win,2,6,,7,10673.289,1067.3289000000002,0.2,T,T,Win,2,6,,7,7144.928999999999,714.4929,0.5,H,T,Lose,4,4,,7,7144.929,714.4929000000001,0.5,H,T,Lose,4,4,,7,8732.690999999999,873.2691,0.8,H,H,Win,6,2,,7,10673.289,1067.3289000000002,0.2,T,T,Win,2,6,,7,13045.131000000001,1304.5131000000001,0.2,T,H,Lose,2,6,,7,8732.690999999999,873.2691,0.6,T,H,Lose,5,3,,7,8732.691,873.2691000000001,0.6,H,T,Lose,5,3,,7,15944.049,1594.4049000000002,0.2,T,T,Win,2,6,,7,13045.131,1304.5131000000001,0.5,T,H,Lose,4,4,,7,10673.289,1067.3289000000002,0.8,H,H,Win,6,2,,7,13045.131000000001,1304.5131000000001,0.1,T,T,Win,1,7,,7,13045.131000000001,1304.5131000000001,0.4,T,T,Win,3,5,,7,10673.289,1067.3289000000002,0.4,T,H,Lose,3,5,,7,8732.690999999999,873.2691,0.5,T,T,Win,4,4,,7,13045.131000000001,1304.5131000000001,0.1,T,T,Win,1,7,,7,10673.289,1067.3289000000002,0.2,T,T,Win,2,6,,7,13045.131,1304.5131000000001,0.2,T,H,Lose,2,6,,7,7144.928999999999,714.4929,0.6,T,H,Lose,5,3,,7,8732.690999999999,873.2691,0.5,T,H,Lose,4,4,,7,13045.131000000001,1304.5131000000001,0.2,T,H,Lose,2,6,,7,8732.690999999999,873.2691,0.4,T,T,Win,3,5,,7,13045.131,1304.5131000000001,0.1,T,T,Win,1,7,,7,7144.928999999999,714.4929,0.8,H,H,Win,6,2,,7,7144.928999999999,714.4929,0.5,T,T,Win,4,4,,7,8732.690999999999,873.2691,0.6,H,H,Win,5,3,,7,7144.929,714.4929000000001,0.5,H,T,Lose,4,4,,7,10673.289,1067.3289000000002,0.2,T,T,Win,2,6,,7,13045.131000000001,1304.5131000000001,0.9,H,H,Win,7,1,,7,15944.049,1594.4049000000002,0.0,T,T,Win,0,8,,7,10673.289,1067.3289000000002,0.6,H,T,Lose,5,3,,7,7144.929,714.4929000000001,0.5,T,H,Lose,4,4,,7,10673.289,1067.3289000000002,0.2,T,T,Win,2,6,,7,10673.289,1067.3289000000002,0.4,T,T,Win,3,5,,7,13045.131000000001,1304.5131000000001,0.2,T,T,Win,2,6,,7,8732.690999999999,873.2691,0.5,T,H,Lose,4,4,,7,10673.288999999999,1067.3289,0.6,T,H,Lose,5,3,,7,13045.131,1304.5131000000001,0.6,H,T,Lose,5,3,,7,13045.131000000001,1304.5131000000001,0.1,T,T,Win,1,7,,7,8732.690999999999,873.2691,0.5,H,T,Lose,4,4,,7,10673.288999999999,1067.3289,0.8,H,H,Win,6,2,,7,10673.289,1067.3289000000002,0.6,H,T,Lose,5,3,,7,10673.289,1067.3289000000002,0.2,T,T,Win,2,6,,7,10673.289,1067.3289000000002,0.6,H,T,Lose,5,3,,7,10673.289,1067.3289000000002,0.9,H,H,Win,7,1,,7,10673.289,1067.3289000000002,0.4,T,H,Lose,3,5,,7,10673.289,1067.3289000000002,0.4,T,T,Win,3,5,,7,8732.690999999999,873.2691,0.4,T,T,Win,3,5,,7,8732.690999999999,873.2691,0.4,T,T,Win,3,5,,7,7144.928999999999,714.4929,0.5,H,T,Lose,4,4,,7,7144.928999999999,714.4929,0.6,T,H,Lose,5,3,,7,13045.131,1304.5131000000001,0.8,H,H,Win,6,2,,7,13045.131000000001,1304.5131000000001,0.1,T,T,Win,1,7,,7,13045.131,1304.5131000000001,0.4,T,T,Win,3,5,,7,13045.131000000001,1304.5131000000001,0.8,H,T,Lose,6,2,,7,7144.929,714.4929000000001,0.8,H,H,Win,6,2,,7,5845.851,584.5851,0.8,H,H,Win,6,2,,7,13045.131,1304.5131000000001,0.6,H,T,Lose,5,3,,7,10673.289,1067.3289000000002,0.2,T,T,Win,2,6,,7,10673.289,1067.3289000000002,0.6,H,T,Lose,5,3,,7,10673.289,1067.3289000000002,0.6,H,T,Lose,5,3,,7,8732.691,873.2691000000001,0.9,H,H,Win,7,1,,7,8732.690999999999,873.2691,0.5,T,H,Lose,4,4,,7,7144.928999999999,714.4929,0.6,H,H,Win,5,3,,7,15944.049,1594.4049000000002,0.2,T,H,Lose,2,6,,7,7144.928999999999,714.4929,0.6,H,H,Win,5,3,,7,8732.690999999999,873.2691,0.8,H,H,Win,6,2,,7,13045.131,1304.5131000000001,0.9,H,H,Win,7,1,,7,13045.131000000001,1304.5131000000001,0.6,H,T,Lose,5,3,,7,7144.929,714.4929000000001,0.6,H,T,Lose,5,3,,7,10673.289,1067.3289000000002,0.4,T,H,Lose,3,5,,7,13045.131,1304.5131000000001,0.6,H,T,Lose,5,3,,7,5845.851000000001,584.5851000000001,0.6,T,H,Lose,5,3,,7,13045.131000000001,1304.5131000000001,0.4,T,T,Win,3,5,,7,7144.929,714.4929000000001,0.5,T,T,Win,4,4,,7,7144.929,714.4929000000001,0.5,T,H,Lose,4,4,,7,10673.289,1067.3289000000002,0.6,H,T,Lose,5,3,,7,10673.289,1067.3289000000002,0.2,T,T,Win,2,6,,7,5845.851000000001,584.5851000000001,0.6,H,H,Win,5,3,,7,13045.131000000001,1304.5131000000001,0.8,H,H,Win,6,2,,7,5845.851000000001,584.5851000000001,0.6,H,H,Win,5,3,,7,7144.928999999999,714.4929,0.6,H,H,Win,5,3,,7,7144.928999999999,714.4929,0.5,T,T,Win,4,4,,7,13045.131000000001,1304.5131000000001,0.8,H,T,Lose,6,2,,7,8732.690999999999,873.2691,0.5,T,H,Lose,4,4,,7,10673.289,1067.3289000000002,0.4,T,T,Win,3,5,,7,10673.289,1067.3289000000002,0.2,T,T,Win,2,6,,7,13045.131,1304.5131000000001,0.1,T,T,Win,1,7,,7,8732.690999999999,873.2691,0.4,T,T,Win,3,5,,7,15944.049,1594.4049000000002,0.0,T,T,Win,0,8,,7,8732.690999999999,873.2691,0.4,T,T,Win,3,5,,7,10673.289,1067.3289000000002,0.4,T,T,Win,3,5,,7,10673.289,1067.3289000000002,0.6,H,H,Win,5,3,,7,13045.131000000001,1304.5131000000001,0.8,H,T,Lose,6,2,,7,10673.289,1067.3289000000002,0.5,H,T,Lose,4,4,,7,15944.049,1594.4049000000002,0.4,T,H,Lose,3,5,,7,10673.289,1067.3289000000002,0.4,T,T,Win,3,5,,7,8732.690999999999,873.2691,0.5,T,H,Lose,4,4,,7,7144.928999999999,714.4929,0.5,T,H,Lose,4,4,,7,10673.289,1067.3289000000002,0.5,T,H,Lose,4,4,,7,8732.690999999999,873.2691,0.4,T,T,Win,3,5,,7,10673.289,1067.3289000000002,0.4,T,H,Lose,3,5,,7,10673.289,1067.3289000000002,0.6,H,T,Lose,5,3,,7,7144.929,714.4929000000001,0.6,T,H,Lose,5,3,,7,10673.289,1067.3289000000002,0.2,T,T,Win,2,6,,7,8732.690999999999,873.2691,0.4,T,T,Win,3,5,,7,13045.131,1304.5131000000001,0.8,H,H,Win,6,2,,7,13045.131,1304.5131000000001,0.9,H,H,Win,7,1,,7,13045.131,1304.5131000000001,0.6,H,T,Lose,5,3,,7,10673.289,1067.3289000000002,0.4,T,H,Lose,3,5,,7,8732.690999999999,873.2691,0.5,T,H,Lose,4,4,,7,8732.690999999999,873.2691,0.5,T,T,Win,4,4,,7,13045.131,1304.5131000000001,0.2,T,H,Lose,2,6,,7,13045.131000000001,1304.5131000000001,0.2,T,T,Win,2,6,,7,7144.928999999999,714.4929,0.5,T,T,Win,4,4,,7,13045.131,1304.5131000000001,0.4,T,T,Win,3,5,,7,15944.049,1594.4049000000002,0.9,H,H,Win,7,1,,7,10673.289,1067.3289000000002,0.4,T,T,Win,3,5,,7,7144.928999999999,714.4929,0.5,T,T,Win,4,4,,7,8732.690999999999,873.2691,0.4,T,T,Win,3,5,,7,8732.690999999999,873.2691,0.4,T,T,Win,3,5,,7,13045.131,1304.5131000000001,0.4,T,T,Win,3,5,,7,10673.289,1067.3289000000002,0.4,T,H,Lose,3,5,,7,10673.289,1067.3289000000002,0.5,H,T,Lose,4,4,,7,10673.289,1067.3289000000002,0.2,T,T,Win,2,6,,7,8732.690999999999,873.2691,0.4,T,T,Win,3,5,,7,5845.851000000001,584.5851000000001,0.6,T,H,Lose,5,3,,7,10673.289,1067.3289000000002,0.4,T,H,Lose,3,5,,7,13045.131000000001,1304.5131000000001,0.9,H,H,Win,7,1,,7,13045.131,1304.5131000000001,0.4,T,T,Win,3,5,,7,8732.690999999999,873.2691,0.4,T,T,Win,3,5,,7,8732.691,873.2691000000001,0.8,H,H,Win,6,2,,7,7144.928999999999,714.4929,0.5,H,T,Lose,4,4,,7,10673.289,1067.3289000000002,0.5,T,H,Lose,4,4,,7,8732.690999999999,873.2691,0.5,T,H,Lose,4,4,,7,13045.131,1304.5131000000001,0.8,H,H,Win,6,2,,7,10673.289,1067.3289000000002,0.8,H,H,Win,6,2,,7,10673.289,1067.3289000000002,0.4,T,H,Lose,3,5,,7,8732.690999999999,873.2691,0.5,H,T,Lose,4,4,,7,8732.690999999999,873.2691,0.6,H,T,Lose,5,3,,7,7144.928999999999,714.4929,0.5,T,T,Win,4,4,,7,13045.131000000001,1304.5131000000001,0.2,T,H,Lose,2,6,,7,7144.929,714.4929000000001,0.6,T,H,Lose,5,3,,7,7144.929,714.4929000000001,0.6,H,T,Lose,5,3,,7,8732.690999999999,873.2691,0.4,T,T,Win,3,5,,7,10673.289,1067.3289000000002,0.4,T,H,Lose,3,5,,7,10673.289,1067.3289000000002,0.4,T,H,Lose,3,5,,7,13045.131,1304.5131000000001,0.8,H,H,Win,6,2,,7,13045.131,1304.5131000000001,0.8,H,H,Win,6,2,,7,15944.049,1594.4049000000002,0.4,T,H,Lose,3,5,,7,10673.289,1067.3289000000002,0.6,T,H,Lose,5,3,,7,10673.289,1067.3289000000002,0.6,H,T,Lose,5,3,,7,7144.928999999999,714.4929,0.6,H,H,Win,5,3,,7,10673.289,1067.3289000000002,0.4,T,T,Win,3,5,,7,10673.289,1067.3289000000002,0.6,H,T,Lose,5,3,,7,7144.928999999999,714.4929,0.6,H,H,Win,5,3,,7,10673.289,1067.3289000000002,0.5,T,H,Lose,4,4,,7,8732.690999999999,873.2691,0.5,H,T,Lose,4,4,,7,8732.690999999999,873.2691,0.6,H,H,Win,5,3,,7,7144.929,714.4929000000001,0.8,H,H,Win,6,2,,7,7144.929,714.4929000000001,0.6,H,H,Win,5,3,,7,8732.690999999999,873.2691,0.5,T,T,Win,4,4,,7,13045.131000000001,1304.5131000000001,0.1,T,T,Win,1,7,,7,7144.929,714.4929000000001,0.4,T,T,Win,3,5,,7,8732.690999999999,873.2691,0.8,H,H,Win,6,2,,7,10673.289,1067.3289000000002,0.8,H,T,Lose,6,2,,7,8732.690999999999,873.2691,0.4,T,T,Win,3,5,,7,8732.690999999999,873.2691,0.4,T,T,Win,3,5,,7,10673.289,1067.3289000000002,0.4,T,T,Win,3,5,,7,10673.289,1067.3289000000002,0.6,H,T,Lose,5,3,,7,13045.131000000001,1304.5131000000001,0.2,T,T,Win,2,6,,7,8732.690999999999,873.2691,0.5,T,H,Lose,4,4,,7,7144.928999999999,714.4929,0.5,T,T,Win,4,4,,7,5845.851000000001,584.5851000000001,0.6,T,H,Lose,5,3,,7,13045.131,1304.5131000000001,0.6,H,T,Lose,5,3,,7,15944.049,1594.4049000000002,0.2,T,T,Win,2,6,,7,10673.289,1067.3289000000002,0.4,T,H,Lose,3,5,,7,8732.690999999999,873.2691,0.5,H,T,Lose,4,4,,7,7144.928999999999,714.4929,0.6,T,H,Lose,5,3,,7,10673.288999999999,1067.3289,0.6,H,H,Win,5,3,,7,13045.131000000001,1304.5131000000001,0.9,H,H,Win,7,1,,7,8732.690999999999,873.2691,0.4,T,T,Win,3,5,,7,15944.049,1594.4049000000002,0.2,T,T,Win,2,6,,7,8732.690999999999,873.2691,0.4,T,T,Win,3,5,,7,8732.690999999999,873.2691,0.5,T,H,Lose,4,4,,7,7144.929,714.4929000000001,0.6,H,H,Win,5,3,,7,8732.690999999999,873.2691,0.5,T,T,Win,4,4,,7,13045.131000000001,1304.5131000000001,0.2,T,H,Lose,2,6,,7,15944.049,1594.4049000000002,0.2,T,T,Win,2,6,,7,8732.690999999999,873.2691,0.4,T,T,Win,3,5,,7,7144.929,714.4929000000001,0.6,T,H,Lose,5,3,,7,7144.929,714.4929000000001,0.5,T,H,Lose,4,4,,7,15944.049,1594.4049000000002,0.4,T,H,Lose,3,5,,7,13045.131,1304.5131000000001,0.8,H,H,Win,6,2,,7,8732.690999999999,873.2691,0.5,H,T,Lose,4,4,,7,5845.851,584.5851,0.6,T,H,Lose,5,3,,7,5845.851000000001,584.5851000000001,0.5,T,T,Win,4,4,,7,8732.691,873.2691000000001,0.2,T,T,Win,2,6,,7,5845.851000000001,584.5851000000001,0.6,H,H,Win,5,3,,7,8732.690999999999,873.2691,0.4,T,T,Win,3,5,,7,10673.289,1067.3289000000002,0.8,H,H,Win,6,2,,7,10673.289,1067.3289000000002,0.5,T,H,Lose,4,4,,7,7144.929,714.4929000000001,0.4,T,T,Win,3,5,,7,7144.928999999999,714.4929,0.6,H,H,Win,5,3,,7,8732.690999999999,873.2691,0.4,T,T,Win,3,5,,7,10673.289,1067.3289000000002,0.5,T,T,Win,4,4,,7,8732.690999999999,873.2691,0.4,T,T,Win,3,5,,7,13045.131,1304.5131000000001,0.4,T,T,Win,3,5,,7,13045.131000000001,1304.5131000000001,0.5,T,H,Lose,4,4,,7,19487.171000000002,1948.7171000000003,0.9,H,T,Lose,7,1,,7,8732.690999999999,873.2691,0.6,T,H,Lose,5,3,,7,8732.691,873.2691000000001,0.8,H,H,Win,6,2,,7,10673.289,1067.3289000000002,0.2,T,T,Win,2,6,,7,10673.289,1067.3289000000002,0.4,T,H,Lose,3,5,,7,8732.690999999999,873.2691,0.8,H,H,Win,6,2,,7,13045.131000000001,1304.5131000000001,0.4,T,H,Lose,3,5,,7,10673.289,1067.3289000000002,0.2,T,T,Win,2,6,,7,15944.049,1594.4049000000002,0.1,T,H,Lose,1,7,,7,7144.929,714.4929000000001,0.4,T,T,Win,3,5,
8,14349.6441,1434.96441,0.7,H,T,Lose,6,3,,8,17538.4539,1753.8453900000002,0.1,T,T,Win,1,8,,8,6430.4361,643.0436100000001,0.6,H,T,Lose,5,4,,8,9605.9601,960.5960100000001,0.4,T,H,Lose,4,5,,8,9605.9601,960.5960100000001,0.3,T,T,Win,3,6,,8,14349.6441,1434.96441,0.7,H,T,Lose,6,3,,8,9605.960099999998,960.5960099999999,0.6,H,T,Lose,5,4,,8,11740.617900000001,1174.0617900000002,0.3,T,H,Lose,3,6,,8,11740.6179,1174.06179,0.2,T,T,Win,2,7,,8,7859.421899999999,785.94219,0.8,H,H,Win,7,2,,8,9605.9601,960.5960100000001,0.7,H,H,Win,6,3,,8,11740.617900000001,1174.0617900000002,0.2,T,T,Win,2,7,,8,11740.6179,1174.06179,0.6,H,T,Lose,5,4,,8,21435.888100000004,2143.5888100000006,0.2,T,H,Lose,2,7,,8,6430.436099999999,643.04361,0.6,H,T,Lose,5,4,,8,9605.960099999998,960.5960099999999,0.4,T,H,Lose,4,5,,8,9605.960099999998,960.5960099999999,0.3,T,T,Win,3,6,,8,7859.4219,785.9421900000001,0.7,H,H,Win,6,3,,8,11740.617900000001,1174.0617900000002,0.6,H,T,Lose,5,4,,8,11740.6179,1174.06179,0.6,T,H,Lose,5,4,,8,7859.421899999999,785.94219,0.6,H,T,Lose,5,4,,8,6430.4361,643.0436100000001,0.7,H,H,Win,6,3,,8,11740.617900000001,1174.0617900000002,0.3,T,T,Win,3,6,,8,11740.617900000001,1174.0617900000002,0.7,H,T,Lose,6,3,,8,11740.617900000001,1174.0617900000002,0.8,H,T,Lose,7,2,,8,14349.644100000001,1434.9644100000003,0.2,T,H,Lose,2,7,,8,11740.6179,1174.06179,0.6,H,T,Lose,5,4,,8,14349.644100000001,1434.9644100000003,0.2,T,H,Lose,2,7,,8,7859.421899999999,785.94219,0.6,T,H,Lose,5,4,,8,7859.4219,785.9421900000001,0.6,T,H,Lose,5,4,,8,9605.960099999998,960.5960099999999,0.8,H,H,Win,7,2,,8,6430.4361,643.0436100000001,0.4,T,T,Win,4,5,,8,9605.9601,960.5960100000001,0.6,T,H,Lose,5,4,,8,11740.6179,1174.06179,0.3,T,T,Win,3,6,,8,9605.960099999998,960.5960099999999,0.4,T,H,Lose,4,5,,8,11740.617900000001,1174.0617900000002,0.4,T,H,Lose,4,5,,8,11740.617900000001,1174.0617900000002,0.3,T,H,Lose,3,6,,8,7859.421899999999,785.94219,0.4,T,T,Win,4,5,,8,14349.644100000001,1434.9644100000003,0.7,H,T,Lose,6,3,,8,11740.617900000001,1174.0617900000002,0.4,T,H,Lose,4,5,,8,14349.644100000001,1434.9644100000003,0.3,T,T,Win,3,6,,8,11740.617900000001,1174.0617900000002,0.4,T,H,Lose,4,5,,8,11740.617900000001,1174.0617900000002,0.7,H,T,Lose,6,3,,8,7859.421899999999,785.94219,0.4,T,T,Win,4,5,,8,7859.421899999999,785.94219,0.4,T,T,Win,4,5,,8,6430.436100000001,643.0436100000002,0.4,T,T,Win,4,5,,8,9605.9601,960.5960100000001,0.6,H,T,Lose,5,4,,8,5261.2659,526.1265900000001,0.6,H,T,Lose,5,4,,8,11740.6179,1174.06179,0.6,H,T,Lose,5,4,,8,11740.617900000001,1174.0617900000002,0.2,T,T,Win,2,7,,8,6430.436099999999,643.04361,0.6,H,T,Lose,5,4,,8,11740.617900000001,1174.0617900000002,0.2,T,T,Win,2,7,,8,7859.4219,785.9421900000001,0.4,T,T,Win,4,5,,8,17538.4539,1753.8453900000002,0.2,T,T,Win,2,7,,8,11740.617900000001,1174.0617900000002,0.2,T,T,Win,2,7,,8,11740.617900000001,1174.0617900000002,0.3,T,H,Lose,3,6,,8,14349.6441,1434.96441,0.3,T,H,Lose,3,6,,8,11740.617900000001,1174.0617900000002,0.3,T,H,Lose,3,6,,8,7859.4219,785.9421900000001,0.6,T,H,Lose,5,4,,8,7859.421899999999,785.94219,0.7,H,H,Win,6,3,,8,7859.421899999999,785.94219,0.4,T,T,Win,4,5,,8,11740.617900000001,1174.0617900000002,0.7,H,T,Lose,6,3,,8,11740.6179,1174.06179,0.8,H,H,Win,7,2,,8,14349.644100000001,1434.9644100000003,0.2,T,H,Lose,2,7,,8,7859.421899999999,785.94219,0.4,T,T,Win,4,5,,8,9605.960099999998,960.5960099999999,0.6,H,T,Lose,5,4,,8,6430.436100000001,643.0436100000002,0.6,T,H,Lose,5,4,,8,7859.4219,785.9421900000001,0.6,T,H,Lose,5,4,,8,9605.9601,960.5960100000001,0.8,H,H,Win,7,2,,8,6430.4361,643.0436100000001,0.7,H,H,Win,6,3,,8,9605.960099999998,960.5960099999999,0.7,H,H,Win,6,3,,8,14349.6441,1434.96441,0.4,T,H,Lose,4,5,,8,7859.421899999999,785.94219,0.6,H,T,Lose,5,4,,8,9605.960099999998,960.5960099999999,0.3,T,T,Win,3,6,,8,9605.9601,960.5960100000001,0.4,T,H,Lose,4,5,,8,7859.421899999999,785.94219,0.6,T,H,Lose,5,4,,8,6430.436100000001,643.0436100000002,0.4,T,T,Win,4,5,,8,11740.617900000001,1174.0617900000002,0.3,T,H,Lose,3,6,,8,14349.644100000001,1434.9644100000003,0.8,H,H,Win,7,2,,8,11740.617900000001,1174.0617900000002,0.7,H,T,Lose,6,3,,8,6430.436100000001,643.0436100000002,0.4,T,T,Win,4,5,,8,7859.4219,785.9421900000001,0.7,H,H,Win,6,3,,8,11740.617900000001,1174.0617900000002,0.2,T,T,Win,2,7,,8,11740.617900000001,1174.0617900000002,0.7,H,T,Lose,6,3,,8,11740.6179,1174.06179,0.3,T,H,Lose,3,6,,8,7859.421899999999,785.94219,0.6,T,H,Lose,5,4,,8,11740.6179,1174.06179,0.6,T,H,Lose,5,4,,8,11740.617900000001,1174.0617900000002,0.7,H,T,Lose,6,3,,8,9605.960099999998,960.5960099999999,0.8,H,H,Win,7,2,,8,17538.4539,1753.8453900000002,0.0,T,T,Win,0,9,,8,9605.9601,960.5960100000001,0.4,T,H,Lose,4,5,,8,7859.4219,785.9421900000001,0.3,T,T,Win,3,6,,8,9605.960099999998,960.5960099999999,0.4,T,H,Lose,4,5,,8,11740.617900000001,1174.0617900000002,0.3,T,H,Lose,3,6,,8,7859.421899999999,785.94219,0.6,H,T,Lose,5,4,,8,17538.4539,1753.8453900000002,0.0,T,T,Win,0,9,,8,9605.9601,960.5960100000001,0.6,H,T,Lose,5,4,,8,5261.2659,526.1265900000001,0.7,H,H,Win,6,3,,8,7859.421899999999,785.94219,0.6,T,H,Lose,5,4,,8,11740.617900000001,1174.0617900000002,0.2,T,T,Win,2,7,,8,7859.4219,785.9421900000001,0.6,T,H,Lose,5,4,,8,11740.6179,1174.06179,0.7,H,H,Win,6,3,,8,7859.421899999999,785.94219,0.6,T,H,Lose,5,4,,8,9605.9601,960.5960100000001,0.4,T,H,Lose,4,5,,8,14349.6441,1434.96441,0.8,H,H,Win,7,2,,8,9605.960099999998,960.5960099999999,0.7,H,H,Win,6,3,,8,11740.6179,1174.06179,0.6,T,H,Lose,5,4,,8,9605.9601,960.5960100000001,0.4,T,T,Win,4,5,,8,9605.9601,960.5960100000001,0.8,H,T,Lose,7,2,,8,9605.960099999998,960.5960099999999,0.7,H,H,Win,6,3,,8,14349.644100000001,1434.9644100000003,0.2,T,H,Lose,2,7,,8,6430.4361,643.0436100000001,0.7,H,H,Win,6,3,,8,7859.421899999999,785.94219,0.6,H,T,Lose,5,4,,8,6430.436099999999,643.04361,0.6,T,H,Lose,5,4,,8,11740.6179,1174.06179,0.3,T,T,Win,3,6,,8,9605.9601,960.5960100000001,0.4,T,H,Lose,4,5,,8,6430.4361,643.0436100000001,0.4,T,T,Win,4,5,,8,6430.436100000001,643.0436100000002,0.7,H,H,Win,6,3,,8,9605.9601,960.5960100000001,0.9,H,H,Win,8,1,,8,7859.421899999999,785.94219,0.6,H,T,Lose,5,4,,8,7859.4219,785.9421900000001,0.8,H,H,Win,7,2,,8,14349.6441,1434.96441,0.2,T,H,Lose,2,7,,8,7859.421899999999,785.94219,0.4,T,T,Win,4,5,,8,7859.421899999999,785.94219,0.4,T,T,Win,4,5,,8,11740.617900000001,1174.0617900000002,0.2,T,T,Win,2,7,,8,9605.960099999998,960.5960099999999,0.4,T,H,Lose,4,5,,8,5261.265899999999,526.12659,0.4,T,T,Win,4,5,,8,9605.9601,960.5960100000001,0.7,H,H,Win,6,3,,8,9605.9601,960.5960100000001,0.6,T,H,Lose,5,4,,8,6430.436099999999,643.04361,0.7,H,H,Win,6,3,,8,7859.4219,785.9421900000001,0.8,H,H,Win,7,2,,8,7859.421899999999,785.94219,0.4,T,T,Win,4,5,,8,9605.9601,960.5960100000001,0.6,T,H,Lose,5,4,,8,11740.6179,1174.06179,0.4,T,T,Win,4,5,,8,9605.960099999998,960.5960099999999,0.8,H,H,Win,7,2,,8,9605.960099999998,960.5960099999999,0.4,T,H,Lose,4,5,,8,7859.421899999999,785.94219,0.6,H,T,Lose,5,4,,8,5261.2659,526.1265900000001,0.6,T,H,Lose,5,4,,8,7859.421899999999,785.94219,0.6,T,H,Lose,5,4,,8,11740.6179,1174.06179,0.4,T,T,Win,4,5,,8,14349.6441,1434.96441,0.2,T,T,Win,2,7,,8,14349.6441,1434.96441,0.8,H,T,Lose,7,2,,8,6430.436100000001,643.0436100000002,0.7,H,H,Win,6,3,,8,7859.421899999999,785.94219,0.4,T,T,Win,4,5,,8,9605.9601,960.5960100000001,0.7,H,T,Lose,6,3,,8,9605.960099999998,960.5960099999999,0.4,T,T,Win,4,5,,8,11740.617900000001,1174.0617900000002,0.8,H,T,Lose,7,2,,8,9605.960099999998,960.5960099999999,0.6,H,T,Lose,5,4,,8,6430.4361,643.0436100000001,0.6,T,H,Lose,5,4,,8,7859.421899999999,785.94219,0.6,T,H,Lose,5,4,,8,11740.617900000001,1174.0617900000002,0.7,H,H,Win,6,3,,8,9605.9601,960.5960100000001,0.6,T,H,Lose,5,4,,8,11740.617900000001,1174.0617900000002,0.8,H,H,Win,7,2,,8,11740.6179,1174.06179,0.7,H,H,Win,6,3,,8,9605.9601,960.5960100000001,0.3,T,T,Win,3,6,,8,6430.4361,643.0436100000001,0.6,H,T,Lose,5,4,,8,7859.4219,785.9421900000001,0.7,H,H,Win,6,3,,8,7859.4219,785.9421900000001,0.7,H,T,Lose,6,3,,8,7859.421899999999,785.94219,0.6,H,T,Lose,5,4,,8,14349.6441,1434.96441,0.8,H,T,Lose,7,2,,8,11740.617900000001,1174.0617900000002,0.4,T,H,Lose,4,5,,8,6430.4361,643.0436100000001,0.4,T,T,Win,4,5,,8,9605.9601,960.5960100000001,0.4,T,T,Win,4,5,,8,6430.4361,643.0436100000001,0.6,T,H,Lose,5,4,,8,7859.4219,785.9421900000001,0.4,T,H,Lose,4,5,,8,7859.421899999999,785.94219,0.7,H,H,Win,6,3,,8,11740.6179,1174.06179,0.8,H,H,Win,7,2,,8,9605.960099999998,960.5960099999999,0.6,T,H,Lose,5,4,,8,11740.617900000001,1174.0617900000002,0.7,H,T,Lose,6,3,,8,9605.960099999998,960.5960099999999,0.7,H,H,Win,6,3,,8,7859.4219,785.9421900000001,0.4,T,T,Win,4,5,,8,9605.960099999998,960.5960099999999,0.7,H,H,Win,6,3,,8,9605.960099999998,960.5960099999999,0.7,H,H,Win,6,3,,8,7859.421899999999,785.94219,0.4,T,T,Win,4,5,,8,11740.6179,1174.06179,0.7,H,H,Win,6,3,,8,9605.960099999998,960.5960099999999,0.3,T,T,Win,3,6,,8,11740.617900000001,1174.0617900000002,0.3,T,H,Lose,3,6,,8,6430.436099999999,643.04361,0.6,T,H,Lose,5,4,,8,7859.421899999999,785.94219,0.4,T,T,Win,4,5,,8,9605.9601,960.5960100000001,0.4,T,H,Lose,4,5,,8,9605.960099999998,960.5960099999999,0.4,T,H,Lose,4,5,,8,9605.960099999998,960.5960099999999,0.7,H,H,Win,6,3,,8,7859.4219,785.9421900000001,0.6,T,H,Lose,5,4,,8,5261.2659,526.1265900000001,0.6,H,T,Lose,5,4,,8,7859.4219,785.9421900000001,0.6,T,H,Lose,5,4,,8,9605.960099999998,960.5960099999999,0.8,H,H,Win,7,2,,8,11740.617900000001,1174.0617900000002,0.7,H,H,Win,6,3,,8,14349.644100000001,1434.9644100000003,0.3,T,H,Lose,3,6,,8,7859.421899999999,785.94219,0.6,T,H,Lose,5,4,,8,6430.4361,643.0436100000001,0.7,H,H,Win,6,3,,8,7859.421899999999,785.94219,0.6,H,T,Lose,5,4,,8,11740.617900000001,1174.0617900000002,0.3,T,H,Lose,3,6,,8,7859.421899999999,785.94219,0.7,H,H,Win,6,3,,8,9605.960099999998,960.5960099999999,0.6,T,H,Lose,5,4,,8,11740.617900000001,1174.0617900000002,0.6,H,T,Lose,5,4,,8,11740.617900000001,1174.0617900000002,0.3,T,H,Lose,3,6,,8,11740.6179,1174.06179,0.3,T,H,Lose,3,6,,8,9605.960099999998,960.5960099999999,0.8,H,H,Win,7,2,,8,9605.9601,960.5960100000001,0.3,T,T,Win,3,6,,8,9605.9601,960.5960100000001,0.4,T,T,Win,4,5,,8,17538.4539,1753.8453900000002,0.3,T,H,Lose,3,6,,8,9605.9601,960.5960100000001,0.7,H,H,Win,6,3,,8,7859.421899999999,785.94219,0.4,T,T,Win,4,5,,8,21435.888100000004,2143.5888100000006,0.9,H,T,Lose,8,1,,8,5261.2659,526.1265900000001,0.4,T,T,Win,4,5,,8,9605.960099999998,960.5960099999999,0.3,T,T,Win,3,6,,8,6430.436099999999,643.04361,0.4,T,T,Win,4,5,,8,9605.960099999998,960.5960099999999,0.3,T,T,Win,3,6,,8,11740.617900000001,1174.0617900000002,0.3,T,H,Lose,3,6,,8,7859.4219,785.9421900000001,0.8,H,H,Win,7,2,,8,9605.9601,960.5960100000001,0.8,H,T,Lose,7,2,,8,7859.421899999999,785.94219,0.6,T,H,Lose,5,4,,8,14349.644100000001,1434.9644100000003,0.1,T,T,Win,1,8,,8,14349.6441,1434.96441,0.2,T,H,Lose,2,7,,8,6430.4361,643.0436100000001,0.6,H,T,Lose,5,4,,8,9605.9601,960.5960100000001,0.7,H,H,Win,6,3,,8,9605.9601,960.5960100000001,0.4,T,T,Win,4,5,,8,11740.6179,1174.06179,0.4,T,T,Win,4,5,,8,14349.644100000001,1434.9644100000003,0.8,H,H,Win,7,2,,8,9605.960099999998,960.5960099999999,0.7,H,T,Lose,6,3,,8,9605.960099999998,960.5960099999999,0.3,T,T,Win,3,6,,8,7859.421899999999,785.94219,0.6,T,H,Lose,5,4,,8,5261.265899999999,526.12659,0.7,H,H,Win,6,3,,8,9605.9601,960.5960100000001,0.4,T,T,Win,4,5,,8,6430.4361,643.0436100000001,0.7,H,H,Win,6,3,,8,9605.9601,960.5960100000001,0.3,T,T,Win,3,6,,8,6430.436100000001,643.0436100000002,0.6,T,H,Lose,5,4,,8,7859.4219,785.9421900000001,0.7,H,H,Win,6,3,,8,7859.421899999999,785.94219,0.7,H,H,Win,6,3,,8,14349.6441,1434.96441,0.4,T,H,Lose,4,5,,8,14349.6441,1434.96441,0.8,H,H,Win,7,2,,8,7859.4219,785.9421900000001,0.8,H,H,Win,7,2,,8,6430.4361,643.0436100000001,0.7,H,H,Win,6,3,,8,7859.4219,785.9421900000001,0.3,T,T,Win,3,6,,8,6430.436099999999,643.04361,0.6,H,T,Lose,5,4,,8,11740.6179,1174.06179,0.7,H,T,Lose,6,3,,8,9605.960099999998,960.5960099999999,0.6,H,T,Lose,5,4,,8,14349.6441,1434.96441,0.2,T,H,Lose,2,7,,8,11740.6179,1174.06179,0.6,H,T,Lose,5,4,,8,11740.617900000001,1174.0617900000002,0.4,T,H,Lose,4,5,,8,7859.421899999999,785.94219,0.7,H,H,Win,6,3,,8,6430.436099999999,643.04361,0.4,T,T,Win,4,5,,8,7859.421899999999,785.94219,0.6,T,H,Lose,5,4,,8,11740.6179,1174.06179,0.6,T,H,Lose,5,4,,8,9605.9601,960.5960100000001,0.7,H,H,Win,6,3,,8,9605.9601,960.5960100000001,0.7,H,T,Lose,6,3,,8,6430.4361,643.0436100000001,0.7,H,H,Win,6,3,,8,9605.9601,960.5960100000001,0.6,H,T,Lose,5,4,,8,11740.6179,1174.06179,0.6,T,H,Lose,5,4,,8,11740.617900000001,1174.0617900000002,0.4,T,T,Win,4,5,,8,14349.644100000001,1434.9644100000003,0.4,T,H,Lose,4,5,,8,11740.6179,1174.06179,0.7,H,H,Win,6,3,,8,7859.4219,785.9421900000001,0.6,H,T,Lose,5,4,,8,7859.421899999999,785.94219,0.6,T,H,Lose,5,4,,8,6430.436099999999,643.04361,0.6,H,T,Lose,5,4,,8,9605.9601,960.5960100000001,0.7,H,H,Win,6,3,,8,7859.421899999999,785.94219,0.4,T,T,Win,4,5,,8,9605.960099999998,960.5960099999999,0.4,T,H,Lose,4,5,,8,9605.9601,960.5960100000001,0.4,T,T,Win,4,5,,8,11740.617900000001,1174.0617900000002,0.3,T,H,Lose,3,6,,8,9605.960099999998,960.5960099999999,0.3,T,T,Win,3,6,,8,11740.617900000001,1174.0617900000002,0.3,T,H,Lose,3,6,,8,9605.9601,960.5960100000001,0.6,T,H,Lose,5,4,,8,7859.421899999999,785.94219,0.4,T,T,Win,4,5,,8,7859.421899999999,785.94219,0.6,T,H,Lose,5,4,,8,6430.4361,643.0436100000001,0.6,T,H,Lose,5,4,,8,11740.6179,1174.06179,0.6,T,H,Lose,5,4,,8,9605.960099999998,960.5960099999999,0.3,T,T,Win,3,6,,8,7859.4219,785.9421900000001,0.7,H,T,Lose,6,3,,8,11740.617900000001,1174.0617900000002,0.2,T,T,Win,2,7,,8,11740.617900000001,1174.0617900000002,0.7,H,T,Lose,6,3,,8,9605.960099999998,960.5960099999999,0.4,T,H,Lose,4,5,,8,11740.617900000001,1174.0617900000002,0.7,H,T,Lose,6,3,,8,17538.4539,1753.8453900000002,0.8,H,T,Lose,7,2,,8,7859.4219,785.9421900000001,0.3,T,T,Win,3,6,,8,5261.2659,526.1265900000001,0.4,T,T,Win,4,5,,8,5261.2659,526.1265900000001,0.4,T,T,Win,4,5,,8,9605.9601,960.5960100000001,0.3,T,T,Win,3,6,,8,9605.960099999998,960.5960099999999,0.8,H,H,Win,7,2,,8,14349.6441,1434.96441,0.8,H,H,Win,7,2,,8,7859.421899999999,785.94219,0.6,H,T,Lose,5,4,,8,11740.617900000001,1174.0617900000002,0.7,H,T,Lose,6,3,,8,9605.9601,960.5960100000001,0.7,H,H,Win,6,3,,8,6430.436100000001,643.0436100000002,0.6,T,H,Lose,5,4,,8,14349.6441,1434.96441,0.2,T,H,Lose,2,7,,8,11740.617900000001,1174.0617900000002,0.2,T,T,Win,2,7,,8,9605.9601,960.5960100000001,0.3,T,T,Win,3,6,,8,7859.421899999999,785.94219,0.6,T,H,Lose,5,4,,8,6430.4361,643.0436100000001,0.6,T,H,Lose,5,4,,8,9605.9601,960.5960100000001,0.4,T,T,Win,4,5,,8,9605.960099999998,960.5960099999999,0.8,H,H,Win,7,2,,8,14349.6441,1434.96441,0.3,T,T,Win,3,6,,8,6430.4361,643.0436100000001,0.4,T,T,Win,4,5,,8,6430.436100000001,643.0436100000002,0.7,H,H,Win,6,3,,8,14349.6441,1434.96441,0.7,H,T,Lose,6,3,,8,11740.6179,1174.06179,0.7,H,H,Win,6,3,,8,5261.2659,526.1265900000001,0.6,T,H,Lose,5,4,,8,7859.421899999999,785.94219,0.7,H,H,Win,6,3,,8,9605.9601,960.5960100000001,0.4,T,H,Lose,4,5,,8,7859.421899999999,785.94219,0.4,T,T,Win,4,5,,8,11740.617900000001,1174.0617900000002,0.2,T,T,Win,2,7,,8,9605.9601,960.5960100000001,0.4,T,H,Lose,4,5,,8,11740.617900000001,1174.0617900000002,0.2,T,T,Win,2,7,,8,11740.617900000001,1174.0617900000002,0.2,T,T,Win,2,7,,8,9605.960099999998,960.5960099999999,0.3,T,T,Win,3,6,,8,11740.617900000001,1174.0617900000002,0.7,H,T,Lose,6,3,,8,14349.644100000001,1434.9644100000003,0.2,T,H,Lose,2,7,,8,11740.6179,1174.06179,0.3,T,T,Win,3,6,,8,6430.436099999999,643.04361,0.6,T,H,Lose,5,4,,8,6430.4361,643.0436100000001,0.6,T,H,Lose,5,4,,8,14349.6441,1434.96441,0.1,T,T,Win,1,8,,8,7859.4219,785.9421900000001,0.7,H,T,Lose,6,3,,8,11740.6179,1174.06179,0.4,T,T,Win,4,5,,8,7859.421899999999,785.94219,0.7,H,H,Win,6,3,,8,11740.617900000001,1174.0617900000002,0.3,T,H,Lose,3,6,,8,7859.421899999999,785.94219,0.7,H,H,Win,6,3,,8,9605.960099999998,960.5960099999999,0.4,T,H,Lose,4,5,,8,14349.644100000001,1434.9644100000003,0.8,H,H,Win,7,2,,8,9605.9601,960.5960100000001,0.7,H,H,Win,6,3,,8,7859.421899999999,785.94219,0.4,T,T,Win,4,5,,8,11740.617900000001,1174.0617900000002,0.3,T,H,Lose,3,6,,8,7859.421899999999,785.94219,0.4,T,T,Win,4,5,,8,9605.9601,960.5960100000001,0.8,H,H,Win,7,2,,8,6430.436099999999,643.04361,0.7,H,H,Win,6,3,,8,7859.4219,785.9421900000001,0.4,T,T,Win,4,5,,8,9605.960099999998,960.5960099999999,0.7,H,H,Win,6,3,,8,7859.421899999999,785.94219,0.4,T,T,Win,4,5,,8,7859.421899999999,785.94219,0.7,H,H,Win,6,3,,8,6430.4361,643.0436100000001,0.6,H,T,Lose,5,4,,8,9605.9601,960.5960100000001,0.6,T,H,Lose,5,4,,8,11740.6179,1174.06179,0.7,H,H,Win,6,3,,8,6430.436100000001,643.0436100000002,0.7,H,H,Win,6,3,,8,11740.6179,1174.06179,0.6,H,T,Lose,5,4,,8,6430.4361,643.0436100000001,0.7,H,H,Win,6,3,,8,9605.960099999998,960.5960099999999,0.3,T,T,Win,3,6,,8,14349.644100000001,1434.9644100000003,0.3,T,H,Lose,3,6,,8,11740.617900000001,1174.0617900000002,0.2,T,T,Win,2,7,,8,7859.421899999999,785.94219,0.7,H,H,Win,6,3,,8,9605.960099999998,960.5960099999999,0.4,T,H,Lose,4,5,,8,5261.2659,526.1265900000001,0.6,T,H,Lose,5,4,,8,14349.644100000001,1434.9644100000003,0.1,T,T,Win,1,8,,8,6430.436099999999,643.04361,0.6,H,T,Lose,5,4,,8,11740.6179,1174.06179,0.3,T,H,Lose,3,6,,8,11740.617900000001,1174.0617900000002,0.2,T,T,Win,2,7,,8,9605.960099999998,960.5960099999999,0.6,H,T,Lose,5,4,,8,9605.9601,960.5960100000001,0.4,T,T,Win,4,5,,8,9605.960099999998,960.5960099999999,0.6,T,H,Lose,5,4,,8,7859.421899999999,785.94219,0.6,T,H,Lose,5,4,,8,14349.644100000001,1434.9644100000003,0.8,H,H,Win,7,2,,8,9605.9601,960.5960100000001,0.4,T,H,Lose,4,5,,8,6430.436100000001,643.0436100000002,0.4,T,T,Win,4,5,,8,6430.436099999999,643.04361,0.4,T,T,Win,4,5,,8,9605.960099999998,960.5960099999999,0.3,T,T,Win,3,6,,8,14349.644100000001,1434.9644100000003,0.1,T,T,Win,1,8,,8,9605.9601,960.5960100000001,0.3,T,T,Win,3,6,,8,9605.960099999998,960.5960099999999,0.4,T,T,Win,4,5,,8,9605.9601,960.5960100000001,0.4,T,H,Lose,4,5,,8,11740.6179,1174.06179,0.7,H,H,Win,6,3,,8,6430.4361,643.0436100000001,0.7,H,T,Lose,6,3,,8,9605.9601,960.5960100000001,0.4,T,H,Lose,4,5,,8,6430.4361,643.0436100000001,0.6,T,H,Lose,5,4,,8,11740.617900000001,1174.0617900000002,0.2,T,T,Win,2,7,,8,7859.421899999999,785.94219,0.7,H,H,Win,6,3,,8,9605.9601,960.5960100000001,0.7,H,H,Win,6,3,,8,11740.617900000001,1174.0617900000002,0.8,H,H,Win,7,2,,8,9605.960099999998,960.5960099999999,0.3,T,T,Win,3,6,,8,7859.421899999999,785.94219,0.6,H,T,Lose,5,4,,8,11740.617900000001,1174.0617900000002,0.2,T,T,Win,2,7,,8,14349.6441,1434.96441,0.4,T,H,Lose,4,5,,8,11740.617900000001,1174.0617900000002,0.7,H,H,Win,6,3,,8,6430.436099999999,643.04361,0.7,H,H,Win,6,3,,8,7859.4219,785.9421900000001,0.6,T,H,Lose,5,4,,8,11740.6179,1174.06179,0.6,H,T,Lose,5,4,,8,9605.960099999998,960.5960099999999,0.4,T,H,Lose,4,5,,8,6430.4361,643.0436100000001,0.7,H,T,Lose,6,3,,8,11740.6179,1174.06179,0.8,H,H,Win,7,2,,8,14349.644100000001,1434.9644100000003,0.2,T,H,Lose,2,7,,8,11740.617900000001,1174.0617900000002,0.3,T,H,Lose,3,6,,8,11740.617900000001,1174.0617900000002,0.8,H,T,Lose,7,2,,8,9605.9601,960.5960100000001,0.6,T,H,Lose,5,4,,8,11740.6179,1174.06179,0.7,H,H,Win,6,3,,8,9605.960099999998,960.5960099999999,0.4,T,H,Lose,4,5,,8,11740.6179,1174.06179,0.4,T,T,Win,4,5,,8,9605.960099999998,960.5960099999999,0.3,T,T,Win,3,6,,8,9605.9601,960.5960100000001,0.7,H,H,Win,6,3,,8,14349.644100000001,1434.9644100000003,0.3,T,H,Lose,3,6,,8,6430.4361,643.0436100000001,0.6,T,H,Lose,5,4,,8,7859.4219,785.9421900000001,0.3,T,T,Win,3,6,,8,11740.617900000001,1174.0617900000002,0.2,T,T,Win,2,7,,8,11740.617900000001,1174.0617900000002,0.8,H,H,Win,7,2,,8,11740.617900000001,1174.0617900000002,0.2,T,T,Win,2,7,,8,9605.960099999998,960.5960099999999,0.8,H,H,Win,7,2,,8,7859.421899999999,785.94219,0.4,T,T,Win,4,5,,8,11740.617900000001,1174.0617900000002,0.8,H,H,Win,7,2,,8,21435.888100000004,2143.5888100000006,1.0,H,H,Win,9,0,,8,17538.4539,1753.8453900000002,0.3,T,H,Lose,3,6,,8,7859.4219,785.9421900000001,0.4,T,H,Lose,4,5,,8,7859.421899999999,785.94219,0.6,T,H,Lose,5,4,,8,11740.617900000001,1174.0617900000002,0.9,H,H,Win,8,1,,8,7859.4219,785.9421900000001,0.8,H,H,Win,7,2,,8,9605.9601,960.5960100000001,0.4,T,H,Lose,4,5,,8,9605.960099999998,960.5960099999999,0.3,T,T,Win,3,6,,8,7859.421899999999,785.94219,0.7,H,H,Win,6,3,,8,5261.265899999999,526.12659,0.7,H,H,Win,6,3,,8,14349.644100000001,1434.9644100000003,0.1,T,T,Win,1,8,,8,9605.9601,960.5960100000001,0.8,H,H,Win,7,2,,8,9605.960099999998,960.5960099999999,0.4,T,H,Lose,4,5,,8,11740.6179,1174.06179,0.6,H,T,Lose,5,4,,8,7859.421899999999,785.94219,0.6,T,H,Lose,5,4,,8,5261.265899999999,526.12659,0.6,H,T,Lose,5,4,,8,9605.960099999998,960.5960099999999,0.4,T,T,Win,4,5,,8,9605.960099999998,960.5960099999999,0.4,T,H,Lose,4,5,,8,7859.421899999999,785.94219,0.7,H,H,Win,6,3,,8,9605.960099999998,960.5960099999999,0.7,H,T,Lose,6,3,,8,9605.9601,960.5960100000001,0.7,H,H,Win,6,3,,8,9605.9601,960.5960100000001,0.6,H,T,Lose,5,4,,8,9605.9601,960.5960100000001,0.3,T,T,Win,3,6,,8,7859.421899999999,785.94219,0.4,T,T,Win,4,5,,8,7859.4219,785.9421900000001,0.6,H,T,Lose,5,4,,8,7859.421899999999,785.94219,0.7,H,H,Win,6,3,,8,7859.4219,785.9421900000001,0.8,H,H,Win,7,2,,8,11740.617900000001,1174.0617900000002,0.7,H,T,Lose,6,3,,8,9605.960099999998,960.5960099999999,0.3,T,T,Win,3,6,,8,9605.9601,960.5960100000001,0.6,H,T,Lose,5,4,,8,9605.960099999998,960.5960099999999,0.4,T,H,Lose,4,5,,8,11740.617900000001,1174.0617900000002,0.3,T,T,Win,3,6,,8,7859.421899999999,785.94219,0.6,T,H,Lose,5,4,,8,9605.960099999998,960.5960099999999,0.4,T,H,Lose,4,5,,8,9605.9601,960.5960100000001,0.7,H,H,Win,6,3,,8,9605.9601,960.5960100000001,0.6,T,H,Lose,5,4,,8,11740.617900000001,1174.0617900000002,0.3,T,T,Win,3,6,,8,7859.4219,785.9421900000001,0.8,H,H,Win,7,2,,8,7859.421899999999,785.94219,0.6,T,H,Lose,5,4,,8,7859.4219,785.9421900000001,0.6,H,T,Lose,5,4,,8,6430.4361,643.0436100000001,0.6,H,T,Lose,5,4,,8,5261.265899999999,526.12659,0.4,T,T,Win,4,5,,8,7859.421899999999,785.94219,0.6,H,T,Lose,5,4,,8,9605.9601,960.5960100000001,0.8,H,H,Win,7,2,,8,6430.436099999999,643.04361,0.7,H,H,Win,6,3,,8,7859.421899999999,785.94219,0.4,T,T,Win,4,5,,8,17538.4539,1753.8453900000002,0.8,H,T,Lose,7,2,,8,9605.9601,960.5960100000001,0.6,H,T,Lose,5,4,,8,5261.2659,526.1265900000001,0.7,H,H,Win,6,3,,8,7859.4219,785.9421900000001,0.4,T,H,Lose,4,5,,8,7859.421899999999,785.94219,0.7,H,H,Win,6,3,,8,7859.4219,785.9421900000001,0.7,H,H,Win,6,3,,8,9605.9601,960.5960100000001,0.4,T,H,Lose,4,5,,8,7859.421899999999,785.94219,0.3,T,T,Win,3,6,,8,9605.960099999998,960.5960099999999,0.6,T,H,Lose,5,4,,8,14349.644100000001,1434.9644100000003,0.3,T,H,Lose,3,6,,8,9605.9601,960.5960100000001,0.3,T,T,Win,3,6,,8,7859.421899999999,785.94219,0.4,T,T,Win,4,5,,8,11740.617900000001,1174.0617900000002,0.2,T,T,Win,2,7,,8,14349.6441,1434.96441,0.8,H,H,Win,7,2,,8,7859.421899999999,785.94219,0.6,H,T,Lose,5,4,,8,7859.421899999999,785.94219,0.6,T,H,Lose,5,4,,8,11740.617900000001,1174.0617900000002,0.2,T,T,Win,2,7,,8,14349.644100000001,1434.9644100000003,0.7,H,T,Lose,6,3,,8,6430.436100000001,643.0436100000002,0.6,T,H,Lose,5,4,,8,7859.421899999999,785.94219,0.6,T,H,Lose,5,4,,8,11740.617900000001,1174.0617900000002,0.3,T,H,Lose,3,6,,8,7859.4219,785.9421900000001,0.7,H,H,Win,6,3,,8,14349.644100000001,1434.9644100000003,0.7,H,T,Lose,6,3,,8,9605.960099999998,960.5960099999999,0.3,T,T,Win,3,6,,8,11740.617900000001,1174.0617900000002,0.3,T,T,Win,3,6,,8,7859.421899999999,785.94219,0.7,H,H,Win,6,3,,8,7859.421899999999,785.94219,0.4,T,T,Win,4,5,,8,9605.960099999998,960.5960099999999,0.7,H,T,Lose,6,3,,8,11740.6179,1174.06179,0.4,T,H,Lose,4,5,,8,7859.4219,785.9421900000001,0.7,H,H,Win,6,3,,8,7859.421899999999,785.94219,0.7,H,H,Win,6,3,,8,11740.617900000001,1174.0617900000002,0.6,T,H,Lose,5,4,,8,17538.4539,1753.8453900000002,0.1,T,T,Win,1,8,,8,6430.4361,643.0436100000001,0.6,H,T,Lose,5,4,,8,11740.617900000001,1174.0617900000002,0.3,T,H,Lose,3,6,,8,11740.617900000001,1174.0617900000002,0.6,T,H,Lose,5,4,,8,9605.9601,960.5960100000001,0.3,T,T,Win,3,6,,8,9605.960099999998,960.5960099999999,0.4,T,H,Lose,4,5,,8,11740.617900000001,1174.0617900000002,0.3,T,H,Lose,3,6,,8,7859.4219,785.9421900000001,0.4,T,H,Lose,4,5,,8,7859.421899999999,785.94219,0.4,T,T,Win,4,5,,8,5261.2659,526.1265900000001,0.7,H,H,Win,6,3,,8,6430.4361,643.0436100000001,0.4,T,T,Win,4,5,,8,17538.4539,1753.8453900000002,0.3,T,H,Lose,3,6,,8,9605.960099999998,960.5960099999999,0.3,T,T,Win,3,6,,8,9605.960099999998,960.5960099999999,0.8,H,H,Win,7,2,,8,9605.9601,960.5960100000001,0.7,H,H,Win,6,3,,8,11740.617900000001,1174.0617900000002,0.3,T,H,Lose,3,6,,8,11740.617900000001,1174.0617900000002,0.2,T,T,Win,2,7,,8,11740.617900000001,1174.0617900000002,0.3,T,T,Win,3,6,,8,9605.960099999998,960.5960099999999,0.3,T,T,Win,3,6,,8,7859.4219,785.9421900000001,0.7,H,T,Lose,6,3,,8,6430.436100000001,643.0436100000002,0.4,T,T,Win,4,5,,8,11740.617900000001,1174.0617900000002,0.7,H,T,Lose,6,3,,8,11740.617900000001,1174.0617900000002,0.2,T,T,Win,2,7,,8,11740.617900000001,1174.0617900000002,0.7,H,T,Lose,6,3,,8,11740.6179,1174.06179,0.7,H,H,Win,6,3,,8,14349.644100000001,1434.9644100000003,0.8,H,T,Lose,7,2,,8,7859.421899999999,785.94219,0.4,T,H,Lose,4,5,,8,9605.9601,960.5960100000001,0.7,H,T,Lose,6,3,,8,7859.421899999999,785.94219,0.6,T,H,Lose,5,4,,8,14349.644100000001,1434.9644100000003,0.9,H,H,Win,8,1,,8,9605.9601,960.5960100000001,0.7,H,H,Win,6,3,,8,9605.960099999998,960.5960099999999,0.4,T,H,Lose,4,5,,8,9605.9601,960.5960100000001,0.4,T,H,Lose,4,5,,8,7859.421899999999,785.94219,0.4,T,T,Win,4,5,,8,7859.4219,785.9421900000001,0.8,H,H,Win,7,2,,8,5261.2659,526.1265900000001,0.7,H,H,Win,6,3,,8,11740.617900000001,1174.0617900000002,0.3,T,H,Lose,3,6,,8,11740.617900000001,1174.0617900000002,0.2,T,T,Win,2,7,,8,14349.6441,1434.96441,0.8,H,H,Win,7,2,,8,11740.617900000001,1174.0617900000002,0.3,T,T,Win,3,6,,8,7859.421899999999,785.94219,0.4,T,T,Win,4,5,,8,11740.617900000001,1174.0617900000002,0.3,T,H,Lose,3,6,,8,7859.421899999999,785.94219,0.6,T,H,Lose,5,4,,8,11740.6179,1174.06179,0.4,T,T,Win,4,5,,8,11740.617900000001,1174.0617900000002,0.7,H,H,Win,6,3,,8,14349.6441,1434.96441,0.2,T,T,Win,2,7,,8,7859.421899999999,785.94219,0.4,T,T,Win,4,5,,8,14349.644100000001,1434.9644100000003,0.4,T,H,Lose,4,5,,8,6430.4361,643.0436100000001,0.6,T,H,Lose,5,4,,8,7859.421899999999,785.94219,0.4,T,T,Win,4,5,,8,11740.6179,1174.06179,0.4,T,T,Win,4,5,,8,11740.617900000001,1174.0617900000002,0.2,T,T,Win,2,7,,8,11740.617900000001,1174.0617900000002,0.2,T,T,Win,2,7,,8,7859.421899999999,785.94219,0.6,T,H,Lose,5,4,,8,14349.6441,1434.96441,0.8,H,H,Win,7,2,,8,21435.888100000004,2143.5888100000006,0.2,T,H,Lose,2,7,,8,14349.6441,1434.96441,0.7,H,T,Lose,6,3,,8,11740.6179,1174.06179,0.7,H,H,Win,6,3,,8,11740.617900000001,1174.0617900000002,0.4,T,H,Lose,4,5,,8,7859.421899999999,785.94219,0.6,T,H,Lose,5,4,,8,9605.960099999998,960.5960099999999,0.4,T,H,Lose,4,5,,8,9605.960099999998,960.5960099999999,0.4,T,H,Lose,4,5,,8,5261.2659,526.1265900000001,0.6,T,H,Lose,5,4,,8,7859.421899999999,785.94219,0.4,T,T,Win,4,5,,8,9605.9601,960.5960100000001,0.3,T,T,Win,3,6,,8,11740.617900000001,1174.0617900000002,0.8,H,H,Win,7,2,,8,9605.9601,960.5960100000001,0.3,T,T,Win,3,6,,8,5261.2659,526.1265900000001,0.6,H,T,Lose,5,4,,8,9605.960099999998,960.5960099999999,0.4,T,H,Lose,4,5,,8,17538.4539,1753.8453900000002,0.2,T,T,Win,2,7,,8,9605.960099999998,960.5960099999999,0.6,H,T,Lose,5,4,,8,11740.6179,1174.06179,0.3,T,H,Lose,3,6,,8,9605.9601,960.5960100000001,0.3,T,T,Win,3,6,,8,14349.644100000001,1434.9644100000003,0.1,T,T,Win,1,8,,8,11740.617900000001,1174.0617900000002,0.4,T,H,Lose,4,5,,8,9605.960099999998,960.5960099999999,0.6,H,T,Lose,5,4,,8,4304.6721,430.46721,0.6,H,T,Lose,5,4,,8,11740.6179,1174.06179,0.6,T,H,Lose,5,4,,8,9605.960099999998,960.5960099999999,0.3,T,T,Win,3,6,,8,11740.617900000001,1174.0617900000002,0.7,H,T,Lose,6,3,,8,9605.960099999998,960.5960099999999,0.6,H,T,Lose,5,4,,8,11740.617900000001,1174.0617900000002,0.7,H,T,Lose,6,3,,8,17538.4539,1753.8453900000002,1.0,H,H,Win,9,0,,8,9605.960099999998,960.5960099999999,0.3,T,T,Win,3,6,,8,9605.960099999998,960.5960099999999,0.3,T,T,Win,3,6,,8,11740.617900000001,1174.0617900000002,0.3,T,H,Lose,3,6,,8,6430.4361,643.0436100000001,0.4,T,T,Win,4,5,,8,7859.421899999999,785.94219,0.6,T,H,Lose,5,4,,8,9605.960099999998,960.5960099999999,0.4,T,H,Lose,4,5,,8,7859.4219,785.9421900000001,0.7,H,H,Win,6,3,,8,17538.4539,1753.8453900000002,0.3,T,H,Lose,3,6,,8,5261.2659,526.1265900000001,0.6,H,T,Lose,5,4,,8,9605.9601,960.5960100000001,0.4,T,H,Lose,4,5,,8,9605.960099999998,960.5960099999999,0.4,T,T,Win,4,5,,8,9605.960099999998,960.5960099999999,0.4,T,H,Lose,4,5,,8,11740.617900000001,1174.0617900000002,0.8,H,H,Win,7,2,,8,9605.960099999998,960.5960099999999,0.4,T,H,Lose,4,5,,8,9605.960099999998,960.5960099999999,0.3,T,T,Win,3,6,,8,6430.4361,643.0436100000001,0.6,H,T,Lose,5,4,,8,9605.960099999998,960.5960099999999,0.3,T,T,Win,3,6,,8,7859.421899999999,785.94219,0.7,H,H,Win,6,3,,8,9605.9601,960.5960100000001,0.4,T,H,Lose,4,5,,8,11740.617900000001,1174.0617900000002,0.6,T,H,Lose,5,4,,8,7859.4219,785.9421900000001,0.8,H,H,Win,7,2,,8,11740.617900000001,1174.0617900000002,0.3,T,T,Win,3,6,,8,5261.2659,526.1265900000001,0.6,T,H,Lose,5,4,,8,11740.617900000001,1174.0617900000002,0.3,T,H,Lose,3,6,,8,14349.644100000001,1434.9644100000003,0.8,H,H,Win,7,2,,8,11740.617900000001,1174.0617900000002,0.8,H,H,Win,7,2,,8,9605.9601,960.5960100000001,0.3,T,T,Win,3,6,,8,9605.9601,960.5960100000001,0.6,T,H,Lose,5,4,,8,7859.421899999999,785.94219,0.4,T,T,Win,4,5,,8,9605.9601,960.5960100000001,0.4,T,H,Lose,4,5,,8,9605.960099999998,960.5960099999999,0.3,T,T,Win,3,6,,8,6430.436099999999,643.04361,0.7,H,H,Win,6,3,,8,9605.9601,960.5960100000001,0.4,T,T,Win,4,5,,8,9605.9601,960.5960100000001,0.6,T,H,Lose,5,4,,8,9605.960099999998,960.5960099999999,0.3,T,T,Win,3,6,,8,9605.9601,960.5960100000001,0.8,H,H,Win,7,2,,8,11740.6179,1174.06179,0.7,H,H,Win,6,3,,8,9605.9601,960.5960100000001,0.4,T,H,Lose,4,5,,8,7859.421899999999,785.94219,0.4,T,T,Win,4,5,,8,17538.4539,1753.8453900000002,0.8,H,T,Lose,7,2,,8,7859.421899999999,785.94219,0.4,T,T,Win,4,5,,8,14349.644100000001,1434.9644100000003,0.8,H,T,Lose,7,2,,8,5261.2659,526.1265900000001,0.6,H,T,Lose,5,4,,8,11740.617900000001,1174.0617900000002,0.2,T,T,Win,2,7,,8,14349.644100000001,1434.9644100000003,0.7,H,T,Lose,6,3,,8,11740.617900000001,1174.0617900000002,0.2,T,T,Win,2,7,,8,17538.4539,1753.8453900000002,0.0,T,T,Win,0,9,,8,11740.6179,1174.06179,0.4,T,T,Win,4,5,,8,6430.436099999999,643.04361,0.6,H,T,Lose,5,4,,8,9605.9601,960.5960100000001,0.4,T,H,Lose,4,5,,8,9605.9601,960.5960100000001,0.3,T,T,Win,3,6,,8,11740.617900000001,1174.0617900000002,0.4,T,H,Lose,4,5,,8,7859.421899999999,785.94219,0.6,H,T,Lose,5,4,,8,9605.960099999998,960.5960099999999,0.4,T,H,Lose,4,5,,8,7859.421899999999,785.94219,0.6,T,H,Lose,5,4,,8,7859.421899999999,785.94219,0.6,T,H,Lose,5,4,,8,6430.4361,643.0436100000001,0.6,T,H,Lose,5,4,,8,9605.9601,960.5960100000001,0.3,T,T,Win,3,6,,8,6430.4361,643.0436100000001,0.6,T,H,Lose,5,4,,8,9605.960099999998,960.5960099999999,0.4,T,H,Lose,4,5,,8,14349.6441,1434.96441,0.4,T,H,Lose,4,5,,8,14349.644100000001,1434.9644100000003,0.3,T,T,Win,3,6,,8,11740.6179,1174.06179,0.3,T,H,Lose,3,6,,8,7859.4219,785.9421900000001,0.6,H,T,Lose,5,4,,8,14349.644100000001,1434.9644100000003,0.4,T,H,Lose,4,5,,8,11740.617900000001,1174.0617900000002,0.4,T,H,Lose,4,5,,8,7859.4219,785.9421900000001,0.8,H,H,Win,7,2,,8,11740.617900000001,1174.0617900000002,0.8,H,H,Win,7,2,,8,11740.6179,1174.06179,0.6,T,H,Lose,5,4,,8,14349.644100000001,1434.9644100000003,0.2,T,H,Lose,2,7,,8,11740.6179,1174.06179,0.6,H,T,Lose,5,4,,8,9605.960099999998,960.5960099999999,0.4,T,H,Lose,4,5,,8,6430.4361,643.0436100000001,0.4,T,T,Win,4,5,,8,6430.436099999999,643.04361,0.4,T,T,Win,4,5,,8,7859.421899999999,785.94219,0.4,T,T,Win,4,5,,8,14349.6441,1434.96441,0.2,T,H,Lose,2,7,,8,14349.6441,1434.96441,0.2,T,T,Win,2,7,,8,11740.617900000001,1174.0617900000002,0.3,T,H,Lose,3,6,,8,9605.960099999998,960.5960099999999,0.3,T,T,Win,3,6,,8,14349.6441,1434.96441,0.1,T,T,Win,1,8,,8,11740.617900000001,1174.0617900000002,0.7,H,T,Lose,6,3,,8,7859.421899999999,785.94219,0.6,H,T,Lose,5,4,,8,11740.617900000001,1174.0617900000002,0.3,T,T,Win,3,6,,8,6430.4361,643.0436100000001,0.6,T,H,Lose,5,4,,8,11740.6179,1174.06179,0.6,H,T,Lose,5,4,,8,9605.960099999998,960.5960099999999,0.7,H,H,Win,6,3,,8,11740.617900000001,1174.0617900000002,0.3,T,T,Win,3,6,,8,9605.9601,960.5960100000001,0.7,H,H,Win,6,3,,8,11740.617900000001,1174.0617900000002,0.3,T,H,Lose,3,6,,8,6430.4361,643.0436100000001,0.6,T,H,Lose,5,4,,8,11740.6179,1174.06179,0.3,T,H,Lose,3,6,,8,9605.9601,960.5960100000001,0.3,T,T,Win,3,6,,8,6430.436099999999,643.04361,0.7,H,H,Win,6,3,,8,7859.421899999999,785.94219,0.6,T,H,Lose,5,4,,8,11740.6179,1174.06179,0.8,H,H,Win,7,2,,8,7859.421899999999,785.94219,0.4,T,T,Win,4,5,,8,5261.2659,526.1265900000001,0.7,H,H,Win,6,3,,8,11740.6179,1174.06179,0.4,T,T,Win,4,5,,8,7859.421899999999,785.94219,0.4,T,T,Win,4,5,,8,14349.644100000001,1434.9644100000003,0.7,H,T,Lose,6,3,,8,7859.4219,785.9421900000001,0.7,H,T,Lose,6,3,,8,7859.421899999999,785.94219,0.4,T,T,Win,4,5,,8,7859.421899999999,785.94219,0.6,T,H,Lose,5,4,,8,14349.6441,1434.96441,0.7,H,T,Lose,6,3,,8,9605.9601,960.5960100000001,0.4,T,T,Win,4,5,,8,17538.4539,1753.8453900000002,0.9,H,H,Win,8,1,,8,9605.9601,960.5960100000001,0.4,T,H,Lose,4,5,,8,17538.4539,1753.8453900000002,0.2,T,T,Win,2,7,,8,11740.617900000001,1174.0617900000002,0.3,T,H,Lose,3,6,,8,9605.9601,960.5960100000001,0.4,T,H,Lose,4,5,,8,7859.421899999999,785.94219,0.7,H,H,Win,6,3,,8,11740.617900000001,1174.0617900000002,0.4,T,H,Lose,4,5,,8,9605.9601,960.5960100000001,0.6,T,H,Lose,5,4,,8,11740.617900000001,1174.0617900000002,0.7,H,T,Lose,6,3,,8,11740.6179,1174.06179,0.4,T,H,Lose,4,5,,8,9605.960099999998,960.5960099999999,0.4,T,H,Lose,4,5,,8,14349.6441,1434.96441,0.7,H,T,Lose,6,3,,8,9605.9601,960.5960100000001,0.6,H,T,Lose,5,4,,8,9605.960099999998,960.5960099999999,0.7,H,H,Win,6,3,,8,11740.617900000001,1174.0617900000002,0.3,T,T,Win,3,6,,8,14349.6441,1434.96441,0.4,T,H,Lose,4,5,,8,6430.4361,643.0436100000001,0.4,T,T,Win,4,5,,8,9605.9601,960.5960100000001,0.4,T,H,Lose,4,5,,8,11740.617900000001,1174.0617900000002,0.3,T,H,Lose,3,6,,8,11740.6179,1174.06179,0.7,H,H,Win,6,3,,8,17538.4539,1753.8453900000002,0.8,H,T,Lose,7,2,,8,11740.617900000001,1174.0617900000002,0.2,T,T,Win,2,7,,8,9605.9601,960.5960100000001,0.6,H,T,Lose,5,4,,8,17538.4539,1753.8453900000002,0.1,T,H,Lose,1,8,,8,14349.644100000001,1434.9644100000003,0.1,T,T,Win,1,8,,8,6430.436100000001,643.0436100000002,0.7,H,H,Win,6,3,,8,17538.4539,1753.8453900000002,0.2,T,T,Win,2,7,,8,9605.960099999998,960.5960099999999,0.3,T,T,Win,3,6,,8,9605.960099999998,960.5960099999999,0.4,T,H,Lose,4,5,,8,14349.644100000001,1434.9644100000003,0.1,T,T,Win,1,8,,8,11740.6179,1174.06179,0.6,T,H,Lose,5,4,,8,7859.421899999999,785.94219,0.6,T,H,Lose,5,4,,8,5261.2659,526.1265900000001,0.4,T,T,Win,4,5,,8,9605.9601,960.5960100000001,0.3,T,T,Win,3,6,,8,7859.4219,785.9421900000001,0.8,H,H,Win,7,2,,8,11740.617900000001,1174.0617900000002,0.7,H,T,Lose,6,3,,8,7859.421899999999,785.94219,0.6,H,T,Lose,5,4,,8,9605.9601,960.5960100000001,0.4,T,H,Lose,4,5,,8,11740.6179,1174.06179,0.8,H,H,Win,7,2,,8,14349.644100000001,1434.9644100000003,0.8,H,T,Lose,7,2,,8,6430.4361,643.0436100000001,0.6,T,H,Lose,5,4,,8,11740.6179,1174.06179,0.6,T,H,Lose,5,4,,8,11740.617900000001,1174.0617900000002,0.3,T,T,Win,3,6,,8,7859.421899999999,785.94219,0.6,T,H,Lose,5,4,,8,7859.421899999999,785.94219,0.6,T,H,Lose,5,4,,8,9605.9601,960.5960100000001,0.4,T,H,Lose,4,5,,8,11740.617900000001,1174.0617900000002,0.4,T,T,Win,4,5,,8,14349.6441,1434.96441,0.2,T,H,Lose,2,7,,8,17538.4539,1753.8453900000002,1.0,H,H,Win,9,0,,8,7859.4219,785.9421900000001,0.7,H,T,Lose,6,3,,8,11740.617900000001,1174.0617900000002,0.8,H,H,Win,7,2,,8,9605.960099999998,960.5960099999999,0.4,T,H,Lose,4,5,,8,14349.644100000001,1434.9644100000003,0.1,T,T,Win,1,8,,8,9605.9601,960.5960100000001,0.4,T,H,Lose,4,5,,8,7859.421899999999,785.94219,0.4,T,H,Lose,4,5,,8,14349.6441,1434.96441,0.3,T,T,Win,3,6,,8,9605.9601,960.5960100000001,0.6,T,H,Lose,5,4,,8,11740.6179,1174.06179,0.3,T,T,Win,3,6,,8,11740.617900000001,1174.0617900000002,0.3,T,H,Lose,3,6,,8,7859.421899999999,785.94219,0.6,H,T,Lose,5,4,,8,11740.617900000001,1174.0617900000002,0.7,H,T,Lose,6,3,,8,7859.421899999999,785.94219,0.6,T,H,Lose,5,4,,8,7859.421899999999,785.94219,0.4,T,T,Win,4,5,,8,11740.617900000001,1174.0617900000002,0.4,T,H,Lose,4,5,,8,11740.617900000001,1174.0617900000002,0.7,H,T,Lose,6,3,,8,11740.617900000001,1174.0617900000002,0.7,H,T,Lose,6,3,,8,9605.9601,960.5960100000001,0.4,T,H,Lose,4,5,,8,14349.644100000001,1434.9644100000003,0.2,T,H,Lose,2,7,,8,9605.9601,960.5960100000001,0.4,T,H,Lose,4,5,,8,17538.4539,1753.8453900000002,0.2,T,T,Win,2,7,,8,14349.6441,1434.96441,0.3,T,T,Win,3,6,,8,11740.6179,1174.06179,0.6,T,H,Lose,5,4,,8,11740.617900000001,1174.0617900000002,0.4,T,H,Lose,4,5,,8,11740.617900000001,1174.0617900000002,0.2,T,T,Win,2,7,,8,5261.2659,526.1265900000001,0.4,T,T,Win,4,5,,8,6430.436099999999,643.04361,0.6,H,T,Lose,5,4,,8,7859.421899999999,785.94219,0.7,H,H,Win,6,3,,8,7859.421899999999,785.94219,0.6,H,T,Lose,5,4,,8,6430.436099999999,643.04361,0.7,H,H,Win,6,3,,8,7859.421899999999,785.94219,0.4,T,T,Win,4,5,,8,6430.436099999999,643.04361,0.6,T,H,Lose,5,4,,8,9605.960099999998,960.5960099999999,0.4,T,H,Lose,4,5,,8,14349.644100000001,1434.9644100000003,0.3,T,H,Lose,3,6,,8,7859.4219,785.9421900000001,0.6,H,T,Lose,5,4,,8,17538.4539,1753.8453900000002,0.9,H,T,Lose,8,1,,8,6430.436099999999,643.04361,0.6,T,H,Lose,5,4,,8,14349.644100000001,1434.9644100000003,0.3,T,H,Lose,3,6,,8,11740.6179,1174.06179,0.6,H,T,Lose,5,4,,8,14349.6441,1434.96441,0.3,T,T,Win,3,6,,8,11740.617900000001,1174.0617900000002,0.2,T,T,Win,2,7,,8,11740.6179,1174.06179,0.4,T,T,Win,4,5,,8,6430.4361,643.0436100000001,0.4,T,T,Win,4,5,,8,7859.421899999999,785.94219,0.6,T,H,Lose,5,4,,8,7859.4219,785.9421900000001,0.7,H,H,Win,6,3,,8,9605.960099999998,960.5960099999999,0.4,T,H,Lose,4,5,,8,14349.6441,1434.96441,0.3,T,T,Win,3,6,,8,6430.4361,643.0436100000001,0.3,T,T,Win,3,6,,8,9605.960099999998,960.5960099999999,0.7,H,H,Win,6,3,,8,9605.9601,960.5960100000001,0.3,T,T,Win,3,6,,8,9605.960099999998,960.5960099999999,0.6,H,T,Lose,5,4,,8,11740.617900000001,1174.0617900000002,0.3,T,H,Lose,3,6,,8,9605.9601,960.5960100000001,0.3,T,T,Win,3,6,,8,7859.421899999999,785.94219,0.6,T,H,Lose,5,4,,8,11740.6179,1174.06179,0.6,H,T,Lose,5,4,,8,9605.9601,960.5960100000001,0.6,H,T,Lose,5,4,,8,9605.9601,960.5960100000001,0.6,T,H,Lose,5,4,,8,21435.888100000004,2143.5888100000006,0.9,H,T,Lose,8,1,,8,9605.960099999998,960.5960099999999,0.3,T,T,Win,3,6,,8,9605.960099999998,960.5960099999999,0.4,T,T,Win,4,5,,8,7859.421899999999,785.94219,0.4,T,T,Win,4,5,,8,9605.9601,960.5960100000001,0.4,T,H,Lose,4,5,,8,9605.9601,960.5960100000001,0.3,T,T,Win,3,6,,8,14349.644100000001,1434.9644100000003,0.1,T,T,Win,1,8,,8,9605.960099999998,960.5960099999999,0.3,T,T,Win,3,6,,8,6430.436099999999,643.04361,0.7,H,H,Win,6,3,,8,11740.617900000001,1174.0617900000002,0.4,T,H,Lose,4,5,,8,11740.617900000001,1174.0617900000002,0.4,T,H,Lose,4,5,,8,11740.617900000001,1174.0617900000002,0.7,H,H,Win,6,3,,8,6430.436099999999,643.04361,0.6,H,T,Lose,5,4,,8,6430.4361,643.0436100000001,0.7,H,T,Lose,6,3,,8,11740.617900000001,1174.0617900000002,0.2,T,T,Win,2,7,,8,11740.617900000001,1174.0617900000002,0.2,T,T,Win,2,7,,8,6430.436099999999,643.04361,0.4,T,T,Win,4,5,,8,6430.4361,643.0436100000001,0.4,T,T,Win,4,5,,8,9605.960099999998,960.5960099999999,0.8,H,H,Win,7,2,,8,11740.617900000001,1174.0617900000002,0.3,T,H,Lose,3,6,,8,11740.617900000001,1174.0617900000002,0.3,T,H,Lose,3,6,,8,7859.421899999999,785.94219,0.7,H,H,Win,6,3,,8,7859.4219,785.9421900000001,0.6,H,T,Lose,5,4,,8,17538.4539,1753.8453900000002,0.2,T,T,Win,2,7,,8,11740.6179,1174.06179,0.6,T,H,Lose,5,4,,8,11740.617900000001,1174.0617900000002,0.7,H,T,Lose,6,3,,8,14349.644100000001,1434.9644100000003,0.2,T,H,Lose,2,7,,8,14349.644100000001,1434.9644100000003,0.3,T,T,Win,3,6,,8,9605.9601,960.5960100000001,0.4,T,H,Lose,4,5,,8,9605.960099999998,960.5960099999999,0.6,T,H,Lose,5,4,,8,14349.644100000001,1434.9644100000003,0.2,T,H,Lose,2,7,,8,11740.617900000001,1174.0617900000002,0.3,T,H,Lose,3,6,,8,11740.6179,1174.06179,0.3,T,H,Lose,3,6,,8,6430.436099999999,643.04361,0.6,H,T,Lose,5,4,,8,7859.421899999999,785.94219,0.4,T,T,Win,4,5,,8,11740.617900000001,1174.0617900000002,0.3,T,H,Lose,3,6,,8,9605.960099999998,960.5960099999999,0.3,T,T,Win,3,6,,8,14349.6441,1434.96441,0.1,T,T,Win,1,8,,8,7859.421899999999,785.94219,0.8,H,H,Win,7,2,,8,7859.421899999999,785.94219,0.6,T,H,Lose,5,4,,8,9605.960099999998,960.5960099999999,0.7,H,H,Win,6,3,,8,6430.4361,643.0436100000001,0.4,T,T,Win,4,5,,8,11740.617900000001,1174.0617900000002,0.3,T,H,Lose,3,6,,8,14349.644100000001,1434.9644100000003,0.8,H,T,Lose,7,2,,8,17538.4539,1753.8453900000002,0.0,T,T,Win,0,9,,8,9605.9601,960.5960100000001,0.6,H,T,Lose,5,4,,8,6430.4361,643.0436100000001,0.6,T,H,Lose,5,4,,8,11740.617900000001,1174.0617900000002,0.2,T,T,Win,2,7,,8,11740.617900000001,1174.0617900000002,0.3,T,T,Win,3,6,,8,14349.644100000001,1434.9644100000003,0.2,T,T,Win,2,7,,8,7859.421899999999,785.94219,0.6,T,H,Lose,5,4,,8,9605.960099999998,960.5960099999999,0.6,H,T,Lose,5,4,,8,11740.6179,1174.06179,0.6,H,T,Lose,5,4,,8,14349.644100000001,1434.9644100000003,0.1,T,T,Win,1,8,,8,7859.421899999999,785.94219,0.4,T,T,Win,4,5,,8,11740.6179,1174.06179,0.8,H,H,Win,7,2,,8,9605.9601,960.5960100000001,0.6,H,T,Lose,5,4,,8,11740.617900000001,1174.0617900000002,0.3,T,H,Lose,3,6,,8,9605.9601,960.5960100000001,0.6,H,T,Lose,5,4,,8,11740.617900000001,1174.0617900000002,0.8,H,T,Lose,7,2,,8,9605.9601,960.5960100000001,0.4,T,H,Lose,4,5,,8,11740.617900000001,1174.0617900000002,0.3,T,T,Win,3,6,,8,9605.960099999998,960.5960099999999,0.3,T,T,Win,3,6,,8,9605.960099999998,960.5960099999999,0.3,T,T,Win,3,6,,8,6430.436099999999,643.04361,0.4,T,T,Win,4,5,,8,6430.436099999999,643.04361,0.7,H,H,Win,6,3,,8,14349.6441,1434.96441,0.8,H,H,Win,7,2,,8,14349.644100000001,1434.9644100000003,0.2,T,H,Lose,2,7,,8,14349.6441,1434.96441,0.3,T,T,Win,3,6,,8,11740.617900000001,1174.0617900000002,0.8,H,H,Win,7,2,,8,7859.4219,785.9421900000001,0.7,H,T,Lose,6,3,,8,6430.4361,643.0436100000001,0.7,H,T,Lose,6,3,,8,11740.6179,1174.06179,0.7,H,H,Win,6,3,,8,11740.617900000001,1174.0617900000002,0.2,T,T,Win,2,7,,8,9605.9601,960.5960100000001,0.6,H,T,Lose,5,4,,8,9605.9601,960.5960100000001,0.6,H,T,Lose,5,4,,8,9605.9601,960.5960100000001,0.8,H,T,Lose,7,2,,8,7859.421899999999,785.94219,0.4,T,T,Win,4,5,,8,7859.421899999999,785.94219,0.6,H,T,Lose,5,4,,8,14349.644100000001,1434.9644100000003,0.2,T,T,Win,2,7,,8,7859.421899999999,785.94219,0.7,H,H,Win,6,3,,8,9605.960099999998,960.5960099999999,0.8,H,H,Win,7,2,,8,14349.6441,1434.96441,0.8,H,T,Lose,7,2,,8,11740.617900000001,1174.0617900000002,0.6,H,T,Lose,5,4,,8,6430.4361,643.0436100000001,0.7,H,H,Win,6,3,,8,9605.9601,960.5960100000001,0.4,T,H,Lose,4,5,,8,11740.6179,1174.06179,0.6,H,T,Lose,5,4,,8,5261.2659,526.1265900000001,0.6,H,T,Lose,5,4,,8,14349.644100000001,1434.9644100000003,0.4,T,H,Lose,4,5,,8,7859.4219,785.9421900000001,0.6,T,H,Lose,5,4,,8,6430.4361,643.0436100000001,0.4,T,T,Win,4,5,,8,9605.9601,960.5960100000001,0.7,H,H,Win,6,3,,8,11740.617900000001,1174.0617900000002,0.2,T,T,Win,2,7,,8,6430.436100000001,643.0436100000002,0.6,H,T,Lose,5,4,,8,14349.644100000001,1434.9644100000003,0.8,H,H,Win,7,2,,8,6430.436100000001,643.0436100000002,0.6,H,T,Lose,5,4,,8,7859.421899999999,785.94219,0.7,H,H,Win,6,3,,8,7859.421899999999,785.94219,0.6,T,H,Lose,5,4,,8,11740.617900000001,1174.0617900000002,0.8,H,H,Win,7,2,,8,7859.421899999999,785.94219,0.6,T,H,Lose,5,4,,8,11740.617900000001,1174.0617900000002,0.3,T,T,Win,3,6,,8,11740.617900000001,1174.0617900000002,0.3,T,H,Lose,3,6,,8,14349.6441,1434.96441,0.2,T,H,Lose,2,7,,8,9605.960099999998,960.5960099999999,0.4,T,H,Lose,4,5,,8,17538.4539,1753.8453900000002,0.1,T,H,Lose,1,8,,8,9605.960099999998,960.5960099999999,0.3,T,T,Win,3,6,,8,11740.617900000001,1174.0617900000002,0.3,T,T,Win,3,6,,8,11740.617900000001,1174.0617900000002,0.6,H,T,Lose,5,4,,8,11740.617900000001,1174.0617900000002,0.8,H,H,Win,7,2,,8,9605.9601,960.5960100000001,0.6,T,H,Lose,5,4,,8,14349.644100000001,1434.9644100000003,0.3,T,T,Win,3,6,,8,11740.617900000001,1174.0617900000002,0.4,T,H,Lose,4,5,,8,7859.421899999999,785.94219,0.4,T,T,Win,4,5,,8,6430.436099999999,643.04361,0.6,T,H,Lose,5,4,,8,9605.9601,960.5960100000001,0.4,T,T,Win,4,5,,8,9605.960099999998,960.5960099999999,0.3,T,T,Win,3,6,,8,9605.9601,960.5960100000001,0.3,T,T,Win,3,6,,8,9605.9601,960.5960100000001,0.6,H,T,Lose,5,4,,8,6430.4361,643.0436100000001,0.7,H,H,Win,6,3,,8,11740.617900000001,1174.0617900000002,0.2,T,T,Win,2,7,,8,9605.960099999998,960.5960099999999,0.3,T,T,Win,3,6,,8,14349.6441,1434.96441,0.8,H,H,Win,7,2,,8,14349.6441,1434.96441,0.9,H,H,Win,8,1,,8,11740.6179,1174.06179,0.7,H,H,Win,6,3,,8,9605.9601,960.5960100000001,0.3,T,T,Win,3,6,,8,7859.421899999999,785.94219,0.4,T,T,Win,4,5,,8,9605.960099999998,960.5960099999999,0.4,T,T,Win,4,5,,8,11740.6179,1174.06179,0.2,T,T,Win,2,7,,8,14349.644100000001,1434.9644100000003,0.3,T,H,Lose,3,6,,8,7859.421899999999,785.94219,0.6,T,H,Lose,5,4,,8,14349.6441,1434.96441,0.4,T,H,Lose,4,5,,8,17538.4539,1753.8453900000002,0.8,H,T,Lose,7,2,,8,11740.617900000001,1174.0617900000002,0.3,T,T,Win,3,6,,8,7859.421899999999,785.94219,0.4,T,T,Win,4,5,,8,9605.960099999998,960.5960099999999,0.4,T,H,Lose,4,5,,8,9605.960099999998,960.5960099999999,0.3,T,T,Win,3,6,,8,14349.6441,1434.96441,0.3,T,T,Win,3,6,,8,9605.9601,960.5960100000001,0.3,T,T,Win,3,6,,8,9605.9601,960.5960100000001,0.6,T,H,Lose,5,4,,8,11740.617900000001,1174.0617900000002,0.2,T,T,Win,2,7,,8,9605.960099999998,960.5960099999999,0.4,T,H,Lose,4,5,,8,5261.2659,526.1265900000001,0.7,H,H,Win,6,3,,8,9605.9601,960.5960100000001,0.3,T,T,Win,3,6,,8,14349.644100000001,1434.9644100000003,0.9,H,H,Win,8,1,,8,14349.6441,1434.96441,0.4,T,H,Lose,4,5,,8,9605.960099999998,960.5960099999999,0.3,T,T,Win,3,6,,8,9605.9601,960.5960100000001,0.8,H,H,Win,7,2,,8,6430.436099999999,643.04361,0.4,T,T,Win,4,5,,8,9605.9601,960.5960100000001,0.6,T,H,Lose,5,4,,8,7859.421899999999,785.94219,0.6,T,H,Lose,5,4,,8,14349.6441,1434.96441,0.8,H,H,Win,7,2,,8,11740.617900000001,1174.0617900000002,0.7,H,T,Lose,6,3,,8,9605.9601,960.5960100000001,0.4,T,H,Lose,4,5,,8,7859.421899999999,785.94219,0.6,T,H,Lose,5,4,,8,7859.421899999999,785.94219,0.7,H,H,Win,6,3,,8,7859.421899999999,785.94219,0.6,T,H,Lose,5,4,,8,11740.617900000001,1174.0617900000002,0.3,T,H,Lose,3,6,,8,6430.4361,643.0436100000001,0.7,H,H,Win,6,3,,8,6430.4361,643.0436100000001,0.6,H,T,Lose,5,4,,8,9605.960099999998,960.5960099999999,0.4,T,H,Lose,4,5,,8,9605.9601,960.5960100000001,0.3,T,T,Win,3,6,,8,9605.9601,960.5960100000001,0.4,T,H,Lose,4,5,,8,14349.6441,1434.96441,0.8,H,H,Win,7,2,,8,14349.6441,1434.96441,0.8,H,H,Win,7,2,,8,14349.644100000001,1434.9644100000003,0.3,T,T,Win,3,6,,8,9605.9601,960.5960100000001,0.7,H,H,Win,6,3,,8,9605.9601,960.5960100000001,0.6,H,T,Lose,5,4,,8,7859.421899999999,785.94219,0.6,H,T,Lose,5,4,,8,11740.617900000001,1174.0617900000002,0.4,T,H,Lose,4,5,,8,9605.9601,960.5960100000001,0.7,H,H,Win,6,3,,8,7859.421899999999,785.94219,0.6,H,T,Lose,5,4,,8,9605.9601,960.5960100000001,0.4,T,T,Win,4,5,,8,7859.421899999999,785.94219,0.4,T,T,Win,4,5,,8,9605.960099999998,960.5960099999999,0.6,H,T,Lose,5,4,,8,7859.4219,785.9421900000001,0.8,H,H,Win,7,2,,8,7859.4219,785.9421900000001,0.6,H,T,Lose,5,4,,8,9605.960099999998,960.5960099999999,0.6,T,H,Lose,5,4,,8,14349.644100000001,1434.9644100000003,0.2,T,H,Lose,2,7,,8,7859.4219,785.9421900000001,0.3,T,T,Win,3,6,,8,9605.960099999998,960.5960099999999,0.7,H,T,Lose,6,3,,8,9605.9601,960.5960100000001,0.7,H,T,Lose,6,3,,8,9605.960099999998,960.5960099999999,0.4,T,H,Lose,4,5,,8,9605.960099999998,960.5960099999999,0.3,T,T,Win,3,6,,8,11740.617900000001,1174.0617900000002,0.4,T,H,Lose,4,5,,8,9605.9601,960.5960100000001,0.7,H,H,Win,6,3,,8,14349.644100000001,1434.9644100000003,0.3,T,H,Lose,3,6,,8,7859.421899999999,785.94219,0.6,T,H,Lose,5,4,,8,7859.421899999999,785.94219,0.6,T,H,Lose,5,4,,8,5261.2659,526.1265900000001,0.7,H,H,Win,6,3,,8,11740.6179,1174.06179,0.6,H,T,Lose,5,4,,8,17538.4539,1753.8453900000002,0.3,T,H,Lose,3,6,,8,9605.9601,960.5960100000001,0.4,T,H,Lose,4,5,,8,7859.421899999999,785.94219,0.6,T,H,Lose,5,4,,8,6430.436099999999,643.04361,0.7,H,H,Win,6,3,,8,11740.6179,1174.06179,0.7,H,H,Win,6,3,,8,14349.644100000001,1434.9644100000003,0.8,H,T,Lose,7,2,,8,9605.960099999998,960.5960099999999,0.3,T,T,Win,3,6,,8,17538.4539,1753.8453900000002,0.2,T,T,Win,2,7,,8,9605.960099999998,960.5960099999999,0.3,T,T,Win,3,6,,8,7859.421899999999,785.94219,0.4,T,T,Win,4,5,,8,7859.4219,785.9421900000001,0.6,H,T,Lose,5,4,,8,9605.960099999998,960.5960099999999,0.6,T,H,Lose,5,4,,8,11740.617900000001,1174.0617900000002,0.2,T,T,Win,2,7,,8,17538.4539,1753.8453900000002,0.2,T,T,Win,2,7,,8,9605.960099999998,960.5960099999999,0.3,T,T,Win,3,6,,8,6430.4361,643.0436100000001,0.6,H,T,Lose,5,4,,8,6430.4361,643.0436100000001,0.4,T,T,Win,4,5,,8,14349.644100000001,1434.9644100000003,0.4,T,H,Lose,4,5,,8,14349.6441,1434.96441,0.7,H,T,Lose,6,3,,8,7859.421899999999,785.94219,0.6,T,H,Lose,5,4,,8,5261.265899999999,526.12659,0.6,H,T,Lose,5,4,,8,6430.436100000001,643.0436100000002,0.4,T,T,Win,4,5,,8,9605.9601,960.5960100000001,0.3,T,H,Lose,3,6,,8,6430.436100000001,643.0436100000002,0.7,H,H,Win,6,3,,8,9605.960099999998,960.5960099999999,0.4,T,H,Lose,4,5,,8,11740.617900000001,1174.0617900000002,0.8,H,H,Win,7,2,,8,9605.9601,960.5960100000001,0.6,T,H,Lose,5,4,,8,7859.4219,785.9421900000001,0.4,T,H,Lose,4,5,,8,7859.421899999999,785.94219,0.6,H,T,Lose,5,4,,8,9605.960099999998,960.5960099999999,0.4,T,H,Lose,4,5,,8,11740.617900000001,1174.0617900000002,0.6,T,H,Lose,5,4,,8,9605.960099999998,960.5960099999999,0.4,T,H,Lose,4,5,,8,14349.6441,1434.96441,0.3,T,T,Win,3,6,,8,11740.617900000001,1174.0617900000002,0.4,T,T,Win,4,5,,8,17538.4539,1753.8453900000002,0.8,H,T,Lose,7,2,,8,7859.421899999999,785.94219,0.7,H,H,Win,6,3,,8,9605.9601,960.5960100000001,0.7,H,T,Lose,6,3,,8,11740.617900000001,1174.0617900000002,0.2,T,T,Win,2,7,,8,9605.9601,960.5960100000001,0.4,T,H,Lose,4,5,,8,9605.960099999998,960.5960099999999,0.7,H,T,Lose,6,3,,8,11740.617900000001,1174.0617900000002,0.4,T,H,Lose,4,5,,8,11740.617900000001,1174.0617900000002,0.3,T,H,Lose,3,6,,8,14349.644100000001,1434.9644100000003,0.2,T,H,Lose,2,7,,8,7859.4219,785.9421900000001,0.4,T,H,Lose,4,5,
9,12914.679689999999,1291.467969,0.7,H,H,Win,7,3,,9,19292.29929,1929.229929,0.2,T,H,Lose,2,8,,9,5787.39249,578.7392490000001,0.6,H,H,Win,6,4,,9,8645.364090000001,864.5364090000002,0.5,T,H,Lose,5,5,,9,10566.55611,1056.655611,0.4,T,H,Lose,4,6,,9,12914.679689999999,1291.467969,0.7,H,H,Win,7,3,,9,8645.36409,864.5364089999999,0.5,T,T,Win,5,5,,9,10566.556110000001,1056.6556110000001,0.4,T,H,Lose,4,6,,9,12914.679689999999,1291.467969,0.3,T,H,Lose,3,7,,9,8645.36409,864.5364089999999,0.7,H,T,Lose,7,3,,9,10566.55611,1056.655611,0.7,H,H,Win,7,3,,9,12914.67969,1291.4679690000003,0.2,T,T,Win,2,8,,9,10566.55611,1056.655611,0.6,T,H,Lose,6,4,,9,19292.299290000003,1929.2299290000003,0.3,T,H,Lose,3,7,,9,5787.392489999999,578.739249,0.5,H,T,Lose,5,5,,9,8645.36409,864.5364089999999,0.5,T,H,Lose,5,5,,9,10566.556109999998,1056.655611,0.3,T,T,Win,3,7,,9,8645.364090000001,864.5364090000002,0.6,H,T,Lose,6,4,,9,10566.556110000001,1056.6556110000001,0.6,T,H,Lose,6,4,,9,10566.55611,1056.655611,0.5,H,T,Lose,5,5,,9,7073.47971,707.347971,0.6,T,H,Lose,6,4,,9,7073.47971,707.347971,0.6,H,T,Lose,6,4,,9,12914.67969,1291.4679690000003,0.4,T,H,Lose,4,6,,9,10566.556110000001,1056.6556110000001,0.7,H,H,Win,7,3,,9,10566.556110000001,1056.6556110000001,0.8,H,H,Win,8,2,,9,12914.67969,1291.4679690000003,0.3,T,H,Lose,3,7,,9,10566.55611,1056.655611,0.5,H,T,Lose,5,5,,9,12914.67969,1291.4679690000003,0.2,T,T,Win,2,8,,9,7073.47971,707.347971,0.5,H,T,Lose,5,5,,9,7073.4797100000005,707.3479710000001,0.5,H,T,Lose,5,5,,9,10566.556109999998,1056.655611,0.7,H,T,Lose,7,3,,9,7073.47971,707.347971,0.5,T,H,Lose,5,5,,9,8645.364090000001,864.5364090000002,0.5,H,T,Lose,5,5,,9,12914.679689999999,1291.467969,0.4,T,H,Lose,4,6,,9,8645.36409,864.5364089999999,0.5,T,H,Lose,5,5,,9,10566.556110000001,1056.6556110000001,0.4,T,T,Win,4,6,,9,10566.556110000001,1056.6556110000001,0.3,T,T,Win,3,7,,9,8645.36409,864.5364089999999,0.4,T,T,Win,4,6,,9,12914.67969,1291.4679690000003,0.7,H,H,Win,7,3,,9,10566.556110000001,1056.6556110000001,0.4,T,T,Win,4,6,,9,15784.608510000002,1578.4608510000003,0.3,T,T,Win,3,7,,9,10566.556110000001,1056.6556110000001,0.4,T,T,Win,4,6,,9,10566.556110000001,1056.6556110000001,0.6,H,T,Lose,6,4,,9,8645.36409,864.5364089999999,0.5,T,H,Lose,5,5,,9,8645.36409,864.5364089999999,0.5,T,H,Lose,5,5,,9,7073.479710000001,707.3479710000001,0.5,T,H,Lose,5,5,,9,8645.364090000001,864.5364090000002,0.6,H,H,Win,6,4,,9,4735.1393100000005,473.51393100000007,0.5,H,T,Lose,5,5,,9,10566.55611,1056.655611,0.5,T,T,Win,5,5,,9,12914.67969,1291.4679690000003,0.2,T,T,Win,2,8,,9,5787.392489999999,578.739249,0.5,T,T,Win,5,5,,9,12914.67969,1291.4679690000003,0.2,T,T,Win,2,8,,9,8645.364090000001,864.5364090000002,0.4,T,T,Win,4,6,,9,19292.29929,1929.229929,0.3,T,H,Lose,3,7,,9,12914.67969,1291.4679690000003,0.3,T,H,Lose,3,7,,9,10566.556110000001,1056.6556110000001,0.3,T,T,Win,3,7,,9,12914.679689999999,1291.467969,0.3,T,T,Win,3,7,,9,10566.556110000001,1056.6556110000001,0.3,T,T,Win,3,7,,9,7073.4797100000005,707.3479710000001,0.6,H,H,Win,6,4,,9,8645.36409,864.5364089999999,0.7,H,H,Win,7,3,,9,8645.36409,864.5364089999999,0.5,T,H,Lose,5,5,,9,10566.556110000001,1056.6556110000001,0.7,H,H,Win,7,3,,9,12914.679689999999,1291.467969,0.7,H,T,Lose,7,3,,9,12914.67969,1291.4679690000003,0.2,T,T,Win,2,8,,9,8645.36409,864.5364089999999,0.5,T,H,Lose,5,5,,9,8645.36409,864.5364089999999,0.6,T,H,Lose,6,4,,9,5787.39249,578.7392490000001,0.5,T,T,Win,5,5,,9,7073.4797100000005,707.3479710000001,0.5,H,T,Lose,5,5,,9,10566.55611,1056.655611,0.8,H,H,Win,8,2,,9,7073.47971,707.347971,0.6,H,T,Lose,6,4,,9,10566.556109999998,1056.655611,0.6,H,T,Lose,6,4,,9,12914.679689999999,1291.467969,0.5,T,H,Lose,5,5,,9,7073.47971,707.347971,0.6,H,H,Win,6,4,,9,10566.556109999998,1056.655611,0.3,T,T,Win,3,7,,9,8645.364090000001,864.5364090000002,0.4,T,T,Win,4,6,,9,7073.47971,707.347971,0.6,T,H,Lose,6,4,,9,7073.479710000001,707.3479710000001,0.4,T,T,Win,4,6,,9,10566.556110000001,1056.6556110000001,0.3,T,T,Win,3,7,,9,15784.608510000002,1578.4608510000003,0.7,H,T,Lose,7,3,,9,10566.556110000001,1056.6556110000001,0.7,H,H,Win,7,3,,9,7073.479710000001,707.3479710000001,0.4,T,T,Win,4,6,,9,8645.364090000001,864.5364090000002,0.6,H,T,Lose,6,4,,9,12914.67969,1291.4679690000003,0.2,T,T,Win,2,8,,9,10566.556110000001,1056.6556110000001,0.6,H,T,Lose,6,4,,9,10566.55611,1056.655611,0.4,T,H,Lose,4,6,,9,7073.47971,707.347971,0.5,T,T,Win,5,5,,9,10566.55611,1056.655611,0.6,T,H,Lose,6,4,,9,10566.556110000001,1056.6556110000001,0.6,H,T,Lose,6,4,,9,10566.556109999998,1056.655611,0.8,H,H,Win,8,2,,9,19292.29929,1929.229929,0.1,T,H,Lose,1,9,,9,8645.364090000001,864.5364090000002,0.4,T,T,Win,4,6,,9,8645.364090000001,864.5364090000002,0.4,T,H,Lose,4,6,,9,8645.36409,864.5364089999999,0.4,T,T,Win,4,6,,9,10566.556110000001,1056.6556110000001,0.4,T,H,Lose,4,6,,9,7073.47971,707.347971,0.5,H,T,Lose,5,5,,9,19292.29929,1929.229929,0.1,T,H,Lose,1,9,,9,8645.364090000001,864.5364090000002,0.5,T,T,Win,5,5,,9,5787.39249,578.7392490000001,0.6,H,T,Lose,6,4,,9,7073.47971,707.347971,0.6,H,H,Win,6,4,,9,12914.67969,1291.4679690000003,0.3,T,H,Lose,3,7,,9,7073.4797100000005,707.3479710000001,0.6,T,H,Lose,6,4,,9,12914.679689999999,1291.467969,0.7,H,H,Win,7,3,,9,7073.47971,707.347971,0.5,H,T,Lose,5,5,,9,8645.364090000001,864.5364090000002,0.5,T,H,Lose,5,5,,9,15784.60851,1578.460851,0.7,H,T,Lose,7,3,,9,10566.556109999998,1056.655611,0.6,H,T,Lose,6,4,,9,10566.55611,1056.655611,0.6,T,H,Lose,6,4,,9,10566.55611,1056.655611,0.5,T,H,Lose,5,5,,9,8645.364090000001,864.5364090000002,0.7,H,T,Lose,7,3,,9,10566.556109999998,1056.655611,0.6,H,T,Lose,6,4,,9,12914.67969,1291.4679690000003,0.2,T,T,Win,2,8,,9,7073.47971,707.347971,0.7,H,H,Win,7,3,,9,7073.47971,707.347971,0.6,T,H,Lose,6,4,,9,5787.392489999999,578.739249,0.6,H,H,Win,6,4,,9,12914.679689999999,1291.467969,0.4,T,H,Lose,4,6,,9,8645.364090000001,864.5364090000002,0.4,T,T,Win,4,6,,9,7073.47971,707.347971,0.5,T,H,Lose,5,5,,9,7073.479710000001,707.3479710000001,0.7,H,H,Win,7,3,,9,10566.55611,1056.655611,0.8,H,T,Lose,8,2,,9,7073.47971,707.347971,0.5,T,T,Win,5,5,,9,8645.364090000001,864.5364090000002,0.7,H,T,Lose,7,3,,9,12914.679689999999,1291.467969,0.3,T,H,Lose,3,7,,9,8645.36409,864.5364089999999,0.4,T,T,Win,4,6,,9,8645.36409,864.5364089999999,0.4,T,T,Win,4,6,,9,12914.67969,1291.4679690000003,0.2,T,T,Win,2,8,,9,8645.36409,864.5364089999999,0.5,T,H,Lose,5,5,,9,5787.392489999999,578.739249,0.5,T,H,Lose,5,5,,9,10566.55611,1056.655611,0.6,H,T,Lose,6,4,,9,8645.364090000001,864.5364090000002,0.5,H,T,Lose,5,5,,9,7073.479709999999,707.3479709999999,0.7,H,H,Win,7,3,,9,8645.364090000001,864.5364090000002,0.8,H,H,Win,8,2,,9,8645.36409,864.5364089999999,0.4,T,T,Win,4,6,,9,8645.364090000001,864.5364090000002,0.6,H,H,Win,6,4,,9,12914.679689999999,1291.467969,0.5,T,H,Lose,5,5,,9,10566.556109999998,1056.655611,0.8,H,H,Win,8,2,,9,8645.36409,864.5364089999999,0.5,T,H,Lose,5,5,,9,7073.47971,707.347971,0.6,H,H,Win,6,4,,9,4735.1393100000005,473.51393100000007,0.5,T,T,Win,5,5,,9,7073.47971,707.347971,0.5,T,T,Win,5,5,,9,12914.679689999999,1291.467969,0.4,T,T,Win,4,6,,9,15784.60851,1578.460851,0.2,T,T,Win,2,8,,9,12914.679689999999,1291.467969,0.7,H,T,Lose,7,3,,9,7073.479710000001,707.3479710000001,0.6,H,T,Lose,6,4,,9,8645.36409,864.5364089999999,0.5,T,H,Lose,5,5,,9,8645.364090000001,864.5364090000002,0.7,H,H,Win,7,3,,9,10566.556109999998,1056.655611,0.5,T,H,Lose,5,5,,9,10566.556110000001,1056.6556110000001,0.8,H,H,Win,8,2,,9,8645.36409,864.5364089999999,0.5,H,T,Lose,5,5,,9,5787.39249,578.7392490000001,0.6,T,H,Lose,6,4,,9,7073.47971,707.347971,0.5,T,T,Win,5,5,,9,12914.67969,1291.4679690000003,0.7,H,H,Win,7,3,,9,8645.364090000001,864.5364090000002,0.5,H,T,Lose,5,5,,9,12914.67969,1291.4679690000003,0.8,H,H,Win,8,2,,9,12914.679689999999,1291.467969,0.6,H,T,Lose,6,4,,9,10566.55611,1056.655611,0.3,T,T,Win,3,7,,9,5787.39249,578.7392490000001,0.5,H,T,Lose,5,5,,9,8645.364090000001,864.5364090000002,0.6,H,T,Lose,6,4,,9,7073.4797100000005,707.3479710000001,0.6,H,T,Lose,6,4,,9,7073.47971,707.347971,0.5,T,T,Win,5,5,,9,12914.679689999999,1291.467969,0.8,H,H,Win,8,2,,9,10566.556110000001,1056.6556110000001,0.4,T,T,Win,4,6,,9,7073.47971,707.347971,0.5,T,H,Lose,5,5,,9,10566.55611,1056.655611,0.4,T,T,Win,4,6,,9,5787.39249,578.7392490000001,0.5,H,T,Lose,5,5,,9,7073.4797100000005,707.3479710000001,0.4,T,T,Win,4,6,,9,8645.36409,864.5364089999999,0.7,H,H,Win,7,3,,9,12914.679689999999,1291.467969,0.7,H,T,Lose,7,3,,9,8645.36409,864.5364089999999,0.5,H,T,Lose,5,5,,9,10566.556110000001,1056.6556110000001,0.6,H,T,Lose,6,4,,9,10566.556109999998,1056.655611,0.6,H,T,Lose,6,4,,9,8645.364090000001,864.5364090000002,0.5,T,H,Lose,5,5,,9,10566.556109999998,1056.655611,0.7,H,H,Win,7,3,,9,10566.556109999998,1056.655611,0.6,H,T,Lose,6,4,,9,8645.36409,864.5364089999999,0.4,T,T,Win,4,6,,9,12914.679689999999,1291.467969,0.6,H,T,Lose,6,4,,9,10566.556109999998,1056.655611,0.3,T,T,Win,3,7,,9,10566.556110000001,1056.6556110000001,0.4,T,H,Lose,4,6,,9,5787.392489999999,578.739249,0.6,H,H,Win,6,4,,9,8645.36409,864.5364089999999,0.5,T,H,Lose,5,5,,9,8645.364090000001,864.5364090000002,0.4,T,T,Win,4,6,,9,8645.36409,864.5364089999999,0.5,T,H,Lose,5,5,,9,10566.556109999998,1056.655611,0.7,H,H,Win,7,3,,9,7073.4797100000005,707.3479710000001,0.5,H,T,Lose,5,5,,9,4735.1393100000005,473.51393100000007,0.5,T,T,Win,5,5,,9,7073.4797100000005,707.3479710000001,0.5,T,T,Win,5,5,,9,10566.556109999998,1056.655611,0.8,H,H,Win,8,2,,9,12914.67969,1291.4679690000003,0.6,H,T,Lose,6,4,,9,12914.67969,1291.4679690000003,0.3,T,T,Win,3,7,,9,7073.47971,707.347971,0.6,T,H,Lose,6,4,,9,7073.47971,707.347971,0.6,H,T,Lose,6,4,,9,7073.47971,707.347971,0.6,T,H,Lose,6,4,,9,10566.556110000001,1056.6556110000001,0.4,T,H,Lose,4,6,,9,8645.36409,864.5364089999999,0.6,H,T,Lose,6,4,,9,8645.36409,864.5364089999999,0.6,H,H,Win,6,4,,9,10566.556110000001,1056.6556110000001,0.5,H,T,Lose,5,5,,9,10566.556110000001,1056.6556110000001,0.4,T,H,Lose,4,6,,9,10566.55611,1056.655611,0.4,T,H,Lose,4,6,,9,10566.556109999998,1056.655611,0.8,H,H,Win,8,2,,9,10566.55611,1056.655611,0.3,T,T,Win,3,7,,9,10566.55611,1056.655611,0.5,T,H,Lose,5,5,,9,15784.60851,1578.460851,0.3,T,T,Win,3,7,,9,10566.55611,1056.655611,0.7,H,H,Win,7,3,,9,8645.36409,864.5364089999999,0.5,T,H,Lose,5,5,,9,19292.299290000003,1929.2299290000003,0.8,H,T,Lose,8,2,,9,5787.39249,578.7392490000001,0.5,T,H,Lose,5,5,,9,10566.556109999998,1056.655611,0.3,T,T,Win,3,7,,9,7073.479709999999,707.3479709999999,0.4,T,T,Win,4,6,,9,10566.556109999998,1056.655611,0.3,T,T,Win,3,7,,9,10566.556110000001,1056.6556110000001,0.3,T,T,Win,3,7,,9,8645.364090000001,864.5364090000002,0.7,H,T,Lose,7,3,,9,8645.364090000001,864.5364090000002,0.7,H,T,Lose,7,3,,9,7073.47971,707.347971,0.6,T,H,Lose,6,4,,9,15784.608510000002,1578.4608510000003,0.1,T,T,Win,1,9,,9,12914.679689999999,1291.467969,0.2,T,T,Win,2,8,,9,5787.39249,578.7392490000001,0.6,T,H,Lose,6,4,,9,10566.55611,1056.655611,0.6,H,T,Lose,6,4,,9,10566.55611,1056.655611,0.5,T,H,Lose,5,5,,9,12914.679689999999,1291.467969,0.4,T,T,Win,4,6,,9,15784.608510000002,1578.4608510000003,0.8,H,H,Win,8,2,,9,8645.36409,864.5364089999999,0.6,H,T,Lose,6,4,,9,10566.556109999998,1056.655611,0.4,T,H,Lose,4,6,,9,7073.47971,707.347971,0.6,H,H,Win,6,4,,9,5787.392489999999,578.739249,0.6,H,T,Lose,6,4,,9,10566.55611,1056.655611,0.4,T,T,Win,4,6,,9,7073.47971,707.347971,0.6,H,T,Lose,6,4,,9,10566.55611,1056.655611,0.3,T,T,Win,3,7,,9,5787.39249,578.7392490000001,0.6,H,H,Win,6,4,,9,8645.364090000001,864.5364090000002,0.6,H,T,Lose,6,4,,9,8645.36409,864.5364089999999,0.6,H,T,Lose,6,4,,9,12914.679689999999,1291.467969,0.4,T,T,Win,4,6,,9,15784.60851,1578.460851,0.8,H,H,Win,8,2,,9,8645.364090000001,864.5364090000002,0.7,H,T,Lose,7,3,,9,7073.47971,707.347971,0.7,H,H,Win,7,3,,9,8645.364090000001,864.5364090000002,0.3,T,T,Win,3,7,,9,5787.392489999999,578.739249,0.5,T,T,Win,5,5,,9,10566.55611,1056.655611,0.6,H,T,Lose,6,4,,9,8645.36409,864.5364089999999,0.6,T,H,Lose,6,4,,9,12914.679689999999,1291.467969,0.3,T,H,Lose,3,7,,9,10566.55611,1056.655611,0.6,T,H,Lose,6,4,,9,10566.556110000001,1056.6556110000001,0.5,T,H,Lose,5,5,,9,8645.36409,864.5364089999999,0.7,H,H,Win,7,3,,9,7073.479709999999,707.3479709999999,0.5,T,H,Lose,5,5,,9,7073.47971,707.347971,0.6,H,H,Win,6,4,,9,10566.55611,1056.655611,0.6,H,H,Win,6,4,,9,10566.55611,1056.655611,0.6,H,T,Lose,6,4,,9,8645.364090000001,864.5364090000002,0.6,H,T,Lose,6,4,,9,7073.47971,707.347971,0.7,H,H,Win,7,3,,9,8645.364090000001,864.5364090000002,0.5,T,T,Win,5,5,,9,10566.55611,1056.655611,0.5,T,T,Win,5,5,,9,12914.67969,1291.4679690000003,0.4,T,T,Win,4,6,,9,12914.67969,1291.4679690000003,0.4,T,T,Win,4,6,,9,12914.679689999999,1291.467969,0.7,H,H,Win,7,3,,9,7073.4797100000005,707.3479710000001,0.5,T,T,Win,5,5,,9,7073.47971,707.347971,0.5,H,T,Lose,5,5,,9,5787.392489999999,578.739249,0.6,H,H,Win,6,4,,9,10566.55611,1056.655611,0.6,H,T,Lose,6,4,,9,8645.36409,864.5364089999999,0.5,T,H,Lose,5,5,,9,8645.36409,864.5364089999999,0.4,T,T,Win,4,6,,9,10566.55611,1056.655611,0.5,T,H,Lose,5,5,,9,10566.556110000001,1056.6556110000001,0.4,T,H,Lose,4,6,,9,10566.556109999998,1056.655611,0.4,T,H,Lose,4,6,,9,10566.556110000001,1056.6556110000001,0.3,T,T,Win,3,7,,9,8645.364090000001,864.5364090000002,0.6,H,H,Win,6,4,,9,8645.36409,864.5364089999999,0.4,T,T,Win,4,6,,9,7073.47971,707.347971,0.5,T,T,Win,5,5,,9,5787.39249,578.7392490000001,0.5,T,T,Win,5,5,,9,10566.55611,1056.655611,0.6,T,H,Lose,6,4,,9,10566.556109999998,1056.655611,0.4,T,H,Lose,4,6,,9,7073.4797100000005,707.3479710000001,0.6,H,T,Lose,6,4,,9,12914.67969,1291.4679690000003,0.2,T,T,Win,2,8,,9,10566.556110000001,1056.6556110000001,0.7,H,H,Win,7,3,,9,8645.36409,864.5364089999999,0.4,T,T,Win,4,6,,9,10566.556110000001,1056.6556110000001,0.6,H,T,Lose,6,4,,9,15784.60851,1578.460851,0.7,H,T,Lose,7,3,,9,8645.364090000001,864.5364090000002,0.4,T,H,Lose,4,6,,9,5787.39249,578.7392490000001,0.4,T,T,Win,4,6,,9,5787.39249,578.7392490000001,0.4,T,T,Win,4,6,,9,10566.55611,1056.655611,0.3,T,T,Win,3,7,,9,10566.556109999998,1056.655611,0.7,H,T,Lose,7,3,,9,15784.60851,1578.460851,0.7,H,T,Lose,7,3,,9,7073.47971,707.347971,0.5,T,T,Win,5,5,,9,10566.556110000001,1056.6556110000001,0.6,H,T,Lose,6,4,,9,10566.55611,1056.655611,0.6,H,T,Lose,6,4,,9,5787.39249,578.7392490000001,0.6,H,H,Win,6,4,,9,12914.679689999999,1291.467969,0.3,T,H,Lose,3,7,,9,12914.67969,1291.4679690000003,0.2,T,T,Win,2,8,,9,10566.55611,1056.655611,0.4,T,H,Lose,4,6,,9,7073.47971,707.347971,0.6,T,H,Lose,6,4,,9,5787.39249,578.7392490000001,0.5,H,T,Lose,5,5,,9,10566.55611,1056.655611,0.5,T,H,Lose,5,5,,9,10566.556109999998,1056.655611,0.7,H,T,Lose,7,3,,9,15784.60851,1578.460851,0.4,T,H,Lose,4,6,,9,7073.47971,707.347971,0.4,T,T,Win,4,6,,9,7073.479710000001,707.3479710000001,0.6,H,T,Lose,6,4,,9,12914.679689999999,1291.467969,0.6,H,T,Lose,6,4,,9,12914.679689999999,1291.467969,0.7,H,H,Win,7,3,,9,4735.1393100000005,473.51393100000007,0.6,T,H,Lose,6,4,,9,8645.36409,864.5364089999999,0.6,H,T,Lose,6,4,,9,8645.364090000001,864.5364090000002,0.5,T,H,Lose,5,5,,9,8645.36409,864.5364089999999,0.4,T,T,Win,4,6,,9,12914.67969,1291.4679690000003,0.3,T,H,Lose,3,7,,9,8645.364090000001,864.5364090000002,0.5,T,H,Lose,5,5,,9,12914.67969,1291.4679690000003,0.3,T,H,Lose,3,7,,9,12914.67969,1291.4679690000003,0.2,T,T,Win,2,8,,9,10566.556109999998,1056.655611,0.4,T,H,Lose,4,6,,9,10566.556110000001,1056.6556110000001,0.7,H,H,Win,7,3,,9,12914.67969,1291.4679690000003,0.3,T,H,Lose,3,7,,9,12914.679689999999,1291.467969,0.4,T,H,Lose,4,6,,9,5787.392489999999,578.739249,0.5,T,T,Win,5,5,,9,5787.39249,578.7392490000001,0.6,T,H,Lose,6,4,,9,15784.60851,1578.460851,0.2,T,H,Lose,2,8,,9,7073.4797100000005,707.3479710000001,0.7,H,H,Win,7,3,,9,12914.679689999999,1291.467969,0.5,T,H,Lose,5,5,,9,8645.36409,864.5364089999999,0.7,H,H,Win,7,3,,9,10566.556110000001,1056.6556110000001,0.3,T,T,Win,3,7,,9,8645.36409,864.5364089999999,0.6,H,T,Lose,6,4,,9,8645.36409,864.5364089999999,0.5,T,H,Lose,5,5,,9,15784.608510000002,1578.4608510000003,0.8,H,H,Win,8,2,,9,10566.55611,1056.655611,0.7,H,H,Win,7,3,,9,8645.36409,864.5364089999999,0.4,T,T,Win,4,6,,9,10566.556110000001,1056.6556110000001,0.3,T,T,Win,3,7,,9,8645.36409,864.5364089999999,0.4,T,T,Win,4,6,,9,10566.55611,1056.655611,0.7,H,T,Lose,7,3,,9,7073.479709999999,707.3479709999999,0.6,H,T,Lose,6,4,,9,8645.364090000001,864.5364090000002,0.4,T,T,Win,4,6,,9,10566.556109999998,1056.655611,0.7,H,H,Win,7,3,,9,8645.36409,864.5364089999999,0.4,T,T,Win,4,6,,9,8645.36409,864.5364089999999,0.7,H,H,Win,7,3,,9,5787.39249,578.7392490000001,0.5,H,T,Lose,5,5,,9,8645.364090000001,864.5364090000002,0.6,T,H,Lose,6,4,,9,12914.679689999999,1291.467969,0.6,H,T,Lose,6,4,,9,7073.479710000001,707.3479710000001,0.6,H,T,Lose,6,4,,9,10566.55611,1056.655611,0.5,H,T,Lose,5,5,,9,7073.47971,707.347971,0.7,H,H,Win,7,3,,9,10566.556109999998,1056.655611,0.4,T,H,Lose,4,6,,9,12914.67969,1291.4679690000003,0.4,T,H,Lose,4,6,,9,12914.67969,1291.4679690000003,0.3,T,H,Lose,3,7,,9,8645.36409,864.5364089999999,0.6,H,T,Lose,6,4,,9,8645.36409,864.5364089999999,0.4,T,T,Win,4,6,,9,4735.1393100000005,473.51393100000007,0.6,T,H,Lose,6,4,,9,15784.608510000002,1578.4608510000003,0.2,T,H,Lose,2,8,,9,5787.392489999999,578.739249,0.6,T,H,Lose,6,4,,9,10566.55611,1056.655611,0.4,T,H,Lose,4,6,,9,12914.67969,1291.4679690000003,0.3,T,H,Lose,3,7,,9,8645.36409,864.5364089999999,0.6,H,H,Win,6,4,,9,10566.55611,1056.655611,0.5,T,H,Lose,5,5,,9,8645.36409,864.5364089999999,0.6,T,H,Lose,6,4,,9,7073.47971,707.347971,0.6,T,H,Lose,6,4,,9,15784.608510000002,1578.4608510000003,0.8,H,H,Win,8,2,,9,8645.364090000001,864.5364090000002,0.5,T,H,Lose,5,5,,9,7073.479710000001,707.3479710000001,0.4,T,T,Win,4,6,,9,7073.479709999999,707.3479709999999,0.5,T,H,Lose,5,5,,9,10566.556109999998,1056.655611,0.3,T,T,Win,3,7,,9,15784.608510000002,1578.4608510000003,0.2,T,H,Lose,2,8,,9,10566.55611,1056.655611,0.4,T,H,Lose,4,6,,9,10566.556109999998,1056.655611,0.4,T,T,Win,4,6,,9,8645.364090000001,864.5364090000002,0.5,T,H,Lose,5,5,,9,12914.679689999999,1291.467969,0.7,H,H,Win,7,3,,9,5787.39249,578.7392490000001,0.6,H,T,Lose,6,4,,9,8645.364090000001,864.5364090000002,0.5,T,H,Lose,5,5,,9,5787.39249,578.7392490000001,0.5,T,T,Win,5,5,,9,12914.67969,1291.4679690000003,0.2,T,T,Win,2,8,,9,8645.36409,864.5364089999999,0.7,H,H,Win,7,3,,9,10566.55611,1056.655611,0.6,H,T,Lose,6,4,,9,12914.67969,1291.4679690000003,0.8,H,H,Win,8,2,,9,10566.556109999998,1056.655611,0.3,T,T,Win,3,7,,9,7073.47971,707.347971,0.5,H,T,Lose,5,5,,9,12914.67969,1291.4679690000003,0.2,T,T,Win,2,8,,9,12914.679689999999,1291.467969,0.4,T,T,Win,4,6,,9,12914.67969,1291.4679690000003,0.6,H,T,Lose,6,4,,9,7073.479709999999,707.3479709999999,0.6,H,T,Lose,6,4,,9,7073.4797100000005,707.3479710000001,0.6,T,H,Lose,6,4,,9,10566.55611,1056.655611,0.6,H,H,Win,6,4,,9,8645.36409,864.5364089999999,0.5,T,H,Lose,5,5,,9,5787.39249,578.7392490000001,0.7,H,H,Win,7,3,,9,12914.679689999999,1291.467969,0.8,H,H,Win,8,2,,9,12914.67969,1291.4679690000003,0.3,T,H,Lose,3,7,,9,10566.556110000001,1056.6556110000001,0.4,T,H,Lose,4,6,,9,10566.556110000001,1056.6556110000001,0.7,H,T,Lose,7,3,,9,8645.364090000001,864.5364090000002,0.6,H,H,Win,6,4,,9,12914.679689999999,1291.467969,0.6,H,T,Lose,6,4,,9,8645.36409,864.5364089999999,0.5,T,H,Lose,5,5,,9,12914.679689999999,1291.467969,0.5,T,H,Lose,5,5,,9,10566.556109999998,1056.655611,0.4,T,H,Lose,4,6,,9,10566.55611,1056.655611,0.7,H,H,Win,7,3,,9,12914.67969,1291.4679690000003,0.3,T,T,Win,3,7,,9,5787.39249,578.7392490000001,0.6,T,H,Lose,6,4,,9,8645.364090000001,864.5364090000002,0.4,T,H,Lose,4,6,,9,12914.67969,1291.4679690000003,0.2,T,T,Win,2,8,,9,12914.67969,1291.4679690000003,0.7,H,T,Lose,7,3,,9,12914.67969,1291.4679690000003,0.2,T,T,Win,2,8,,9,10566.556109999998,1056.655611,0.7,H,T,Lose,7,3,,9,8645.36409,864.5364089999999,0.4,T,T,Win,4,6,,9,12914.67969,1291.4679690000003,0.8,H,H,Win,8,2,,9,23579.476910000005,2357.9476910000008,1.0,H,H,Win,10,0,,9,15784.60851,1578.460851,0.3,T,T,Win,3,7,,9,7073.4797100000005,707.3479710000001,0.5,T,H,Lose,5,5,,9,7073.47971,707.347971,0.5,T,T,Win,5,5,,9,12914.67969,1291.4679690000003,0.8,H,T,Lose,8,2,,9,8645.364090000001,864.5364090000002,0.8,H,H,Win,8,2,,9,8645.364090000001,864.5364090000002,0.4,T,T,Win,4,6,,9,10566.556109999998,1056.655611,0.3,T,T,Win,3,7,,9,8645.36409,864.5364089999999,0.7,H,H,Win,7,3,,9,5787.392489999999,578.739249,0.6,H,T,Lose,6,4,,9,15784.608510000002,1578.4608510000003,0.2,T,H,Lose,2,8,,9,10566.55611,1056.655611,0.8,H,H,Win,8,2,,9,8645.36409,864.5364089999999,0.5,T,H,Lose,5,5,,9,10566.55611,1056.655611,0.6,T,H,Lose,6,4,,9,7073.47971,707.347971,0.5,T,T,Win,5,5,,9,4735.13931,473.51393099999996,0.5,H,T,Lose,5,5,,9,10566.556109999998,1056.655611,0.5,T,H,Lose,5,5,,9,8645.36409,864.5364089999999,0.4,T,T,Win,4,6,,9,8645.36409,864.5364089999999,0.7,H,H,Win,7,3,,9,8645.36409,864.5364089999999,0.7,H,H,Win,7,3,,9,10566.55611,1056.655611,0.7,H,H,Win,7,3,,9,8645.364090000001,864.5364090000002,0.6,H,H,Win,6,4,,9,10566.55611,1056.655611,0.3,T,T,Win,3,7,,9,8645.36409,864.5364089999999,0.4,T,T,Win,4,6,,9,7073.4797100000005,707.3479710000001,0.6,H,H,Win,6,4,,9,8645.36409,864.5364089999999,0.7,H,H,Win,7,3,,9,8645.364090000001,864.5364090000002,0.8,H,H,Win,8,2,,9,10566.556110000001,1056.6556110000001,0.6,H,T,Lose,6,4,,9,10566.556109999998,1056.655611,0.3,T,T,Win,3,7,,9,8645.364090000001,864.5364090000002,0.5,H,T,Lose,5,5,,9,8645.36409,864.5364089999999,0.4,T,T,Win,4,6,,9,12914.67969,1291.4679690000003,0.4,T,H,Lose,4,6,,9,7073.47971,707.347971,0.5,T,T,Win,5,5,,9,8645.36409,864.5364089999999,0.5,T,H,Lose,5,5,,9,10566.55611,1056.655611,0.6,H,T,Lose,6,4,,9,8645.364090000001,864.5364090000002,0.6,T,H,Lose,6,4,,9,12914.67969,1291.4679690000003,0.4,T,H,Lose,4,6,,9,8645.364090000001,864.5364090000002,0.7,H,T,Lose,7,3,,9,7073.47971,707.347971,0.6,T,H,Lose,6,4,,9,7073.4797100000005,707.3479710000001,0.6,H,H,Win,6,4,,9,5787.39249,578.7392490000001,0.6,T,H,Lose,6,4,,9,5787.392489999999,578.739249,0.4,T,T,Win,4,6,,9,7073.47971,707.347971,0.5,T,T,Win,5,5,,9,10566.55611,1056.655611,0.8,H,H,Win,8,2,,9,7073.479709999999,707.3479709999999,0.6,H,T,Lose,6,4,,9,8645.36409,864.5364089999999,0.4,T,T,Win,4,6,,9,15784.60851,1578.460851,0.7,H,T,Lose,7,3,,9,8645.364090000001,864.5364090000002,0.5,H,T,Lose,5,5,,9,5787.39249,578.7392490000001,0.6,H,T,Lose,6,4,,9,7073.4797100000005,707.3479710000001,0.5,T,H,Lose,5,5,,9,8645.36409,864.5364089999999,0.7,H,H,Win,7,3,,9,8645.364090000001,864.5364090000002,0.6,H,T,Lose,6,4,,9,8645.364090000001,864.5364090000002,0.5,T,H,Lose,5,5,,9,8645.36409,864.5364089999999,0.4,T,H,Lose,4,6,,9,8645.36409,864.5364089999999,0.6,H,H,Win,6,4,,9,12914.67969,1291.4679690000003,0.4,T,H,Lose,4,6,,9,10566.55611,1056.655611,0.4,T,H,Lose,4,6,,9,8645.36409,864.5364089999999,0.4,T,T,Win,4,6,,9,12914.67969,1291.4679690000003,0.3,T,H,Lose,3,7,,9,15784.60851,1578.460851,0.8,H,H,Win,8,2,,9,7073.47971,707.347971,0.5,T,T,Win,5,5,,9,7073.47971,707.347971,0.5,H,T,Lose,5,5,,9,12914.67969,1291.4679690000003,0.3,T,H,Lose,3,7,,9,12914.67969,1291.4679690000003,0.6,H,T,Lose,6,4,,9,5787.39249,578.7392490000001,0.6,T,H,Lose,6,4,,9,7073.47971,707.347971,0.6,H,H,Win,6,4,,9,10566.556110000001,1056.6556110000001,0.4,T,H,Lose,4,6,,9,8645.364090000001,864.5364090000002,0.6,H,T,Lose,6,4,,9,12914.67969,1291.4679690000003,0.7,H,H,Win,7,3,,9,10566.556109999998,1056.655611,0.4,T,H,Lose,4,6,,9,12914.67969,1291.4679690000003,0.4,T,H,Lose,4,6,,9,8645.36409,864.5364089999999,0.7,H,H,Win,7,3,,9,8645.36409,864.5364089999999,0.5,T,H,Lose,5,5,,9,8645.36409,864.5364089999999,0.7,H,H,Win,7,3,,9,10566.55611,1056.655611,0.5,T,H,Lose,5,5,,9,8645.364090000001,864.5364090000002,0.6,H,T,Lose,6,4,,9,8645.36409,864.5364089999999,0.6,H,T,Lose,6,4,,9,10566.556110000001,1056.6556110000001,0.6,H,H,Win,6,4,,9,19292.29929,1929.229929,0.1,T,T,Win,1,9,,9,5787.39249,578.7392490000001,0.6,H,H,Win,6,4,,9,10566.556110000001,1056.6556110000001,0.3,T,T,Win,3,7,,9,10566.556110000001,1056.6556110000001,0.6,H,H,Win,6,4,,9,10566.55611,1056.655611,0.4,T,H,Lose,4,6,,9,8645.36409,864.5364089999999,0.5,T,H,Lose,5,5,,9,10566.556110000001,1056.6556110000001,0.4,T,H,Lose,4,6,,9,7073.4797100000005,707.3479710000001,0.4,T,T,Win,4,6,,9,8645.36409,864.5364089999999,0.4,T,T,Win,4,6,,9,5787.39249,578.7392490000001,0.6,H,T,Lose,6,4,,9,7073.47971,707.347971,0.5,T,H,Lose,5,5,,9,15784.60851,1578.460851,0.3,T,T,Win,3,7,,9,10566.556109999998,1056.655611,0.3,T,T,Win,3,7,,9,10566.556109999998,1056.655611,0.7,H,T,Lose,7,3,,9,10566.55611,1056.655611,0.6,H,T,Lose,6,4,,9,10566.556110000001,1056.6556110000001,0.3,T,T,Win,3,7,,9,12914.67969,1291.4679690000003,0.2,T,T,Win,2,8,,9,12914.67969,1291.4679690000003,0.4,T,H,Lose,4,6,,9,10566.556109999998,1056.655611,0.3,T,T,Win,3,7,,9,7073.4797100000005,707.3479710000001,0.7,H,H,Win,7,3,,9,7073.479710000001,707.3479710000001,0.4,T,T,Win,4,6,,9,10566.556110000001,1056.6556110000001,0.7,H,H,Win,7,3,,9,12914.67969,1291.4679690000003,0.3,T,H,Lose,3,7,,9,10566.556110000001,1056.6556110000001,0.6,H,T,Lose,6,4,,9,12914.679689999999,1291.467969,0.7,H,H,Win,7,3,,9,12914.67969,1291.4679690000003,0.7,H,T,Lose,7,3,,9,7073.47971,707.347971,0.4,T,T,Win,4,6,,9,8645.364090000001,864.5364090000002,0.6,H,T,Lose,6,4,,9,7073.47971,707.347971,0.5,T,T,Win,5,5,,9,15784.608510000002,1578.4608510000003,0.9,H,H,Win,9,1,,9,10566.55611,1056.655611,0.6,H,T,Lose,6,4,,9,8645.36409,864.5364089999999,0.5,T,H,Lose,5,5,,9,8645.364090000001,864.5364090000002,0.4,T,T,Win,4,6,,9,8645.36409,864.5364089999999,0.5,T,H,Lose,5,5,,9,8645.364090000001,864.5364090000002,0.7,H,T,Lose,7,3,,9,5787.39249,578.7392490000001,0.7,H,H,Win,7,3,,9,10566.556110000001,1056.6556110000001,0.4,T,H,Lose,4,6,,9,12914.67969,1291.4679690000003,0.3,T,H,Lose,3,7,,9,15784.60851,1578.460851,0.8,H,H,Win,8,2,,9,12914.67969,1291.4679690000003,0.4,T,H,Lose,4,6,,9,8645.36409,864.5364089999999,0.4,T,T,Win,4,6,,9,10566.556110000001,1056.6556110000001,0.4,T,H,Lose,4,6,,9,7073.47971,707.347971,0.5,H,T,Lose,5,5,,9,12914.679689999999,1291.467969,0.4,T,T,Win,4,6,,9,12914.67969,1291.4679690000003,0.7,H,H,Win,7,3,,9,15784.60851,1578.460851,0.2,T,T,Win,2,8,,9,8645.36409,864.5364089999999,0.5,T,H,Lose,5,5,,9,12914.67969,1291.4679690000003,0.4,T,T,Win,4,6,,9,5787.39249,578.7392490000001,0.6,H,H,Win,6,4,,9,8645.36409,864.5364089999999,0.5,T,H,Lose,5,5,,9,12914.679689999999,1291.467969,0.5,T,H,Lose,5,5,,9,12914.67969,1291.4679690000003,0.3,T,H,Lose,3,7,,9,12914.67969,1291.4679690000003,0.2,T,T,Win,2,8,,9,7073.47971,707.347971,0.5,H,T,Lose,5,5,,9,15784.60851,1578.460851,0.8,H,H,Win,8,2,,9,19292.299290000003,1929.2299290000003,0.2,T,T,Win,2,8,,9,12914.679689999999,1291.467969,0.7,H,H,Win,7,3,,9,12914.679689999999,1291.467969,0.6,H,T,Lose,6,4,,9,10566.556110000001,1056.6556110000001,0.4,T,T,Win,4,6,,9,7073.47971,707.347971,0.6,T,H,Lose,6,4,,9,8645.36409,864.5364089999999,0.4,T,T,Win,4,6,,9,8645.36409,864.5364089999999,0.4,T,T,Win,4,6,,9,4735.1393100000005,473.51393100000007,0.6,H,H,Win,6,4,,9,8645.36409,864.5364089999999,0.4,T,T,Win,4,6,,9,10566.55611,1056.655611,0.3,T,T,Win,3,7,,9,12914.67969,1291.4679690000003,0.8,H,H,Win,8,2,,9,10566.55611,1056.655611,0.4,T,H,Lose,4,6,,9,4735.1393100000005,473.51393100000007,0.5,T,T,Win,5,5,,9,8645.36409,864.5364089999999,0.4,T,T,Win,4,6,,9,19292.29929,1929.229929,0.2,T,T,Win,2,8,,9,8645.36409,864.5364089999999,0.5,H,T,Lose,5,5,,9,10566.55611,1056.655611,0.3,T,T,Win,3,7,,9,10566.55611,1056.655611,0.4,T,H,Lose,4,6,,9,15784.608510000002,1578.4608510000003,0.2,T,H,Lose,2,8,,9,10566.556110000001,1056.6556110000001,0.5,T,H,Lose,5,5,,9,8645.36409,864.5364089999999,0.5,H,T,Lose,5,5,,9,3874.20489,387.42048900000003,0.6,T,H,Lose,6,4,,9,10566.55611,1056.655611,0.5,T,T,Win,5,5,,9,10566.556109999998,1056.655611,0.3,T,T,Win,3,7,,9,10566.556110000001,1056.6556110000001,0.6,H,T,Lose,6,4,,9,8645.36409,864.5364089999999,0.5,H,T,Lose,5,5,,9,10566.556110000001,1056.6556110000001,0.6,H,T,Lose,6,4,,9,19292.29929,1929.229929,0.9,H,T,Lose,9,1,,9,10566.556109999998,1056.655611,0.3,T,T,Win,3,7,,9,10566.556109999998,1056.655611,0.3,T,T,Win,3,7,,9,10566.556110000001,1056.6556110000001,0.4,T,H,Lose,4,6,,9,7073.47971,707.347971,0.5,T,H,Lose,5,5,,9,7073.47971,707.347971,0.6,H,H,Win,6,4,,9,8645.36409,864.5364089999999,0.4,T,T,Win,4,6,,9,8645.364090000001,864.5364090000002,0.6,H,T,Lose,6,4,,9,15784.60851,1578.460851,0.3,T,T,Win,3,7,,9,4735.1393100000005,473.51393100000007,0.6,T,H,Lose,6,4,,9,8645.364090000001,864.5364090000002,0.5,T,H,Lose,5,5,,9,10566.556109999998,1056.655611,0.5,T,H,Lose,5,5,,9,8645.36409,864.5364089999999,0.5,T,H,Lose,5,5,,9,12914.67969,1291.4679690000003,0.8,H,H,Win,8,2,,9,8645.36409,864.5364089999999,0.5,T,H,Lose,5,5,,9,10566.556109999998,1056.655611,0.3,T,T,Win,3,7,,9,5787.39249,578.7392490000001,0.5,T,T,Win,5,5,,9,10566.556109999998,1056.655611,0.4,T,H,Lose,4,6,,9,8645.36409,864.5364089999999,0.7,H,H,Win,7,3,,9,8645.364090000001,864.5364090000002,0.5,T,H,Lose,5,5,,9,10566.556110000001,1056.6556110000001,0.6,T,H,Lose,6,4,,9,8645.364090000001,864.5364090000002,0.8,H,H,Win,8,2,,9,12914.67969,1291.4679690000003,0.4,T,H,Lose,4,6,,9,4735.1393100000005,473.51393100000007,0.5,T,T,Win,5,5,,9,10566.556110000001,1056.6556110000001,0.4,T,H,Lose,4,6,,9,15784.608510000002,1578.4608510000003,0.8,H,H,Win,8,2,,9,12914.67969,1291.4679690000003,0.7,H,T,Lose,7,3,,9,10566.55611,1056.655611,0.3,T,T,Win,3,7,,9,8645.364090000001,864.5364090000002,0.5,T,T,Win,5,5,,9,8645.36409,864.5364089999999,0.4,T,T,Win,4,6,,9,8645.364090000001,864.5364090000002,0.4,T,T,Win,4,6,,9,10566.556109999998,1056.655611,0.3,T,T,Win,3,7,,9,7073.479709999999,707.3479709999999,0.7,H,H,Win,7,3,,9,10566.55611,1056.655611,0.4,T,T,Win,4,6,,9,8645.364090000001,864.5364090000002,0.5,H,T,Lose,5,5,,9,10566.556109999998,1056.655611,0.3,T,T,Win,3,7,,9,10566.55611,1056.655611,0.8,H,H,Win,8,2,,9,12914.679689999999,1291.467969,0.7,H,H,Win,7,3,,9,8645.364090000001,864.5364090000002,0.5,T,H,Lose,5,5,,9,8645.36409,864.5364089999999,0.4,T,T,Win,4,6,,9,15784.60851,1578.460851,0.8,H,H,Win,8,2,,9,8645.36409,864.5364089999999,0.5,T,H,Lose,5,5,,9,12914.67969,1291.4679690000003,0.8,H,H,Win,8,2,,9,4735.1393100000005,473.51393100000007,0.5,T,T,Win,5,5,,9,12914.67969,1291.4679690000003,0.3,T,H,Lose,3,7,,9,12914.67969,1291.4679690000003,0.7,H,H,Win,7,3,,9,12914.67969,1291.4679690000003,0.3,T,H,Lose,3,7,,9,19292.29929,1929.229929,0.1,T,H,Lose,1,9,,9,12914.679689999999,1291.467969,0.4,T,T,Win,4,6,,9,5787.392489999999,578.739249,0.5,H,T,Lose,5,5,,9,8645.364090000001,864.5364090000002,0.5,T,H,Lose,5,5,,9,10566.55611,1056.655611,0.3,T,T,Win,3,7,,9,10566.556110000001,1056.6556110000001,0.4,T,T,Win,4,6,,9,7073.47971,707.347971,0.6,T,H,Lose,6,4,,9,8645.36409,864.5364089999999,0.5,T,H,Lose,5,5,,9,7073.47971,707.347971,0.5,T,T,Win,5,5,,9,7073.47971,707.347971,0.6,H,H,Win,6,4,,9,5787.39249,578.7392490000001,0.6,T,H,Lose,6,4,,9,10566.55611,1056.655611,0.4,T,H,Lose,4,6,,9,5787.39249,578.7392490000001,0.5,H,T,Lose,5,5,,9,8645.36409,864.5364089999999,0.4,T,T,Win,4,6,,9,12914.679689999999,1291.467969,0.5,T,H,Lose,5,5,,9,15784.608510000002,1578.4608510000003,0.3,T,T,Win,3,7,,9,10566.55611,1056.655611,0.4,T,H,Lose,4,6,,9,7073.4797100000005,707.3479710000001,0.5,T,T,Win,5,5,,9,12914.67969,1291.4679690000003,0.5,T,H,Lose,5,5,,9,10566.556110000001,1056.6556110000001,0.4,T,T,Win,4,6,,9,8645.364090000001,864.5364090000002,0.8,H,H,Win,8,2,,9,12914.67969,1291.4679690000003,0.8,H,H,Win,8,2,,9,10566.55611,1056.655611,0.5,T,T,Win,5,5,,9,12914.67969,1291.4679690000003,0.2,T,T,Win,2,8,,9,10566.55611,1056.655611,0.5,H,T,Lose,5,5,,9,8645.36409,864.5364089999999,0.5,T,H,Lose,5,5,,9,7073.47971,707.347971,0.4,T,T,Win,4,6,,9,7073.479709999999,707.3479709999999,0.4,T,T,Win,4,6,,9,8645.36409,864.5364089999999,0.4,T,T,Win,4,6,,9,12914.679689999999,1291.467969,0.3,T,H,Lose,3,7,,9,15784.60851,1578.460851,0.2,T,T,Win,2,8,,9,10566.556110000001,1056.6556110000001,0.4,T,H,Lose,4,6,,9,10566.556109999998,1056.655611,0.3,T,T,Win,3,7,,9,15784.60851,1578.460851,0.1,T,T,Win,1,9,,9,10566.556110000001,1056.6556110000001,0.7,H,H,Win,7,3,,9,7073.47971,707.347971,0.6,T,H,Lose,6,4,,9,12914.67969,1291.4679690000003,0.4,T,H,Lose,4,6,,9,5787.39249,578.7392490000001,0.6,H,H,Win,6,4,,9,10566.55611,1056.655611,0.6,T,H,Lose,6,4,,9,10566.556109999998,1056.655611,0.6,H,T,Lose,6,4,,9,12914.67969,1291.4679690000003,0.4,T,H,Lose,4,6,,9,10566.55611,1056.655611,0.7,H,H,Win,7,3,,9,10566.556110000001,1056.6556110000001,0.3,T,T,Win,3,7,,9,5787.39249,578.7392490000001,0.6,H,H,Win,6,4,,9,10566.55611,1056.655611,0.3,T,T,Win,3,7,,9,10566.55611,1056.655611,0.3,T,T,Win,3,7,,9,7073.479709999999,707.3479709999999,0.6,H,T,Lose,6,4,,9,7073.47971,707.347971,0.6,H,H,Win,6,4,,9,12914.679689999999,1291.467969,0.8,H,H,Win,8,2,,9,8645.36409,864.5364089999999,0.5,T,H,Lose,5,5,,9,5787.39249,578.7392490000001,0.7,H,H,Win,7,3,,9,12914.679689999999,1291.467969,0.5,T,H,Lose,5,5,,9,8645.36409,864.5364089999999,0.4,T,T,Win,4,6,,9,12914.67969,1291.4679690000003,0.6,H,T,Lose,6,4,,9,7073.4797100000005,707.3479710000001,0.7,H,H,Win,7,3,,9,8645.36409,864.5364089999999,0.4,T,T,Win,4,6,,9,7073.47971,707.347971,0.5,H,T,Lose,5,5,,9,12914.679689999999,1291.467969,0.7,H,H,Win,7,3,,9,10566.55611,1056.655611,0.5,T,H,Lose,5,5,,9,19292.29929,1929.229929,0.9,H,H,Win,9,1,,9,8645.364090000001,864.5364090000002,0.5,T,H,Lose,5,5,,9,19292.29929,1929.229929,0.2,T,T,Win,2,8,,9,10566.556110000001,1056.6556110000001,0.4,T,H,Lose,4,6,,9,8645.364090000001,864.5364090000002,0.5,T,H,Lose,5,5,,9,8645.36409,864.5364089999999,0.7,H,H,Win,7,3,,9,10566.556110000001,1056.6556110000001,0.4,T,T,Win,4,6,,9,8645.364090000001,864.5364090000002,0.5,T,T,Win,5,5,,9,10566.556110000001,1056.6556110000001,0.6,H,T,Lose,6,4,,9,10566.55611,1056.655611,0.4,T,T,Win,4,6,,9,8645.36409,864.5364089999999,0.4,T,T,Win,4,6,,9,12914.679689999999,1291.467969,0.6,H,T,Lose,6,4,,9,8645.364090000001,864.5364090000002,0.5,H,T,Lose,5,5,,9,10566.556109999998,1056.655611,0.7,H,H,Win,7,3,,9,12914.67969,1291.4679690000003,0.3,T,T,Win,3,7,,9,12914.679689999999,1291.467969,0.4,T,T,Win,4,6,,9,7073.47971,707.347971,0.4,T,T,Win,4,6,,9,8645.364090000001,864.5364090000002,0.4,T,T,Win,4,6,,9,10566.556110000001,1056.6556110000001,0.3,T,T,Win,3,7,,9,12914.679689999999,1291.467969,0.6,H,T,Lose,6,4,,9,15784.60851,1578.460851,0.7,H,T,Lose,7,3,,9,12914.67969,1291.4679690000003,0.2,T,T,Win,2,8,,9,8645.364090000001,864.5364090000002,0.5,T,T,Win,5,5,,9,15784.60851,1578.460851,0.2,T,H,Lose,2,8,,9,15784.608510000002,1578.4608510000003,0.2,T,H,Lose,2,8,,9,7073.479710000001,707.3479710000001,0.7,H,H,Win,7,3,,9,19292.29929,1929.229929,0.2,T,T,Win,2,8,,9,10566.556109999998,1056.655611,0.4,T,H,Lose,4,6,,9,8645.36409,864.5364089999999,0.5,T,H,Lose,5,5,,9,15784.608510000002,1578.4608510000003,0.1,T,T,Win,1,9,,9,10566.55611,1056.655611,0.5,H,T,Lose,5,5,,9,7073.47971,707.347971,0.5,H,T,Lose,5,5,,9,5787.39249,578.7392490000001,0.4,T,T,Win,4,6,,9,10566.55611,1056.655611,0.3,T,T,Win,3,7,,9,8645.364090000001,864.5364090000002,0.7,H,T,Lose,7,3,,9,10566.556110000001,1056.6556110000001,0.7,H,H,Win,7,3,,9,7073.47971,707.347971,0.5,H,T,Lose,5,5,,9,8645.364090000001,864.5364090000002,0.5,T,H,Lose,5,5,,9,12914.679689999999,1291.467969,0.7,H,T,Lose,7,3,,9,12914.67969,1291.4679690000003,0.7,H,T,Lose,7,3,,9,5787.39249,578.7392490000001,0.6,T,H,Lose,6,4,,9,10566.55611,1056.655611,0.6,T,H,Lose,6,4,,9,12914.67969,1291.4679690000003,0.4,T,H,Lose,4,6,,9,7073.47971,707.347971,0.5,H,T,Lose,5,5,,9,7073.47971,707.347971,0.6,H,H,Win,6,4,,9,8645.364090000001,864.5364090000002,0.4,T,T,Win,4,6,,9,12914.67969,1291.4679690000003,0.4,T,T,Win,4,6,,9,12914.679689999999,1291.467969,0.2,T,T,Win,2,8,,9,19292.29929,1929.229929,1.0,H,H,Win,10,0,,9,7073.4797100000005,707.3479710000001,0.6,H,T,Lose,6,4,,9,12914.67969,1291.4679690000003,0.8,H,H,Win,8,2,,9,8645.36409,864.5364089999999,0.4,T,T,Win,4,6,,9,15784.608510000002,1578.4608510000003,0.1,T,T,Win,1,9,,9,8645.364090000001,864.5364090000002,0.4,T,T,Win,4,6,,9,7073.47971,707.347971,0.5,T,H,Lose,5,5,,9,15784.60851,1578.460851,0.3,T,T,Win,3,7,,9,8645.364090000001,864.5364090000002,0.5,H,T,Lose,5,5,,9,12914.679689999999,1291.467969,0.3,T,T,Win,3,7,,9,10566.556110000001,1056.6556110000001,0.4,T,H,Lose,4,6,,9,7073.47971,707.347971,0.5,T,T,Win,5,5,,9,10566.556110000001,1056.6556110000001,0.6,H,T,Lose,6,4,,9,7073.47971,707.347971,0.5,H,T,Lose,5,5,,9,8645.36409,864.5364089999999,0.4,T,T,Win,4,6,,9,10566.556110000001,1056.6556110000001,0.5,T,H,Lose,5,5,,9,10566.556110000001,1056.6556110000001,0.7,H,H,Win,7,3,,9,10566.556110000001,1056.6556110000001,0.6,H,T,Lose,6,4,,9,8645.364090000001,864.5364090000002,0.4,T,T,Win,4,6,,9,12914.67969,1291.4679690000003,0.2,T,T,Win,2,8,,9,8645.364090000001,864.5364090000002,0.4,T,T,Win,4,6,,9,19292.29929,1929.229929,0.3,T,H,Lose,3,7,,9,15784.60851,1578.460851,0.4,T,H,Lose,4,6,,9,10566.55611,1056.655611,0.6,T,H,Lose,6,4,,9,10566.556110000001,1056.6556110000001,0.5,T,H,Lose,5,5,,9,12914.67969,1291.4679690000003,0.2,T,T,Win,2,8,,9,5787.39249,578.7392490000001,0.5,T,H,Lose,5,5,,9,5787.392489999999,578.739249,0.5,H,T,Lose,5,5,,9,8645.36409,864.5364089999999,0.7,H,H,Win,7,3,,9,7073.47971,707.347971,0.5,H,T,Lose,5,5,,9,7073.479709999999,707.3479709999999,0.7,H,H,Win,7,3,,9,8645.36409,864.5364089999999,0.4,T,T,Win,4,6,,9,5787.392489999999,578.739249,0.6,T,H,Lose,6,4,,9,8645.36409,864.5364089999999,0.5,T,H,Lose,5,5,,9,12914.67969,1291.4679690000003,0.4,T,H,Lose,4,6,,9,7073.4797100000005,707.3479710000001,0.5,T,T,Win,5,5,,9,15784.60851,1578.460851,0.9,H,H,Win,9,1,,9,5787.392489999999,578.739249,0.5,H,T,Lose,5,5,,9,12914.67969,1291.4679690000003,0.4,T,H,Lose,4,6,,9,10566.55611,1056.655611,0.5,T,T,Win,5,5,,9,15784.60851,1578.460851,0.4,T,H,Lose,4,6,,9,12914.67969,1291.4679690000003,0.3,T,H,Lose,3,7,,9,12914.679689999999,1291.467969,0.5,T,H,Lose,5,5,,9,7073.47971,707.347971,0.4,T,T,Win,4,6,,9,7073.47971,707.347971,0.5,H,T,Lose,5,5,,9,8645.364090000001,864.5364090000002,0.7,H,H,Win,7,3,,9,8645.36409,864.5364089999999,0.4,T,T,Win,4,6,,9,15784.60851,1578.460851,0.3,T,T,Win,3,7,,9,7073.47971,707.347971,0.3,T,T,Win,3,7,,9,10566.556109999998,1056.655611,0.7,H,H,Win,7,3,,9,10566.55611,1056.655611,0.3,T,T,Win,3,7,,9,8645.36409,864.5364089999999,0.6,H,H,Win,6,4,,9,10566.556110000001,1056.6556110000001,0.3,T,T,Win,3,7,,9,10566.55611,1056.655611,0.4,T,H,Lose,4,6,,9,7073.47971,707.347971,0.5,H,T,Lose,5,5,,9,10566.55611,1056.655611,0.6,T,H,Lose,6,4,,9,8645.364090000001,864.5364090000002,0.6,H,H,Win,6,4,,9,8645.364090000001,864.5364090000002,0.6,T,H,Lose,6,4,,9,19292.299290000003,1929.2299290000003,0.8,H,T,Lose,8,2,,9,10566.556109999998,1056.655611,0.4,T,H,Lose,4,6,,9,10566.556109999998,1056.655611,0.5,T,H,Lose,5,5,,9,8645.36409,864.5364089999999,0.4,T,T,Win,4,6,,9,8645.364090000001,864.5364090000002,0.5,T,H,Lose,5,5,,9,10566.55611,1056.655611,0.3,T,T,Win,3,7,,9,15784.608510000002,1578.4608510000003,0.2,T,H,Lose,2,8,,9,10566.556109999998,1056.655611,0.3,T,T,Win,3,7,,9,7073.479709999999,707.3479709999999,0.7,H,H,Win,7,3,,9,10566.556110000001,1056.6556110000001,0.4,T,T,Win,4,6,,9,10566.556110000001,1056.6556110000001,0.5,T,H,Lose,5,5,,9,12914.67969,1291.4679690000003,0.6,H,T,Lose,6,4,,9,5787.392489999999,578.739249,0.5,H,T,Lose,5,5,,9,5787.39249,578.7392490000001,0.6,H,T,Lose,6,4,,9,12914.67969,1291.4679690000003,0.2,T,T,Win,2,8,,9,12914.67969,1291.4679690000003,0.3,T,H,Lose,3,7,,9,7073.479709999999,707.3479709999999,0.5,T,H,Lose,5,5,,9,7073.47971,707.347971,0.5,T,H,Lose,5,5,,9,10566.556109999998,1056.655611,0.8,H,H,Win,8,2,,9,10566.556110000001,1056.6556110000001,0.4,T,H,Lose,4,6,,9,10566.556110000001,1056.6556110000001,0.3,T,T,Win,3,7,,9,8645.36409,864.5364089999999,0.6,H,T,Lose,6,4,,9,7073.4797100000005,707.3479710000001,0.6,T,H,Lose,6,4,,9,19292.29929,1929.229929,0.3,T,H,Lose,3,7,,9,10566.55611,1056.655611,0.6,T,H,Lose,6,4,,9,10566.556110000001,1056.6556110000001,0.7,H,H,Win,7,3,,9,12914.67969,1291.4679690000003,0.2,T,T,Win,2,8,,9,15784.608510000002,1578.4608510000003,0.3,T,T,Win,3,7,,9,8645.364090000001,864.5364090000002,0.5,T,H,Lose,5,5,,9,8645.36409,864.5364089999999,0.6,H,H,Win,6,4,,9,12914.67969,1291.4679690000003,0.2,T,T,Win,2,8,,9,10566.556110000001,1056.6556110000001,0.3,T,T,Win,3,7,,9,10566.55611,1056.655611,0.3,T,T,Win,3,7,,9,5787.392489999999,578.739249,0.6,T,H,Lose,6,4,,9,8645.36409,864.5364089999999,0.5,T,H,Lose,5,5,,9,10566.556110000001,1056.6556110000001,0.4,T,H,Lose,4,6,,9,10566.556109999998,1056.655611,0.3,T,T,Win,3,7,,9,15784.60851,1578.460851,0.2,T,H,Lose,2,8,,9,8645.36409,864.5364089999999,0.7,H,T,Lose,7,3,,9,7073.47971,707.347971,0.5,H,T,Lose,5,5,,9,10566.556109999998,1056.655611,0.6,H,T,Lose,6,4,,9,7073.47971,707.347971,0.5,T,H,Lose,5,5,,9,10566.556110000001,1056.6556110000001,0.3,T,T,Win,3,7,,9,12914.67969,1291.4679690000003,0.8,H,H,Win,8,2,,9,19292.29929,1929.229929,0.0,T,T,Win,0,10,,9,8645.364090000001,864.5364090000002,0.6,T,H,Lose,6,4,,9,5787.39249,578.7392490000001,0.6,H,H,Win,6,4,,9,12914.67969,1291.4679690000003,0.3,T,H,Lose,3,7,,9,12914.67969,1291.4679690000003,0.4,T,H,Lose,4,6,,9,15784.608510000002,1578.4608510000003,0.2,T,T,Win,2,8,,9,7073.47971,707.347971,0.6,H,H,Win,6,4,,9,8645.36409,864.5364089999999,0.5,T,T,Win,5,5,,9,10566.55611,1056.655611,0.6,T,H,Lose,6,4,,9,15784.608510000002,1578.4608510000003,0.1,T,T,Win,1,9,,9,8645.36409,864.5364089999999,0.5,T,H,Lose,5,5,,9,12914.679689999999,1291.467969,0.7,H,T,Lose,7,3,,9,8645.364090000001,864.5364090000002,0.5,H,T,Lose,5,5,,9,10566.556110000001,1056.6556110000001,0.3,T,T,Win,3,7,,9,8645.364090000001,864.5364090000002,0.6,T,H,Lose,6,4,,9,10566.556110000001,1056.6556110000001,0.7,H,T,Lose,7,3,,9,8645.364090000001,864.5364090000002,0.4,T,T,Win,4,6,,9,12914.67969,1291.4679690000003,0.4,T,H,Lose,4,6,,9,10566.556109999998,1056.655611,0.3,T,T,Win,3,7,,9,10566.556109999998,1056.655611,0.3,T,T,Win,3,7,,9,7073.479709999999,707.3479709999999,0.4,T,T,Win,4,6,,9,7073.479709999999,707.3479709999999,0.6,H,T,Lose,6,4,,9,15784.60851,1578.460851,0.8,H,H,Win,8,2,,9,12914.67969,1291.4679690000003,0.2,T,T,Win,2,8,,9,15784.60851,1578.460851,0.4,T,H,Lose,4,6,,9,12914.67969,1291.4679690000003,0.7,H,T,Lose,7,3,,9,7073.4797100000005,707.3479710000001,0.7,H,H,Win,7,3,,9,5787.39249,578.7392490000001,0.6,H,T,Lose,6,4,,9,12914.679689999999,1291.467969,0.7,H,H,Win,7,3,,9,12914.67969,1291.4679690000003,0.2,T,T,Win,2,8,,9,8645.364090000001,864.5364090000002,0.6,H,H,Win,6,4,,9,8645.364090000001,864.5364090000002,0.6,T,H,Lose,6,4,,9,8645.364090000001,864.5364090000002,0.7,H,T,Lose,7,3,,9,8645.36409,864.5364089999999,0.4,T,T,Win,4,6,,9,7073.47971,707.347971,0.5,T,T,Win,5,5,,9,15784.608510000002,1578.4608510000003,0.2,T,T,Win,2,8,,9,8645.36409,864.5364089999999,0.7,H,H,Win,7,3,,9,10566.556109999998,1056.655611,0.7,H,T,Lose,7,3,,9,12914.679689999999,1291.467969,0.8,H,H,Win,8,2,,9,10566.556110000001,1056.6556110000001,0.6,T,H,Lose,6,4,,9,7073.47971,707.347971,0.6,H,T,Lose,6,4,,9,8645.364090000001,864.5364090000002,0.4,T,T,Win,4,6,,9,10566.55611,1056.655611,0.5,H,T,Lose,5,5,,9,4735.1393100000005,473.51393100000007,0.6,H,H,Win,6,4,,9,12914.67969,1291.4679690000003,0.4,T,T,Win,4,6,,9,7073.4797100000005,707.3479710000001,0.6,T,H,Lose,6,4,,9,7073.47971,707.347971,0.5,T,H,Lose,5,5,,9,10566.55611,1056.655611,0.6,H,T,Lose,6,4,,9,12914.67969,1291.4679690000003,0.2,T,T,Win,2,8,,9,5787.39249,578.7392490000001,0.6,H,H,Win,6,4,,9,15784.608510000002,1578.4608510000003,0.7,H,T,Lose,7,3,,9,5787.39249,578.7392490000001,0.6,H,H,Win,6,4,,9,8645.36409,864.5364089999999,0.6,H,T,Lose,6,4,,9,7073.47971,707.347971,0.5,T,T,Win,5,5,,9,12914.67969,1291.4679690000003,0.8,H,H,Win,8,2,,9,7073.47971,707.347971,0.6,H,H,Win,6,4,,9,12914.67969,1291.4679690000003,0.3,T,T,Win,3,7,,9,10566.556110000001,1056.6556110000001,0.3,T,T,Win,3,7,,9,12914.679689999999,1291.467969,0.2,T,T,Win,2,8,,9,8645.36409,864.5364089999999,0.5,T,H,Lose,5,5,,9,15784.60851,1578.460851,0.1,T,T,Win,1,9,,9,10566.556109999998,1056.655611,0.3,T,T,Win,3,7,,9,12914.67969,1291.4679690000003,0.4,T,H,Lose,4,6,,9,10566.556110000001,1056.6556110000001,0.5,T,T,Win,5,5,,9,12914.67969,1291.4679690000003,0.8,H,H,Win,8,2,,9,8645.364090000001,864.5364090000002,0.6,H,H,Win,6,4,,9,15784.608510000002,1578.4608510000003,0.3,T,T,Win,3,7,,9,10566.556110000001,1056.6556110000001,0.5,T,H,Lose,5,5,,9,8645.36409,864.5364089999999,0.4,T,T,Win,4,6,,9,5787.392489999999,578.739249,0.6,T,H,Lose,6,4,,9,10566.55611,1056.655611,0.4,T,T,Win,4,6,,9,10566.556109999998,1056.655611,0.4,T,H,Lose,4,6,,9,10566.55611,1056.655611,0.4,T,H,Lose,4,6,,9,8645.364090000001,864.5364090000002,0.6,H,H,Win,6,4,,9,7073.47971,707.347971,0.7,H,H,Win,7,3,,9,12914.67969,1291.4679690000003,0.2,T,T,Win,2,8,,9,10566.556109999998,1056.655611,0.4,T,H,Lose,4,6,,9,15784.60851,1578.460851,0.7,H,T,Lose,7,3,,9,15784.60851,1578.460851,0.8,H,T,Lose,8,2,,9,12914.679689999999,1291.467969,0.7,H,H,Win,7,3,,9,10566.55611,1056.655611,0.4,T,H,Lose,4,6,,9,8645.36409,864.5364089999999,0.4,T,T,Win,4,6,,9,10566.556109999998,1056.655611,0.4,T,T,Win,4,6,,9,12914.679689999999,1291.467969,0.3,T,H,Lose,3,7,,9,12914.67969,1291.4679690000003,0.3,T,T,Win,3,7,,9,7073.47971,707.347971,0.5,H,T,Lose,5,5,,9,12914.679689999999,1291.467969,0.4,T,T,Win,4,6,,9,15784.60851,1578.460851,0.8,H,H,Win,8,2,,9,12914.67969,1291.4679690000003,0.3,T,T,Win,3,7,,9,8645.36409,864.5364089999999,0.4,T,T,Win,4,6,,9,8645.36409,864.5364089999999,0.5,T,H,Lose,5,5,,9,10566.556109999998,1056.655611,0.3,T,T,Win,3,7,,9,15784.60851,1578.460851,0.4,T,H,Lose,4,6,,9,10566.55611,1056.655611,0.3,T,T,Win,3,7,,9,8645.364090000001,864.5364090000002,0.5,H,T,Lose,5,5,,9,12914.67969,1291.4679690000003,0.3,T,H,Lose,3,7,,9,8645.36409,864.5364089999999,0.4,T,T,Win,4,6,,9,5787.39249,578.7392490000001,0.6,H,T,Lose,6,4,,9,10566.55611,1056.655611,0.4,T,H,Lose,4,6,,9,15784.608510000002,1578.4608510000003,0.9,H,H,Win,9,1,,9,12914.679689999999,1291.467969,0.4,T,T,Win,4,6,,9,10566.556109999998,1056.655611,0.3,T,T,Win,3,7,,9,10566.55611,1056.655611,0.7,H,T,Lose,7,3,,9,7073.479709999999,707.3479709999999,0.5,T,H,Lose,5,5,,9,8645.364090000001,864.5364090000002,0.5,H,T,Lose,5,5,,9,7073.47971,707.347971,0.6,T,H,Lose,6,4,,9,15784.60851,1578.460851,0.7,H,T,Lose,7,3,,9,10566.556110000001,1056.6556110000001,0.6,H,T,Lose,6,4,,9,8645.364090000001,864.5364090000002,0.5,T,H,Lose,5,5,,9,7073.47971,707.347971,0.5,T,T,Win,5,5,,9,8645.36409,864.5364089999999,0.6,H,T,Lose,6,4,,9,7073.47971,707.347971,0.5,T,T,Win,5,5,,9,10566.556110000001,1056.6556110000001,0.3,T,T,Win,3,7,,9,7073.47971,707.347971,0.7,H,H,Win,7,3,,9,5787.39249,578.7392490000001,0.6,T,H,Lose,6,4,,9,8645.36409,864.5364089999999,0.4,T,T,Win,4,6,,9,10566.55611,1056.655611,0.3,T,T,Win,3,7,,9,8645.364090000001,864.5364090000002,0.5,T,H,Lose,5,5,,9,15784.60851,1578.460851,0.8,H,H,Win,8,2,,9,15784.60851,1578.460851,0.7,H,T,Lose,7,3,,9,15784.608510000002,1578.4608510000003,0.3,T,T,Win,3,7,,9,10566.55611,1056.655611,0.6,H,T,Lose,6,4,,9,8645.364090000001,864.5364090000002,0.5,T,T,Win,5,5,,9,7073.47971,707.347971,0.5,T,T,Win,5,5,,9,10566.556110000001,1056.6556110000001,0.5,T,H,Lose,5,5,,9,10566.55611,1056.655611,0.7,H,H,Win,7,3,,9,7073.47971,707.347971,0.6,H,H,Win,6,4,,9,10566.55611,1056.655611,0.4,T,T,Win,4,6,,9,8645.36409,864.5364089999999,0.4,T,T,Win,4,6,,9,8645.36409,864.5364089999999,0.5,T,T,Win,5,5,,9,8645.364090000001,864.5364090000002,0.7,H,T,Lose,7,3,,9,7073.4797100000005,707.3479710000001,0.6,T,H,Lose,6,4,,9,8645.36409,864.5364089999999,0.5,T,T,Win,5,5,,9,12914.67969,1291.4679690000003,0.3,T,H,Lose,3,7,,9,8645.364090000001,864.5364090000002,0.4,T,H,Lose,4,6,,9,8645.36409,864.5364089999999,0.7,H,H,Win,7,3,,9,8645.364090000001,864.5364090000002,0.7,H,H,Win,7,3,,9,8645.36409,864.5364089999999,0.5,T,H,Lose,5,5,,9,10566.556109999998,1056.655611,0.3,T,T,Win,3,7,,9,10566.556110000001,1056.6556110000001,0.4,T,T,Win,4,6,,9,10566.55611,1056.655611,0.7,H,H,Win,7,3,,9,12914.67969,1291.4679690000003,0.3,T,T,Win,3,7,,9,7073.47971,707.347971,0.6,T,H,Lose,6,4,,9,7073.47971,707.347971,0.5,T,T,Win,5,5,,9,5787.39249,578.7392490000001,0.7,H,H,Win,7,3,,9,10566.55611,1056.655611,0.6,T,H,Lose,6,4,,9,15784.60851,1578.460851,0.3,T,T,Win,3,7,,9,8645.364090000001,864.5364090000002,0.4,T,T,Win,4,6,,9,7073.47971,707.347971,0.5,H,T,Lose,5,5,,9,7073.479709999999,707.3479709999999,0.6,H,T,Lose,6,4,,9,12914.679689999999,1291.467969,0.7,H,H,Win,7,3,,9,12914.67969,1291.4679690000003,0.7,H,T,Lose,7,3,,9,10566.556109999998,1056.655611,0.3,T,T,Win,3,7,,9,19292.29929,1929.229929,0.3,T,H,Lose,3,7,,9,10566.556109999998,1056.655611,0.4,T,H,Lose,4,6,,9,8645.36409,864.5364089999999,0.4,T,T,Win,4,6,,9,7073.4797100000005,707.3479710000001,0.6,T,H,Lose,6,4,,9,8645.36409,864.5364089999999,0.6,T,H,Lose,6,4,,9,12914.67969,1291.4679690000003,0.3,T,H,Lose,3,7,,9,19292.29929,1929.229929,0.2,T,T,Win,2,8,,9,10566.556109999998,1056.655611,0.3,T,T,Win,3,7,,9,5787.39249,578.7392490000001,0.6,T,H,Lose,6,4,,9,7073.47971,707.347971,0.5,T,H,Lose,5,5,,9,12914.67969,1291.4679690000003,0.5,T,H,Lose,5,5,,9,12914.679689999999,1291.467969,0.7,H,H,Win,7,3,,9,7073.47971,707.347971,0.5,H,T,Lose,5,5,,9,4735.13931,473.51393099999996,0.6,T,H,Lose,6,4,,9,7073.479710000001,707.3479710000001,0.4,T,T,Win,4,6,,9,8645.364090000001,864.5364090000002,0.3,T,T,Win,3,7,,9,7073.479710000001,707.3479710000001,0.6,H,T,Lose,6,4,,9,8645.36409,864.5364089999999,0.5,T,H,Lose,5,5,,9,12914.67969,1291.4679690000003,0.7,H,T,Lose,7,3,,9,8645.364090000001,864.5364090000002,0.6,T,H,Lose,6,4,,9,7073.4797100000005,707.3479710000001,0.5,T,H,Lose,5,5,,9,7073.47971,707.347971,0.6,H,H,Win,6,4,,9,8645.36409,864.5364089999999,0.5,T,H,Lose,5,5,,9,10566.556110000001,1056.6556110000001,0.5,T,T,Win,5,5,,9,8645.36409,864.5364089999999,0.5,T,H,Lose,5,5,,9,15784.60851,1578.460851,0.3,T,T,Win,3,7,,9,12914.67969,1291.4679690000003,0.5,T,H,Lose,5,5,,9,15784.60851,1578.460851,0.8,H,H,Win,8,2,,9,8645.36409,864.5364089999999,0.6,H,T,Lose,6,4,,9,8645.364090000001,864.5364090000002,0.6,H,T,Lose,6,4,,9,12914.67969,1291.4679690000003,0.3,T,H,Lose,3,7,,9,8645.364090000001,864.5364090000002,0.5,T,H,Lose,5,5,,9,8645.36409,864.5364089999999,0.7,H,H,Win,7,3,,9,10566.556110000001,1056.6556110000001,0.5,T,H,Lose,5,5,,9,10566.556110000001,1056.6556110000001,0.4,T,H,Lose,4,6,,9,12914.67969,1291.4679690000003,0.2,T,T,Win,2,8,,9,7073.4797100000005,707.3479710000001,0.4,T,T,Win,4,6,
10,14206.147658999998,1420.6147658999998,0.7,H,H,Win,8,3,,10,17363.069360999998,1736.3069360999998,0.2,T,T,Win,2,9,,10,6366.131739,636.6131739000001,0.5,H,T,Lose,6,5,,10,7780.827681000001,778.0827681000001,0.5,T,H,Lose,6,5,,10,9509.900499,950.9900499,0.4,T,T,Win,4,7,,10,14206.147658999998,1420.6147658999998,0.6,H,T,Lose,7,4,,10,9509.900499,950.9900499,0.5,T,H,Lose,6,5,,10,9509.900499000001,950.9900499000001,0.5,T,H,Lose,5,6,,10,11623.211721,1162.3211721,0.4,T,H,Lose,4,7,,10,7780.827680999999,778.0827681,0.7,H,H,Win,8,3,,10,11623.211721,1162.3211721,0.6,H,T,Lose,7,4,,10,14206.147659000002,1420.6147659000003,0.2,T,T,Win,2,9,,10,9509.900499,950.9900499,0.6,T,H,Lose,7,4,,10,17363.069361,1736.3069361000003,0.3,T,T,Win,3,8,,10,5208.653240999999,520.8653241,0.5,H,T,Lose,5,6,,10,7780.827680999999,778.0827681,0.5,T,H,Lose,6,5,,10,11623.211720999998,1162.3211720999998,0.3,T,T,Win,3,8,,10,7780.827681000001,778.0827681000001,0.6,H,H,Win,7,4,,10,9509.900499000001,950.9900499000001,0.5,T,T,Win,6,5,,10,9509.900499,950.9900499,0.5,H,T,Lose,5,6,,10,6366.1317389999995,636.6131739,0.6,T,H,Lose,7,4,,10,6366.1317389999995,636.6131739,0.5,T,T,Win,6,5,,10,11623.211721,1162.3211721,0.4,T,T,Win,4,7,,10,11623.211721000001,1162.3211721000002,0.7,H,H,Win,8,3,,10,11623.211721000001,1162.3211721000002,0.8,H,H,Win,9,2,,10,11623.211721,1162.3211721,0.3,T,T,Win,3,8,,10,9509.900499,950.9900499,0.5,H,H,Win,6,5,,10,14206.147659000002,1420.6147659000003,0.2,T,T,Win,2,9,,10,6366.1317389999995,636.6131739,0.5,T,T,Win,5,6,,10,6366.131739,636.6131739000001,0.5,H,H,Win,6,5,,10,9509.900498999998,950.9900498999998,0.7,H,H,Win,8,3,,10,6366.1317389999995,636.6131739,0.5,H,H,Win,6,5,,10,7780.827681000001,778.0827681000001,0.5,H,H,Win,6,5,,10,11623.211721,1162.3211721,0.5,T,H,Lose,5,6,,10,7780.827680999999,778.0827681,0.5,T,H,Lose,6,5,,10,11623.211721000001,1162.3211721000002,0.4,T,T,Win,4,7,,10,11623.211721000001,1162.3211721000002,0.4,T,H,Lose,4,7,,10,9509.900499,950.9900499,0.4,T,T,Win,4,7,,10,14206.147659000002,1420.6147659000003,0.6,H,T,Lose,7,4,,10,11623.211721000001,1162.3211721000002,0.5,T,H,Lose,5,6,,10,17363.069361,1736.3069361000003,0.4,T,H,Lose,4,7,,10,11623.211721000001,1162.3211721000002,0.5,T,H,Lose,5,6,,10,9509.900499000001,950.9900499000001,0.5,T,T,Win,6,5,,10,7780.827680999999,778.0827681,0.5,H,T,Lose,5,6,,10,7780.827680999999,778.0827681,0.5,H,T,Lose,5,6,,10,6366.131739000001,636.6131739000002,0.5,T,H,Lose,6,5,,10,9509.900499000001,950.9900499000001,0.6,H,H,Win,7,4,,10,4261.625379,426.1625379,0.5,T,T,Win,5,6,,10,11623.211721,1162.3211721,0.5,H,T,Lose,5,6,,10,14206.147659000002,1420.6147659000003,0.3,T,H,Lose,3,8,,10,6366.1317389999995,636.6131739,0.5,T,T,Win,5,6,,10,14206.147659000002,1420.6147659000003,0.3,T,H,Lose,3,8,,10,9509.900499000001,950.9900499000001,0.5,T,H,Lose,5,6,,10,17363.069360999998,1736.3069360999998,0.4,T,H,Lose,4,7,,10,11623.211721,1162.3211721,0.4,T,H,Lose,4,7,,10,11623.211721000001,1162.3211721000002,0.4,T,H,Lose,4,7,,10,14206.147658999998,1420.6147658999998,0.4,T,H,Lose,4,7,,10,11623.211721000001,1162.3211721000002,0.3,T,T,Win,3,8,,10,7780.827681000001,778.0827681000001,0.6,H,H,Win,7,4,,10,9509.900499,950.9900499,0.7,H,H,Win,8,3,,10,7780.827680999999,778.0827681,0.5,T,H,Lose,6,5,,10,11623.211721000001,1162.3211721000002,0.6,H,T,Lose,7,4,,10,11623.211721,1162.3211721,0.6,H,T,Lose,7,4,,10,14206.147659000002,1420.6147659000003,0.2,T,T,Win,2,9,,10,7780.827680999999,778.0827681,0.5,H,H,Win,6,5,,10,7780.827680999999,778.0827681,0.6,T,H,Lose,7,4,,10,6366.131739,636.6131739000001,0.5,H,H,Win,6,5,,10,6366.131739,636.6131739000001,0.5,H,T,Lose,5,6,,10,11623.211721,1162.3211721,0.7,H,T,Lose,8,3,,10,6366.1317389999995,636.6131739,0.5,H,T,Lose,6,5,,10,9509.900498999998,950.9900498999998,0.5,T,T,Win,6,5,,10,11623.211721,1162.3211721,0.5,H,T,Lose,5,6,,10,7780.827681,778.0827681000001,0.6,T,H,Lose,7,4,,10,11623.211720999998,1162.3211720999998,0.3,T,T,Win,3,8,,10,9509.900499000001,950.9900499000001,0.5,T,H,Lose,5,6,,10,6366.1317389999995,636.6131739,0.5,H,T,Lose,6,5,,10,7780.827681000002,778.0827681000002,0.5,T,H,Lose,5,6,,10,11623.211721000001,1162.3211721000002,0.3,T,T,Win,3,8,,10,14206.147659000002,1420.6147659000003,0.6,H,T,Lose,7,4,,10,11623.211721000001,1162.3211721000002,0.7,H,H,Win,8,3,,10,7780.827681000002,778.0827681000002,0.4,T,T,Win,4,7,,10,7780.827681000001,778.0827681000001,0.5,H,T,Lose,6,5,,10,14206.147659000002,1420.6147659000003,0.3,T,H,Lose,3,8,,10,9509.900499000001,950.9900499000001,0.6,T,H,Lose,7,4,,10,9509.900499,950.9900499,0.5,T,H,Lose,5,6,,10,7780.827681,778.0827681000001,0.5,H,T,Lose,5,6,,10,9509.900499,950.9900499,0.6,H,H,Win,7,4,,10,9509.900499000001,950.9900499000001,0.5,H,T,Lose,6,5,,10,11623.211720999998,1162.3211720999998,0.8,H,H,Win,9,2,,10,17363.069360999998,1736.3069360999998,0.2,T,H,Lose,2,9,,10,9509.900499000001,950.9900499000001,0.5,T,H,Lose,5,6,,10,7780.827681000001,778.0827681000001,0.5,T,H,Lose,5,6,,10,9509.900499,950.9900499,0.4,T,T,Win,4,7,,10,9509.900499000001,950.9900499000001,0.5,T,H,Lose,5,6,,10,6366.1317389999995,636.6131739,0.5,T,T,Win,5,6,,10,17363.069360999998,1736.3069360999998,0.1,T,T,Win,1,10,,10,9509.900499000001,950.9900499000001,0.5,H,H,Win,6,5,,10,5208.653241,520.8653241000001,0.6,T,H,Lose,7,4,,10,7780.827681,778.0827681000001,0.6,H,H,Win,7,4,,10,11623.211721,1162.3211721,0.4,T,H,Lose,4,7,,10,6366.131739,636.6131739000001,0.6,T,H,Lose,7,4,,10,14206.147658999998,1420.6147658999998,0.6,H,T,Lose,7,4,,10,6366.1317389999995,636.6131739,0.5,H,H,Win,6,5,,10,7780.827681000001,778.0827681000001,0.5,H,H,Win,6,5,,10,14206.147659,1420.6147659,0.7,H,H,Win,8,3,,10,9509.900498999998,950.9900498999998,0.6,H,H,Win,7,4,,10,9509.900499,950.9900499,0.6,H,H,Win,7,4,,10,9509.900499,950.9900499,0.5,T,T,Win,5,6,,10,7780.827681000001,778.0827681000001,0.6,H,T,Lose,7,4,,10,9509.900498999998,950.9900498999998,0.5,T,T,Win,6,5,,10,14206.147659000002,1420.6147659000003,0.2,T,T,Win,2,9,,10,7780.827681,778.0827681000001,0.6,H,T,Lose,7,4,,10,6366.1317389999995,636.6131739,0.6,T,H,Lose,7,4,,10,6366.1317389999995,636.6131739,0.6,T,H,Lose,7,4,,10,11623.211721,1162.3211721,0.4,T,T,Win,4,7,,10,9509.900499000001,950.9900499000001,0.5,T,H,Lose,5,6,,10,6366.1317389999995,636.6131739,0.5,T,T,Win,5,6,,10,7780.827681000002,778.0827681000002,0.6,H,T,Lose,7,4,,10,9509.900499,950.9900499,0.8,H,H,Win,9,2,,10,7780.827681,778.0827681000001,0.5,H,H,Win,6,5,,10,7780.827681000001,778.0827681000001,0.6,H,T,Lose,7,4,,10,11623.211721,1162.3211721,0.3,T,T,Win,3,8,,10,9509.900499,950.9900499,0.5,T,H,Lose,5,6,,10,9509.900499,950.9900499,0.4,T,T,Win,4,7,,10,14206.147659000002,1420.6147659000003,0.2,T,T,Win,2,9,,10,7780.827680999999,778.0827681,0.5,H,H,Win,6,5,,10,5208.653240999999,520.8653241,0.5,T,T,Win,5,6,,10,9509.900499,950.9900499,0.6,T,H,Lose,7,4,,10,7780.827681000001,778.0827681000001,0.5,T,T,Win,5,6,,10,7780.827680999999,778.0827681,0.7,H,H,Win,8,3,,10,9509.900499000001,950.9900499000001,0.7,H,T,Lose,8,3,,10,9509.900499,950.9900499,0.4,T,T,Win,4,7,,10,9509.900499000001,950.9900499000001,0.5,T,T,Win,6,5,,10,11623.211721,1162.3211721,0.5,T,T,Win,5,6,,10,11623.211720999998,1162.3211720999998,0.8,H,H,Win,9,2,,10,7780.827680999999,778.0827681,0.5,T,H,Lose,6,5,,10,7780.827681,778.0827681000001,0.5,T,T,Win,6,5,,10,5208.653241000001,520.8653241000001,0.5,H,T,Lose,5,6,,10,7780.827681,778.0827681000001,0.5,H,H,Win,6,5,,10,14206.147658999998,1420.6147658999998,0.5,T,H,Lose,5,6,,10,17363.069361,1736.3069361000003,0.3,T,H,Lose,3,8,,10,11623.211721,1162.3211721,0.6,H,T,Lose,7,4,,10,6366.131739000001,636.6131739000002,0.5,H,T,Lose,6,5,,10,7780.827680999999,778.0827681,0.5,T,T,Win,5,6,,10,9509.900499000001,950.9900499000001,0.6,H,T,Lose,7,4,,10,9509.900498999998,950.9900498999998,0.5,H,T,Lose,5,6,,10,11623.211721000001,1162.3211721000002,0.8,H,H,Win,9,2,,10,7780.827680999999,778.0827681,0.5,T,T,Win,5,6,,10,5208.653241,520.8653241000001,0.6,T,H,Lose,7,4,,10,7780.827681,778.0827681000001,0.5,T,H,Lose,6,5,,10,14206.147659000002,1420.6147659000003,0.6,H,T,Lose,7,4,,10,7780.827681000001,778.0827681000001,0.5,T,H,Lose,6,5,,10,14206.147659000002,1420.6147659000003,0.7,H,T,Lose,8,3,,10,11623.211721,1162.3211721,0.6,T,H,Lose,7,4,,10,11623.211721,1162.3211721,0.4,T,H,Lose,4,7,,10,5208.653241,520.8653241000001,0.5,T,T,Win,5,6,,10,7780.827681000001,778.0827681000001,0.6,T,H,Lose,7,4,,10,6366.131739,636.6131739000001,0.5,H,T,Lose,6,5,,10,7780.827681,778.0827681000001,0.5,T,H,Lose,6,5,,10,14206.147658999998,1420.6147658999998,0.8,H,H,Win,9,2,,10,11623.211721000001,1162.3211721000002,0.4,T,T,Win,4,7,,10,6366.1317389999995,636.6131739,0.5,T,T,Win,5,6,,10,11623.211721,1162.3211721,0.4,T,T,Win,4,7,,10,5208.653241,520.8653241000001,0.5,T,H,Lose,6,5,,10,7780.827681000001,778.0827681000001,0.5,T,H,Lose,5,6,,10,9509.900499,950.9900499,0.6,H,T,Lose,7,4,,10,11623.211721,1162.3211721,0.6,H,T,Lose,7,4,,10,7780.827680999999,778.0827681,0.5,T,H,Lose,6,5,,10,9509.900499000001,950.9900499000001,0.6,T,H,Lose,7,4,,10,9509.900498999998,950.9900498999998,0.5,T,T,Win,6,5,,10,7780.827681000001,778.0827681000001,0.5,T,T,Win,5,6,,10,11623.211720999998,1162.3211720999998,0.6,H,T,Lose,7,4,,10,9509.900498999998,950.9900498999998,0.6,H,H,Win,7,4,,10,9509.900499,950.9900499,0.5,T,H,Lose,5,6,,10,11623.211721,1162.3211721,0.6,T,H,Lose,7,4,,10,11623.211720999998,1162.3211720999998,0.4,T,H,Lose,4,7,,10,9509.900499000001,950.9900499000001,0.5,T,H,Lose,5,6,,10,6366.1317389999995,636.6131739,0.5,H,T,Lose,6,5,,10,7780.827680999999,778.0827681,0.5,T,H,Lose,6,5,,10,9509.900499000001,950.9900499000001,0.5,T,H,Lose,5,6,,10,7780.827680999999,778.0827681,0.5,H,H,Win,6,5,,10,11623.211720999998,1162.3211720999998,0.7,H,H,Win,8,3,,10,6366.131739,636.6131739000001,0.5,T,T,Win,5,6,,10,5208.653241000001,520.8653241000001,0.5,H,H,Win,6,5,,10,7780.827681000001,778.0827681000001,0.5,T,H,Lose,6,5,,10,11623.211720999998,1162.3211720999998,0.7,H,T,Lose,8,3,,10,11623.211721,1162.3211721,0.6,T,H,Lose,7,4,,10,14206.147659000002,1420.6147659000003,0.3,T,T,Win,3,8,,10,6366.1317389999995,636.6131739,0.5,H,T,Lose,6,5,,10,6366.1317389999995,636.6131739,0.5,H,T,Lose,6,5,,10,6366.1317389999995,636.6131739,0.6,H,H,Win,7,4,,10,9509.900499000001,950.9900499000001,0.4,T,T,Win,4,7,,10,7780.827680999999,778.0827681,0.5,T,T,Win,6,5,,10,9509.900499,950.9900499,0.5,T,T,Win,6,5,,10,9509.900499000001,950.9900499000001,0.5,H,H,Win,6,5,,10,9509.900499000001,950.9900499000001,0.5,T,H,Lose,5,6,,10,9509.900499,950.9900499,0.5,T,H,Lose,5,6,,10,11623.211720999998,1162.3211720999998,0.8,H,H,Win,9,2,,10,11623.211721,1162.3211721,0.3,T,T,Win,3,8,,10,9509.900499,950.9900499,0.5,T,T,Win,5,6,,10,17363.069361,1736.3069361000003,0.3,T,T,Win,3,8,,10,11623.211721,1162.3211721,0.7,H,H,Win,8,3,,10,7780.827680999999,778.0827681,0.5,H,H,Win,6,5,,10,17363.069361,1736.3069361000003,0.7,H,T,Lose,8,3,,10,5208.653241,520.8653241000001,0.5,T,H,Lose,6,5,,10,11623.211720999998,1162.3211720999998,0.3,T,T,Win,3,8,,10,7780.827680999999,778.0827681,0.4,T,T,Win,4,7,,10,11623.211720999998,1162.3211720999998,0.3,T,T,Win,3,8,,10,11623.211721000001,1162.3211721000002,0.4,T,H,Lose,4,7,,10,7780.827681000001,778.0827681000001,0.7,H,H,Win,8,3,,10,7780.827681000001,778.0827681000001,0.7,H,H,Win,8,3,,10,6366.1317389999995,636.6131739,0.6,H,H,Win,7,4,,10,17363.069361,1736.3069361000003,0.2,T,H,Lose,2,9,,10,14206.147658999998,1420.6147658999998,0.3,T,H,Lose,3,8,,10,5208.653241,520.8653241000001,0.5,H,T,Lose,6,5,,10,9509.900499,950.9900499,0.6,H,H,Win,7,4,,10,9509.900499,950.9900499,0.5,H,T,Lose,5,6,,10,14206.147658999998,1420.6147658999998,0.4,T,T,Win,4,7,,10,17363.069361,1736.3069361000003,0.7,H,T,Lose,8,3,,10,7780.827680999999,778.0827681,0.6,H,H,Win,7,4,,10,9509.900498999998,950.9900498999998,0.5,T,H,Lose,5,6,,10,7780.827681,778.0827681000001,0.6,T,H,Lose,7,4,,10,5208.653240999999,520.8653241,0.5,H,T,Lose,6,5,,10,11623.211721,1162.3211721,0.5,T,H,Lose,5,6,,10,6366.1317389999995,636.6131739,0.5,T,T,Win,6,5,,10,11623.211721,1162.3211721,0.4,T,H,Lose,4,7,,10,6366.131739,636.6131739000001,0.5,T,T,Win,6,5,,10,7780.827681000001,778.0827681000001,0.6,H,H,Win,7,4,,10,7780.827680999999,778.0827681,0.5,T,T,Win,6,5,,10,14206.147658999998,1420.6147658999998,0.5,T,H,Lose,5,6,,10,17363.069361,1736.3069361000003,0.8,H,H,Win,9,2,,10,7780.827681000001,778.0827681000001,0.7,H,H,Win,8,3,,10,7780.827681,778.0827681000001,0.7,H,H,Win,8,3,,10,9509.900499000001,950.9900499000001,0.4,T,H,Lose,4,7,,10,6366.1317389999995,636.6131739,0.5,T,H,Lose,6,5,,10,9509.900499,950.9900499,0.6,H,H,Win,7,4,,10,7780.827680999999,778.0827681,0.6,T,H,Lose,7,4,,10,11623.211721,1162.3211721,0.3,T,T,Win,3,8,,10,9509.900499,950.9900499,0.6,H,H,Win,7,4,,10,9509.900499000001,950.9900499000001,0.5,T,H,Lose,6,5,,10,9509.900499,950.9900499,0.7,H,H,Win,8,3,,10,6366.131738999999,636.6131738999999,0.5,H,H,Win,6,5,,10,7780.827681,778.0827681000001,0.6,T,H,Lose,7,4,,10,11623.211721,1162.3211721,0.5,T,T,Win,6,5,,10,9509.900499,950.9900499,0.6,T,H,Lose,7,4,,10,7780.827681000001,778.0827681000001,0.6,T,H,Lose,7,4,,10,7780.827681,778.0827681000001,0.6,H,T,Lose,7,4,,10,9509.900499000001,950.9900499000001,0.5,H,H,Win,6,5,,10,11623.211721,1162.3211721,0.5,H,T,Lose,5,6,,10,14206.147659000002,1420.6147659000003,0.5,T,H,Lose,5,6,,10,14206.147659000002,1420.6147659000003,0.4,T,T,Win,4,7,,10,14206.147658999998,1420.6147658999998,0.7,H,H,Win,8,3,,10,7780.827681000001,778.0827681000001,0.5,H,T,Lose,5,6,,10,6366.1317389999995,636.6131739,0.5,T,T,Win,5,6,,10,6366.1317389999995,636.6131739,0.6,T,H,Lose,7,4,,10,9509.900499,950.9900499,0.6,T,H,Lose,7,4,,10,7780.827680999999,778.0827681,0.5,H,T,Lose,5,6,,10,9509.900499,950.9900499,0.5,T,H,Lose,5,6,,10,9509.900499,950.9900499,0.5,H,T,Lose,5,6,,10,9509.900499000001,950.9900499000001,0.4,T,T,Win,4,7,,10,9509.900498999998,950.9900498999998,0.5,T,H,Lose,5,6,,10,11623.211721000001,1162.3211721000002,0.4,T,H,Lose,4,7,,10,9509.900499000001,950.9900499000001,0.6,H,H,Win,7,4,,10,9509.900499,950.9900499,0.4,T,T,Win,4,7,,10,7780.827681,778.0827681000001,0.5,T,H,Lose,6,5,,10,6366.131739,636.6131739000001,0.5,T,H,Lose,6,5,,10,9509.900499,950.9900499,0.6,T,H,Lose,7,4,,10,9509.900498999998,950.9900498999998,0.5,T,H,Lose,5,6,,10,6366.131739,636.6131739000001,0.5,H,T,Lose,6,5,,10,14206.147659000002,1420.6147659000003,0.2,T,T,Win,2,9,,10,11623.211721000001,1162.3211721000002,0.6,H,T,Lose,7,4,,10,9509.900499,950.9900499,0.4,T,T,Win,4,7,,10,9509.900499000001,950.9900499000001,0.5,T,T,Win,6,5,,10,14206.147659,1420.6147659,0.7,H,H,Win,8,3,,10,7780.827681000001,778.0827681000001,0.5,T,H,Lose,5,6,,10,6366.131739,636.6131739000001,0.4,T,T,Win,4,7,,10,6366.131739,636.6131739000001,0.4,T,T,Win,4,7,,10,11623.211721,1162.3211721,0.3,T,T,Win,3,8,,10,9509.900498999998,950.9900498999998,0.6,H,T,Lose,7,4,,10,14206.147659,1420.6147659,0.7,H,H,Win,8,3,,10,7780.827681,778.0827681000001,0.5,T,T,Win,5,6,,10,9509.900499000001,950.9900499000001,0.6,T,H,Lose,7,4,,10,9509.900499,950.9900499,0.5,H,T,Lose,6,5,,10,6366.131739,636.6131739000001,0.6,T,H,Lose,7,4,,10,11623.211721,1162.3211721,0.4,T,H,Lose,4,7,,10,14206.147659000002,1420.6147659000003,0.2,T,T,Win,2,9,,10,9509.900499,950.9900499,0.4,T,T,Win,4,7,,10,6366.1317389999995,636.6131739,0.5,T,T,Win,6,5,,10,5208.653241,520.8653241000001,0.5,T,T,Win,5,6,,10,9509.900499,950.9900499,0.5,H,H,Win,6,5,,10,9509.900498999998,950.9900498999998,0.6,H,T,Lose,7,4,,10,14206.147659,1420.6147659,0.5,T,H,Lose,5,6,,10,7780.827681,778.0827681000001,0.4,T,T,Win,4,7,,10,6366.131739000001,636.6131739000002,0.6,T,H,Lose,7,4,,10,11623.211721,1162.3211721,0.6,T,H,Lose,7,4,,10,14206.147658999998,1420.6147658999998,0.6,H,T,Lose,7,4,,10,4261.625379,426.1625379,0.6,H,H,Win,7,4,,10,7780.827680999999,778.0827681,0.6,T,H,Lose,7,4,,10,7780.827681000001,778.0827681000001,0.5,T,T,Win,5,6,,10,9509.900499,950.9900499,0.5,T,H,Lose,5,6,,10,11623.211721,1162.3211721,0.3,T,T,Win,3,8,,10,7780.827681000001,778.0827681000001,0.5,H,T,Lose,5,6,,10,11623.211721,1162.3211721,0.3,T,T,Win,3,8,,10,14206.147659000002,1420.6147659000003,0.3,T,H,Lose,3,8,,10,9509.900498999998,950.9900498999998,0.5,T,H,Lose,5,6,,10,11623.211721000001,1162.3211721000002,0.7,H,H,Win,8,3,,10,11623.211721,1162.3211721,0.4,T,H,Lose,4,7,,10,11623.211721,1162.3211721,0.5,T,H,Lose,5,6,,10,6366.1317389999995,636.6131739,0.5,T,T,Win,5,6,,10,5208.653241,520.8653241000001,0.5,T,T,Win,6,5,,10,14206.147659,1420.6147659,0.2,T,T,Win,2,9,,10,7780.827681000001,778.0827681000001,0.7,H,H,Win,8,3,,10,11623.211721,1162.3211721,0.5,T,H,Lose,6,5,,10,9509.900499,950.9900499,0.6,H,T,Lose,7,4,,10,11623.211721000001,1162.3211721000002,0.3,T,T,Win,3,8,,10,7780.827680999999,778.0827681,0.6,T,H,Lose,7,4,,10,7780.827680999999,778.0827681,0.5,H,H,Win,6,5,,10,17363.069361,1736.3069361000003,0.8,H,H,Win,9,2,,10,11623.211721,1162.3211721,0.6,H,T,Lose,7,4,,10,9509.900499,950.9900499,0.5,T,H,Lose,5,6,,10,11623.211721000001,1162.3211721000002,0.3,T,T,Win,3,8,,10,9509.900499,950.9900499,0.4,T,T,Win,4,7,,10,9509.900499,950.9900499,0.7,H,H,Win,8,3,,10,6366.131738999999,636.6131738999999,0.5,T,T,Win,6,5,,10,9509.900499000001,950.9900499000001,0.4,T,T,Win,4,7,,10,11623.211720999998,1162.3211720999998,0.7,H,H,Win,8,3,,10,9509.900499,950.9900499,0.4,T,T,Win,4,7,,10,9509.900499,950.9900499,0.6,H,T,Lose,7,4,,10,5208.653241,520.8653241000001,0.5,H,H,Win,6,5,,10,7780.827681000001,778.0827681000001,0.6,T,H,Lose,7,4,,10,11623.211721,1162.3211721,0.5,T,T,Win,6,5,,10,6366.131739000001,636.6131739000002,0.6,T,H,Lose,7,4,,10,9509.900499,950.9900499,0.5,T,T,Win,5,6,,10,7780.827681,778.0827681000001,0.6,H,T,Lose,7,4,,10,9509.900498999998,950.9900498999998,0.4,T,T,Win,4,7,,10,11623.211721,1162.3211721,0.5,T,H,Lose,5,6,,10,11623.211721,1162.3211721,0.4,T,H,Lose,4,7,,10,7780.827680999999,778.0827681,0.6,H,H,Win,7,4,,10,9509.900499,950.9900499,0.4,T,T,Win,4,7,,10,4261.625379,426.1625379,0.5,H,T,Lose,6,5,,10,14206.147659000002,1420.6147659000003,0.3,T,H,Lose,3,8,,10,5208.653240999999,520.8653241,0.5,H,T,Lose,6,5,,10,9509.900499,950.9900499,0.5,T,H,Lose,5,6,,10,11623.211721,1162.3211721,0.4,T,H,Lose,4,7,,10,9509.900499,950.9900499,0.5,H,T,Lose,6,5,,10,9509.900499,950.9900499,0.5,H,T,Lose,5,6,,10,7780.827680999999,778.0827681,0.5,T,T,Win,6,5,,10,6366.1317389999995,636.6131739,0.5,T,T,Win,6,5,,10,17363.069361,1736.3069361000003,0.8,H,H,Win,9,2,,10,7780.827681000001,778.0827681000001,0.5,H,T,Lose,5,6,,10,7780.827681000002,778.0827681000002,0.4,T,T,Win,4,7,,10,6366.131738999999,636.6131738999999,0.5,H,H,Win,6,5,,10,11623.211720999998,1162.3211720999998,0.3,T,T,Win,3,8,,10,14206.147659000002,1420.6147659000003,0.2,T,T,Win,2,9,,10,9509.900499,950.9900499,0.5,T,H,Lose,5,6,,10,11623.211720999998,1162.3211720999998,0.5,T,H,Lose,5,6,,10,7780.827681000001,778.0827681000001,0.5,T,T,Win,5,6,,10,14206.147658999998,1420.6147658999998,0.7,H,H,Win,8,3,,10,5208.653241,520.8653241000001,0.6,H,H,Win,7,4,,10,7780.827681000001,778.0827681000001,0.5,T,H,Lose,6,5,,10,6366.131739,636.6131739000001,0.5,T,T,Win,5,6,,10,14206.147659000002,1420.6147659000003,0.2,T,T,Win,2,9,,10,9509.900499,950.9900499,0.7,H,H,Win,8,3,,10,9509.900499,950.9900499,0.6,T,H,Lose,7,4,,10,14206.147659000002,1420.6147659000003,0.8,H,H,Win,9,2,,10,11623.211720999998,1162.3211720999998,0.3,T,T,Win,3,8,,10,6366.1317389999995,636.6131739,0.5,T,H,Lose,6,5,,10,14206.147659000002,1420.6147659000003,0.2,T,T,Win,2,9,,10,14206.147658999998,1420.6147658999998,0.5,T,H,Lose,5,6,,10,11623.211721,1162.3211721,0.6,T,H,Lose,7,4,,10,6366.131738999999,636.6131738999999,0.6,H,H,Win,7,4,,10,6366.131739,636.6131739000001,0.5,T,T,Win,6,5,,10,11623.211721,1162.3211721,0.6,T,H,Lose,7,4,,10,7780.827680999999,778.0827681,0.5,T,T,Win,5,6,,10,6366.131739,636.6131739000001,0.6,H,T,Lose,7,4,,10,14206.147658999998,1420.6147658999998,0.8,H,H,Win,9,2,,10,11623.211721,1162.3211721,0.3,T,T,Win,3,8,,10,9509.900499000001,950.9900499000001,0.4,T,T,Win,4,7,,10,9509.900499000001,950.9900499000001,0.6,H,T,Lose,7,4,,10,9509.900499000001,950.9900499000001,0.5,T,T,Win,6,5,,10,11623.211721,1162.3211721,0.6,H,H,Win,7,4,,10,7780.827680999999,778.0827681,0.5,T,H,Lose,6,5,,10,11623.211721,1162.3211721,0.5,T,T,Win,5,6,,10,9509.900498999998,950.9900498999998,0.4,T,T,Win,4,7,,10,11623.211721,1162.3211721,0.6,H,T,Lose,7,4,,10,14206.147659000002,1420.6147659000003,0.3,T,T,Win,3,8,,10,5208.653241,520.8653241000001,0.5,T,T,Win,6,5,,10,7780.827681000001,778.0827681000001,0.4,T,T,Win,4,7,,10,14206.147659000002,1420.6147659000003,0.3,T,H,Lose,3,8,,10,11623.211721,1162.3211721,0.6,H,T,Lose,7,4,,10,14206.147659000002,1420.6147659000003,0.3,T,H,Lose,3,8,,10,9509.900498999998,950.9900498999998,0.6,H,T,Lose,7,4,,10,9509.900499,950.9900499,0.5,T,H,Lose,5,6,,10,14206.147659000002,1420.6147659000003,0.7,H,T,Lose,8,3,,10,25937.424601000006,2593.7424601000007,0.9,H,T,Lose,10,1,,10,17363.069361,1736.3069361000003,0.3,T,T,Win,3,8,,10,6366.131739,636.6131739000001,0.5,T,H,Lose,6,5,,10,7780.827681,778.0827681000001,0.5,T,T,Win,5,6,,10,11623.211721,1162.3211721,0.8,H,H,Win,9,2,,10,9509.900499000001,950.9900499000001,0.7,H,T,Lose,8,3,,10,9509.900499000001,950.9900499000001,0.4,T,T,Win,4,7,,10,11623.211720999998,1162.3211720999998,0.3,T,T,Win,3,8,,10,9509.900499,950.9900499,0.6,H,T,Lose,7,4,,10,5208.653240999999,520.8653241,0.5,H,T,Lose,6,5,,10,14206.147659000002,1420.6147659000003,0.3,T,H,Lose,3,8,,10,11623.211721,1162.3211721,0.7,H,T,Lose,8,3,,10,7780.827680999999,778.0827681,0.5,H,T,Lose,5,6,,10,9509.900499,950.9900499,0.6,T,H,Lose,7,4,,10,7780.827681,778.0827681000001,0.5,T,T,Win,5,6,,10,4261.625378999999,426.16253789999996,0.5,H,H,Win,6,5,,10,9509.900498999998,950.9900498999998,0.5,H,T,Lose,5,6,,10,9509.900499,950.9900499,0.4,T,T,Win,4,7,,10,9509.900499,950.9900499,0.6,H,T,Lose,7,4,,10,9509.900499,950.9900499,0.7,H,H,Win,8,3,,10,11623.211721,1162.3211721,0.7,H,H,Win,8,3,,10,9509.900499000001,950.9900499000001,0.5,H,T,Lose,6,5,,10,11623.211721,1162.3211721,0.4,T,H,Lose,4,7,,10,9509.900499,950.9900499,0.5,T,H,Lose,5,6,,10,7780.827681000001,778.0827681000001,0.5,T,T,Win,6,5,,10,9509.900499,950.9900499,0.7,H,H,Win,8,3,,10,9509.900499000001,950.9900499000001,0.8,H,H,Win,9,2,,10,9509.900499000001,950.9900499000001,0.5,H,T,Lose,6,5,,10,11623.211720999998,1162.3211720999998,0.3,T,T,Win,3,8,,10,7780.827681000001,778.0827681000001,0.5,T,H,Lose,6,5,,10,9509.900499,950.9900499,0.5,T,H,Lose,5,6,,10,11623.211721,1162.3211721,0.4,T,T,Win,4,7,,10,7780.827681,778.0827681000001,0.5,H,T,Lose,5,6,,10,7780.827680999999,778.0827681,0.5,T,H,Lose,6,5,,10,9509.900499,950.9900499,0.5,H,T,Lose,6,5,,10,7780.827681000001,778.0827681000001,0.5,H,T,Lose,6,5,,10,11623.211721,1162.3211721,0.4,T,T,Win,4,7,,10,7780.827681000001,778.0827681000001,0.6,H,T,Lose,7,4,,10,6366.1317389999995,636.6131739,0.5,T,T,Win,6,5,,10,7780.827681000001,778.0827681000001,0.6,H,H,Win,7,4,,10,5208.653241,520.8653241000001,0.5,H,T,Lose,6,5,,10,6366.1317389999995,636.6131739,0.4,T,T,Win,4,7,,10,7780.827681,778.0827681000001,0.5,T,T,Win,5,6,,10,11623.211721,1162.3211721,0.8,H,H,Win,9,2,,10,6366.131738999999,636.6131738999999,0.5,T,T,Win,6,5,,10,9509.900499,950.9900499,0.4,T,T,Win,4,7,,10,14206.147659,1420.6147659,0.7,H,H,Win,8,3,,10,7780.827681000001,778.0827681000001,0.5,H,H,Win,6,5,,10,5208.653241,520.8653241000001,0.6,H,H,Win,7,4,,10,6366.131739,636.6131739000001,0.5,H,T,Lose,5,6,,10,9509.900499,950.9900499,0.7,H,H,Win,8,3,,10,7780.827681000001,778.0827681000001,0.6,H,H,Win,7,4,,10,7780.827681000001,778.0827681000001,0.5,T,H,Lose,6,5,,10,7780.827680999999,778.0827681,0.4,T,T,Win,4,7,,10,9509.900499,950.9900499,0.6,T,H,Lose,7,4,,10,11623.211721,1162.3211721,0.4,T,T,Win,4,7,,10,9509.900499,950.9900499,0.4,T,T,Win,4,7,,10,9509.900499,950.9900499,0.5,T,H,Lose,5,6,,10,11623.211721,1162.3211721,0.4,T,H,Lose,4,7,,10,17363.069361,1736.3069361000003,0.8,H,H,Win,9,2,,10,7780.827681,778.0827681000001,0.5,H,H,Win,6,5,,10,6366.1317389999995,636.6131739,0.5,T,H,Lose,6,5,,10,11623.211721,1162.3211721,0.4,T,H,Lose,4,7,,10,11623.211721,1162.3211721,0.5,H,T,Lose,6,5,,10,5208.653241,520.8653241000001,0.6,T,H,Lose,7,4,,10,7780.827681,778.0827681000001,0.6,H,H,Win,7,4,,10,9509.900499000001,950.9900499000001,0.5,T,H,Lose,5,6,,10,7780.827681000001,778.0827681000001,0.5,H,T,Lose,6,5,,10,14206.147659000002,1420.6147659000003,0.6,H,T,Lose,7,4,,10,9509.900498999998,950.9900498999998,0.5,T,H,Lose,5,6,,10,11623.211721,1162.3211721,0.4,T,T,Win,4,7,,10,9509.900499,950.9900499,0.7,H,H,Win,8,3,,10,7780.827680999999,778.0827681,0.5,T,T,Win,5,6,,10,9509.900499,950.9900499,0.7,H,H,Win,8,3,,10,9509.900499,950.9900499,0.5,T,T,Win,5,6,,10,7780.827681000001,778.0827681000001,0.6,T,H,Lose,7,4,,10,7780.827680999999,778.0827681,0.5,T,T,Win,6,5,,10,11623.211721000001,1162.3211721000002,0.5,H,T,Lose,6,5,,10,21221.529219,2122.1529219,0.2,T,H,Lose,2,9,,10,6366.131739,636.6131739000001,0.6,T,H,Lose,7,4,,10,11623.211721000001,1162.3211721000002,0.3,T,T,Win,3,8,,10,11623.211721000001,1162.3211721000002,0.6,H,H,Win,7,4,,10,9509.900499,950.9900499,0.5,T,H,Lose,5,6,,10,7780.827680999999,778.0827681,0.5,H,T,Lose,5,6,,10,9509.900499000001,950.9900499000001,0.4,T,T,Win,4,7,,10,7780.827681000001,778.0827681000001,0.4,T,T,Win,4,7,,10,9509.900499,950.9900499,0.4,T,T,Win,4,7,,10,5208.653241,520.8653241000001,0.6,H,H,Win,7,4,,10,6366.1317389999995,636.6131739,0.5,H,H,Win,6,5,,10,17363.069361,1736.3069361000003,0.3,T,T,Win,3,8,,10,11623.211720999998,1162.3211720999998,0.3,T,T,Win,3,8,,10,9509.900498999998,950.9900498999998,0.6,H,T,Lose,7,4,,10,9509.900499,950.9900499,0.5,T,T,Win,6,5,,10,11623.211721000001,1162.3211721000002,0.3,T,T,Win,3,8,,10,14206.147659000002,1420.6147659000003,0.2,T,T,Win,2,9,,10,11623.211721,1162.3211721,0.4,T,T,Win,4,7,,10,11623.211720999998,1162.3211720999998,0.4,T,H,Lose,4,7,,10,7780.827681000001,778.0827681000001,0.7,H,H,Win,8,3,,10,7780.827681000002,778.0827681000002,0.5,T,H,Lose,5,6,,10,11623.211721000001,1162.3211721000002,0.6,H,T,Lose,7,4,,10,11623.211721,1162.3211721,0.4,T,H,Lose,4,7,,10,9509.900499000001,950.9900499000001,0.6,T,H,Lose,7,4,,10,14206.147658999998,1420.6147658999998,0.6,H,T,Lose,7,4,,10,11623.211721,1162.3211721,0.7,H,H,Win,8,3,,10,7780.827681,778.0827681000001,0.4,T,T,Win,4,7,,10,7780.827681000001,778.0827681000001,0.6,H,H,Win,7,4,,10,7780.827681,778.0827681000001,0.5,T,T,Win,5,6,,10,17363.069361,1736.3069361000003,0.8,H,T,Lose,9,2,,10,9509.900499,950.9900499,0.6,H,H,Win,7,4,,10,7780.827680999999,778.0827681,0.5,T,H,Lose,6,5,,10,9509.900499000001,950.9900499000001,0.4,T,T,Win,4,7,,10,7780.827680999999,778.0827681,0.5,T,T,Win,5,6,,10,7780.827681000001,778.0827681000001,0.7,H,H,Win,8,3,,10,6366.131739,636.6131739000001,0.7,H,H,Win,8,3,,10,9509.900499000001,950.9900499000001,0.5,T,H,Lose,5,6,,10,11623.211721,1162.3211721,0.3,T,T,Win,3,8,,10,17363.069361,1736.3069361000003,0.7,H,T,Lose,8,3,,10,11623.211721,1162.3211721,0.4,T,T,Win,4,7,,10,9509.900499,950.9900499,0.5,T,H,Lose,5,6,,10,9509.900499000001,950.9900499000001,0.5,T,H,Lose,5,6,,10,6366.1317389999995,636.6131739,0.5,T,H,Lose,6,5,,10,14206.147658999998,1420.6147658999998,0.5,T,H,Lose,5,6,,10,14206.147659000002,1420.6147659000003,0.6,H,T,Lose,7,4,,10,17363.069361,1736.3069361000003,0.2,T,T,Win,2,9,,10,7780.827680999999,778.0827681,0.5,T,H,Lose,6,5,,10,14206.147659000002,1420.6147659000003,0.4,T,T,Win,4,7,,10,6366.131739,636.6131739000001,0.5,H,T,Lose,6,5,,10,7780.827680999999,778.0827681,0.5,H,T,Lose,5,6,,10,11623.211721,1162.3211721,0.5,T,T,Win,5,6,,10,11623.211721,1162.3211721,0.3,T,T,Win,3,8,,10,14206.147659000002,1420.6147659000003,0.3,T,H,Lose,3,8,,10,6366.1317389999995,636.6131739,0.5,T,T,Win,5,6,,10,17363.069361,1736.3069361000003,0.7,H,T,Lose,8,3,,10,21221.529219000004,2122.1529219000004,0.3,T,H,Lose,3,8,,10,14206.147658999998,1420.6147658999998,0.6,H,T,Lose,7,4,,10,11623.211721,1162.3211721,0.6,T,H,Lose,7,4,,10,11623.211721000001,1162.3211721000002,0.4,T,T,Win,4,7,,10,6366.1317389999995,636.6131739,0.5,H,T,Lose,6,5,,10,9509.900499,950.9900499,0.4,T,T,Win,4,7,,10,9509.900499,950.9900499,0.4,T,T,Win,4,7,,10,5208.653241000001,520.8653241000001,0.6,T,H,Lose,7,4,,10,9509.900499,950.9900499,0.4,T,T,Win,4,7,,10,11623.211721,1162.3211721,0.3,T,T,Win,3,8,,10,14206.147659000002,1420.6147659000003,0.8,H,H,Win,9,2,,10,9509.900499,950.9900499,0.5,T,H,Lose,5,6,,10,5208.653241000001,520.8653241000001,0.5,H,H,Win,6,5,,10,9509.900499,950.9900499,0.5,T,H,Lose,5,6,,10,21221.529219,2122.1529219,0.3,T,H,Lose,3,8,,10,7780.827680999999,778.0827681,0.5,H,T,Lose,5,6,,10,11623.211721,1162.3211721,0.3,T,T,Win,3,8,,10,9509.900499,950.9900499,0.5,T,H,Lose,5,6,,10,14206.147659000002,1420.6147659000003,0.2,T,T,Win,2,9,,10,9509.900499000001,950.9900499000001,0.5,T,H,Lose,6,5,,10,7780.827680999999,778.0827681,0.5,H,H,Win,6,5,,10,3486.784401,348.6784401,0.5,H,T,Lose,6,5,,10,11623.211721,1162.3211721,0.5,H,H,Win,6,5,,10,11623.211720999998,1162.3211720999998,0.3,T,T,Win,3,8,,10,9509.900499000001,950.9900499000001,0.6,T,H,Lose,7,4,,10,7780.827680999999,778.0827681,0.5,T,T,Win,5,6,,10,9509.900499000001,950.9900499000001,0.6,T,H,Lose,7,4,,10,17363.069360999998,1736.3069360999998,0.9,H,H,Win,10,1,,10,11623.211720999998,1162.3211720999998,0.4,T,H,Lose,4,7,,10,11623.211720999998,1162.3211720999998,0.4,T,H,Lose,4,7,,10,9509.900499000001,950.9900499000001,0.4,T,T,Win,4,7,,10,6366.1317389999995,636.6131739,0.5,T,H,Lose,6,5,,10,7780.827681,778.0827681000001,0.6,T,H,Lose,7,4,,10,9509.900499,950.9900499,0.4,T,T,Win,4,7,,10,7780.827681000001,778.0827681000001,0.6,T,H,Lose,7,4,,10,17363.069361,1736.3069361000003,0.3,T,T,Win,3,8,,10,4261.625379,426.1625379,0.5,H,T,Lose,6,5,,10,7780.827681000001,778.0827681000001,0.5,T,H,Lose,6,5,,10,9509.900498999998,950.9900498999998,0.5,T,T,Win,5,6,,10,7780.827680999999,778.0827681,0.5,H,H,Win,6,5,,10,14206.147659000002,1420.6147659000003,0.7,H,T,Lose,8,3,,10,7780.827680999999,778.0827681,0.5,H,H,Win,6,5,,10,11623.211720999998,1162.3211720999998,0.3,T,T,Win,3,8,,10,6366.131739,636.6131739000001,0.5,T,H,Lose,6,5,,10,9509.900498999998,950.9900498999998,0.4,T,T,Win,4,7,,10,9509.900499,950.9900499,0.6,H,T,Lose,7,4,,10,7780.827681000001,778.0827681000001,0.5,H,H,Win,6,5,,10,9509.900499000001,950.9900499000001,0.6,T,H,Lose,7,4,,10,9509.900499000001,950.9900499000001,0.8,H,H,Win,9,2,,10,11623.211721,1162.3211721,0.4,T,T,Win,4,7,,10,5208.653241000001,520.8653241000001,0.5,H,H,Win,6,5,,10,9509.900499000001,950.9900499000001,0.5,T,H,Lose,5,6,,10,17363.069361,1736.3069361000003,0.8,H,H,Win,9,2,,10,11623.211721,1162.3211721,0.7,H,H,Win,8,3,,10,11623.211721,1162.3211721,0.4,T,H,Lose,4,7,,10,9509.900499000001,950.9900499000001,0.5,H,H,Win,6,5,,10,9509.900499,950.9900499,0.5,T,H,Lose,5,6,,10,9509.900499000001,950.9900499000001,0.4,T,T,Win,4,7,,10,11623.211720999998,1162.3211720999998,0.4,T,H,Lose,4,7,,10,7780.827680999999,778.0827681,0.6,H,T,Lose,7,4,,10,11623.211721,1162.3211721,0.5,T,H,Lose,5,6,,10,7780.827681000001,778.0827681000001,0.5,T,H,Lose,6,5,,10,11623.211720999998,1162.3211720999998,0.4,T,H,Lose,4,7,,10,11623.211721,1162.3211721,0.8,H,H,Win,9,2,,10,14206.147658999998,1420.6147658999998,0.7,H,H,Win,8,3,,10,7780.827681000001,778.0827681000001,0.5,T,H,Lose,6,5,,10,9509.900499,950.9900499,0.4,T,T,Win,4,7,,10,17363.069361,1736.3069361000003,0.8,H,H,Win,9,2,,10,7780.827680999999,778.0827681,0.5,T,H,Lose,6,5,,10,14206.147659000002,1420.6147659000003,0.8,H,H,Win,9,2,,10,5208.653241000001,520.8653241000001,0.5,H,H,Win,6,5,,10,11623.211721,1162.3211721,0.3,T,T,Win,3,8,,10,14206.147659000002,1420.6147659000003,0.6,H,T,Lose,7,4,,10,11623.211721,1162.3211721,0.3,T,T,Win,3,8,,10,17363.069360999998,1736.3069360999998,0.1,T,T,Win,1,10,,10,14206.147658999998,1420.6147658999998,0.4,T,T,Win,4,7,,10,5208.653240999999,520.8653241,0.5,T,H,Lose,6,5,,10,7780.827681000001,778.0827681000001,0.5,H,T,Lose,5,6,,10,11623.211721,1162.3211721,0.3,T,T,Win,3,8,,10,11623.211721000001,1162.3211721000002,0.5,T,H,Lose,5,6,,10,6366.1317389999995,636.6131739,0.6,H,H,Win,7,4,,10,7780.827680999999,778.0827681,0.5,H,H,Win,6,5,,10,7780.827681,778.0827681000001,0.5,T,H,Lose,6,5,,10,7780.827681,778.0827681000001,0.5,T,T,Win,6,5,,10,5208.653241,520.8653241000001,0.6,T,H,Lose,7,4,,10,9509.900499,950.9900499,0.5,T,H,Lose,5,6,,10,5208.653241,520.8653241000001,0.5,H,T,Lose,5,6,,10,9509.900499,950.9900499,0.5,T,H,Lose,5,6,,10,11623.211721,1162.3211721,0.5,T,T,Win,5,6,,10,17363.069361,1736.3069361000003,0.3,T,T,Win,3,8,,10,9509.900499,950.9900499,0.5,T,H,Lose,5,6,,10,7780.827681000001,778.0827681000001,0.5,H,T,Lose,5,6,,10,11623.211721,1162.3211721,0.5,T,H,Lose,6,5,,10,11623.211721000001,1162.3211721000002,0.4,T,T,Win,4,7,,10,9509.900499000001,950.9900499000001,0.7,H,T,Lose,8,3,,10,14206.147659000002,1420.6147659000003,0.7,H,T,Lose,8,3,,10,11623.211721,1162.3211721,0.5,H,H,Win,6,5,,10,14206.147659000002,1420.6147659000003,0.3,T,H,Lose,3,8,,10,9509.900499,950.9900499,0.5,T,H,Lose,6,5,,10,7780.827680999999,778.0827681,0.5,H,H,Win,6,5,,10,7780.827681,778.0827681000001,0.5,T,H,Lose,5,6,,10,7780.827680999999,778.0827681,0.4,T,T,Win,4,7,,10,9509.900499,950.9900499,0.4,T,T,Win,4,7,,10,11623.211721,1162.3211721,0.4,T,H,Lose,4,7,,10,17363.069361,1736.3069361000003,0.2,T,T,Win,2,9,,10,9509.900499000001,950.9900499000001,0.4,T,T,Win,4,7,,10,11623.211720999998,1162.3211720999998,0.4,T,H,Lose,4,7,,10,17363.069361,1736.3069361000003,0.1,T,T,Win,1,10,,10,11623.211721000001,1162.3211721000002,0.6,H,T,Lose,7,4,,10,6366.1317389999995,636.6131739,0.5,T,T,Win,6,5,,10,11623.211721,1162.3211721,0.5,T,H,Lose,5,6,,10,6366.131739,636.6131739000001,0.5,T,T,Win,6,5,,10,9509.900499,950.9900499,0.5,H,T,Lose,6,5,,10,9509.900498999998,950.9900498999998,0.5,H,T,Lose,6,5,,10,11623.211721,1162.3211721,0.4,T,T,Win,4,7,,10,11623.211721,1162.3211721,0.7,H,H,Win,8,3,,10,11623.211721000001,1162.3211721000002,0.3,T,T,Win,3,8,,10,6366.131739,636.6131739000001,0.6,H,H,Win,7,4,,10,11623.211721,1162.3211721,0.4,T,H,Lose,4,7,,10,11623.211721,1162.3211721,0.4,T,H,Lose,4,7,,10,6366.131738999999,636.6131738999999,0.6,T,H,Lose,7,4,,10,7780.827681,778.0827681000001,0.6,T,H,Lose,7,4,,10,14206.147658999998,1420.6147658999998,0.8,H,H,Win,9,2,,10,7780.827680999999,778.0827681,0.5,T,T,Win,5,6,,10,6366.131739,636.6131739000001,0.7,H,H,Win,8,3,,10,11623.211721,1162.3211721,0.5,T,H,Lose,6,5,,10,9509.900499,950.9900499,0.5,T,H,Lose,5,6,,10,11623.211721,1162.3211721,0.5,H,T,Lose,6,5,,10,7780.827681000001,778.0827681000001,0.6,H,T,Lose,7,4,,10,9509.900499,950.9900499,0.5,T,H,Lose,5,6,,10,6366.1317389999995,636.6131739,0.5,T,H,Lose,6,5,,10,14206.147658999998,1420.6147658999998,0.6,H,T,Lose,7,4,,10,9509.900499,950.9900499,0.5,T,T,Win,5,6,,10,21221.529219,2122.1529219,0.9,H,H,Win,10,1,,10,7780.827681000001,778.0827681000001,0.5,T,H,Lose,6,5,,10,21221.529219,2122.1529219,0.2,T,T,Win,2,9,,10,9509.900499000001,950.9900499000001,0.5,T,H,Lose,5,6,,10,7780.827681000001,778.0827681000001,0.5,T,H,Lose,6,5,,10,9509.900499,950.9900499,0.6,H,T,Lose,7,4,,10,11623.211721000001,1162.3211721000002,0.5,T,H,Lose,5,6,,10,9509.900499000001,950.9900499000001,0.5,T,T,Win,5,6,,10,9509.900499000001,950.9900499000001,0.5,T,T,Win,6,5,,10,11623.211721,1162.3211721,0.5,T,H,Lose,5,6,,10,9509.900499,950.9900499,0.4,T,T,Win,4,7,,10,11623.211721,1162.3211721,0.5,H,T,Lose,6,5,,10,7780.827681000001,778.0827681000001,0.5,H,T,Lose,5,6,,10,11623.211720999998,1162.3211720999998,0.6,H,T,Lose,7,4,,10,14206.147659000002,1420.6147659000003,0.3,T,T,Win,3,8,,10,14206.147658999998,1420.6147658999998,0.5,T,H,Lose,5,6,,10,7780.827681,778.0827681000001,0.4,T,T,Win,4,7,,10,9509.900499000001,950.9900499000001,0.4,T,T,Win,4,7,,10,11623.211721000001,1162.3211721000002,0.4,T,H,Lose,4,7,,10,11623.211721,1162.3211721,0.6,H,H,Win,7,4,,10,14206.147659,1420.6147659,0.7,H,H,Win,8,3,,10,14206.147659000002,1420.6147659000003,0.2,T,T,Win,2,9,,10,9509.900499000001,950.9900499000001,0.5,H,H,Win,6,5,,10,14206.147659,1420.6147659,0.2,T,T,Win,2,9,,10,14206.147659000002,1420.6147659000003,0.3,T,H,Lose,3,8,,10,7780.827681000002,778.0827681000002,0.7,H,H,Win,8,3,,10,21221.529219,2122.1529219,0.3,T,H,Lose,3,8,,10,9509.900498999998,950.9900498999998,0.5,T,H,Lose,5,6,,10,7780.827680999999,778.0827681,0.5,T,H,Lose,6,5,,10,17363.069361,1736.3069361000003,0.2,T,H,Lose,2,9,,10,9509.900499,950.9900499,0.5,T,T,Win,5,6,,10,6366.1317389999995,636.6131739,0.5,T,T,Win,5,6,,10,6366.131739,636.6131739000001,0.4,T,T,Win,4,7,,10,11623.211721,1162.3211721,0.3,T,T,Win,3,8,,10,7780.827681000001,778.0827681000001,0.6,H,T,Lose,7,4,,10,11623.211721000001,1162.3211721000002,0.7,H,H,Win,8,3,,10,6366.1317389999995,636.6131739,0.5,T,T,Win,5,6,,10,7780.827681000001,778.0827681000001,0.5,T,H,Lose,6,5,,10,11623.211721,1162.3211721,0.7,H,H,Win,8,3,,10,11623.211721,1162.3211721,0.6,H,T,Lose,7,4,,10,5208.653241,520.8653241000001,0.6,H,H,Win,7,4,,10,9509.900499,950.9900499,0.6,T,H,Lose,7,4,,10,11623.211721,1162.3211721,0.4,T,T,Win,4,7,,10,6366.1317389999995,636.6131739,0.5,T,H,Lose,6,5,,10,7780.827681,778.0827681000001,0.6,H,H,Win,7,4,,10,9509.900499000001,950.9900499000001,0.5,T,H,Lose,5,6,,10,14206.147659000002,1420.6147659000003,0.5,T,H,Lose,5,6,,10,14206.147658999998,1420.6147658999998,0.2,T,T,Win,2,9,,10,21221.529219,2122.1529219,0.9,H,T,Lose,10,1,,10,6366.131739,636.6131739000001,0.6,H,H,Win,7,4,,10,14206.147659000002,1420.6147659000003,0.8,H,H,Win,9,2,,10,9509.900499,950.9900499,0.4,T,T,Win,4,7,,10,17363.069361,1736.3069361000003,0.1,T,T,Win,1,10,,10,9509.900499000001,950.9900499000001,0.5,T,H,Lose,5,6,,10,6366.1317389999995,636.6131739,0.5,T,H,Lose,6,5,,10,17363.069361,1736.3069361000003,0.4,T,H,Lose,4,7,,10,7780.827681000001,778.0827681000001,0.5,T,H,Lose,6,5,,10,14206.147658999998,1420.6147658999998,0.4,T,H,Lose,4,7,,10,9509.900499000001,950.9900499000001,0.4,T,T,Win,4,7,,10,7780.827681,778.0827681000001,0.5,H,T,Lose,5,6,,10,9509.900499000001,950.9900499000001,0.6,T,H,Lose,7,4,,10,6366.1317389999995,636.6131739,0.5,H,T,Lose,5,6,,10,9509.900499,950.9900499,0.5,T,H,Lose,5,6,,10,9509.900499000001,950.9900499000001,0.5,H,H,Win,6,5,,10,11623.211721000001,1162.3211721000002,0.7,H,H,Win,8,3,,10,9509.900499000001,950.9900499000001,0.5,H,T,Lose,6,5,,10,9509.900499000001,950.9900499000001,0.5,T,H,Lose,5,6,,10,14206.147659000002,1420.6147659000003,0.3,T,H,Lose,3,8,,10,9509.900499000001,950.9900499000001,0.4,T,T,Win,4,7,,10,17363.069360999998,1736.3069360999998,0.3,T,T,Win,3,8,,10,14206.147659,1420.6147659,0.4,T,T,Win,4,7,,10,9509.900499,950.9900499,0.6,H,H,Win,7,4,,10,9509.900499000001,950.9900499000001,0.5,T,H,Lose,6,5,,10,14206.147659000002,1420.6147659000003,0.2,T,T,Win,2,9,,10,5208.653241,520.8653241000001,0.5,H,H,Win,6,5,,10,5208.653240999999,520.8653241,0.5,T,T,Win,5,6,,10,9509.900499,950.9900499,0.6,H,T,Lose,7,4,,10,6366.1317389999995,636.6131739,0.5,T,H,Lose,6,5,,10,7780.827680999999,778.0827681,0.6,H,T,Lose,7,4,,10,9509.900499,950.9900499,0.5,T,H,Lose,5,6,,10,5208.653240999999,520.8653241,0.5,H,T,Lose,6,5,,10,7780.827680999999,778.0827681,0.5,T,H,Lose,6,5,,10,11623.211721,1162.3211721,0.4,T,T,Win,4,7,,10,7780.827681000001,778.0827681000001,0.5,H,T,Lose,5,6,,10,17363.069361,1736.3069361000003,0.8,H,T,Lose,9,2,,10,5208.653240999999,520.8653241,0.5,H,T,Lose,5,6,,10,11623.211721,1162.3211721,0.5,T,H,Lose,5,6,,10,11623.211721,1162.3211721,0.5,T,T,Win,5,6,,10,14206.147659,1420.6147659,0.5,T,H,Lose,5,6,,10,11623.211721,1162.3211721,0.3,T,T,Win,3,8,,10,11623.211721,1162.3211721,0.5,H,H,Win,6,5,,10,7780.827681,778.0827681000001,0.5,T,H,Lose,5,6,,10,6366.1317389999995,636.6131739,0.5,T,H,Lose,6,5,,10,9509.900499000001,950.9900499000001,0.7,H,H,Win,8,3,,10,9509.900499,950.9900499,0.5,T,H,Lose,5,6,,10,17363.069361,1736.3069361000003,0.4,T,H,Lose,4,7,,10,7780.827681,778.0827681000001,0.4,T,H,Lose,4,7,,10,11623.211720999998,1162.3211720999998,0.7,H,H,Win,8,3,,10,11623.211721,1162.3211721,0.4,T,H,Lose,4,7,,10,9509.900499,950.9900499,0.6,T,H,Lose,7,4,,10,11623.211721000001,1162.3211721000002,0.3,T,T,Win,3,8,,10,9509.900499,950.9900499,0.4,T,T,Win,4,7,,10,6366.1317389999995,636.6131739,0.5,T,H,Lose,6,5,,10,9509.900499,950.9900499,0.5,T,T,Win,6,5,,10,9509.900499000001,950.9900499000001,0.5,H,T,Lose,6,5,,10,7780.827681000001,778.0827681000001,0.5,T,T,Win,6,5,,10,17363.069361,1736.3069361000003,0.7,H,T,Lose,8,3,,10,9509.900498999998,950.9900498999998,0.5,T,H,Lose,5,6,,10,9509.900498999998,950.9900498999998,0.5,H,T,Lose,5,6,,10,9509.900499,950.9900499,0.4,T,T,Win,4,7,,10,7780.827681000001,778.0827681000001,0.5,H,T,Lose,5,6,,10,11623.211721,1162.3211721,0.4,T,H,Lose,4,7,,10,14206.147659000002,1420.6147659000003,0.3,T,H,Lose,3,8,,10,11623.211720999998,1162.3211720999998,0.4,T,H,Lose,4,7,,10,7780.827680999999,778.0827681,0.7,H,H,Win,8,3,,10,11623.211721000001,1162.3211721000002,0.4,T,T,Win,4,7,,10,9509.900499000001,950.9900499000001,0.5,T,T,Win,5,6,,10,11623.211721,1162.3211721,0.5,T,T,Win,6,5,,10,5208.653240999999,520.8653241,0.5,T,T,Win,5,6,,10,5208.653241,520.8653241000001,0.6,T,H,Lose,7,4,,10,14206.147659000002,1420.6147659000003,0.2,T,T,Win,2,9,,10,11623.211721,1162.3211721,0.3,T,T,Win,3,8,,10,6366.131738999999,636.6131738999999,0.5,H,T,Lose,5,6,,10,6366.1317389999995,636.6131739,0.5,H,H,Win,6,5,,10,11623.211720999998,1162.3211720999998,0.8,H,H,Win,9,2,,10,9509.900499000001,950.9900499000001,0.5,T,H,Lose,5,6,,10,11623.211721000001,1162.3211721000002,0.4,T,H,Lose,4,7,,10,7780.827680999999,778.0827681,0.5,H,T,Lose,6,5,,10,6366.131739,636.6131739000001,0.6,H,H,Win,7,4,,10,17363.069360999998,1736.3069360999998,0.4,T,H,Lose,4,7,,10,9509.900499,950.9900499,0.5,T,T,Win,6,5,,10,11623.211721000001,1162.3211721000002,0.6,H,T,Lose,7,4,,10,14206.147659000002,1420.6147659000003,0.3,T,H,Lose,3,8,,10,17363.069361,1736.3069361000003,0.4,T,H,Lose,4,7,,10,7780.827681000001,778.0827681000001,0.5,H,H,Win,6,5,,10,9509.900499,950.9900499,0.5,H,T,Lose,6,5,,10,14206.147659000002,1420.6147659000003,0.3,T,H,Lose,3,8,,10,11623.211721000001,1162.3211721000002,0.3,T,T,Win,3,8,,10,11623.211721,1162.3211721,0.4,T,H,Lose,4,7,,10,5208.653240999999,520.8653241,0.6,T,H,Lose,7,4,,10,7780.827680999999,778.0827681,0.5,H,T,Lose,5,6,,10,9509.900499000001,950.9900499000001,0.5,T,H,Lose,5,6,,10,11623.211720999998,1162.3211720999998,0.4,T,H,Lose,4,7,,10,14206.147659,1420.6147659,0.3,T,H,Lose,3,8,,10,7780.827680999999,778.0827681,0.6,H,T,Lose,7,4,,10,6366.1317389999995,636.6131739,0.5,H,H,Win,6,5,,10,9509.900498999998,950.9900498999998,0.6,H,H,Win,7,4,,10,6366.1317389999995,636.6131739,0.5,T,T,Win,5,6,,10,11623.211721000001,1162.3211721000002,0.4,T,H,Lose,4,7,,10,14206.147659000002,1420.6147659000003,0.7,H,T,Lose,8,3,,10,21221.529219,2122.1529219,0.1,T,H,Lose,1,10,,10,7780.827681000001,778.0827681000001,0.5,H,T,Lose,6,5,,10,6366.131739,636.6131739000001,0.6,T,H,Lose,7,4,,10,11623.211721,1162.3211721,0.3,T,T,Win,3,8,,10,11623.211721,1162.3211721,0.5,T,H,Lose,5,6,,10,17363.069361,1736.3069361000003,0.3,T,H,Lose,3,8,,10,7780.827681,778.0827681000001,0.6,T,H,Lose,7,4,,10,9509.900499,950.9900499,0.5,T,H,Lose,6,5,,10,9509.900499,950.9900499,0.5,H,T,Lose,6,5,,10,17363.069361,1736.3069361000003,0.2,T,H,Lose,2,9,,10,7780.827680999999,778.0827681,0.5,T,T,Win,5,6,,10,11623.211721,1162.3211721,0.6,H,T,Lose,7,4,,10,7780.827681000001,778.0827681000001,0.5,H,T,Lose,5,6,,10,11623.211721000001,1162.3211721000002,0.4,T,H,Lose,4,7,,10,7780.827681000001,778.0827681000001,0.6,H,H,Win,7,4,,10,9509.900499000001,950.9900499000001,0.6,H,T,Lose,7,4,,10,9509.900499000001,950.9900499000001,0.4,T,T,Win,4,7,,10,11623.211721,1162.3211721,0.5,T,H,Lose,5,6,,10,11623.211720999998,1162.3211720999998,0.4,T,H,Lose,4,7,,10,11623.211720999998,1162.3211720999998,0.3,T,T,Win,3,8,,10,7780.827680999999,778.0827681,0.4,T,T,Win,4,7,,10,6366.131738999999,636.6131738999999,0.5,T,T,Win,6,5,,10,17363.069361,1736.3069361000003,0.8,H,H,Win,9,2,,10,14206.147659000002,1420.6147659000003,0.2,T,T,Win,2,9,,10,14206.147659,1420.6147659,0.5,T,H,Lose,5,6,,10,11623.211721,1162.3211721,0.7,H,H,Win,8,3,,10,7780.827681000001,778.0827681000001,0.7,H,H,Win,8,3,,10,5208.653241,520.8653241000001,0.5,H,T,Lose,6,5,,10,14206.147658999998,1420.6147658999998,0.6,H,T,Lose,7,4,,10,14206.147659000002,1420.6147659000003,0.2,T,T,Win,2,9,,10,9509.900499000001,950.9900499000001,0.6,H,H,Win,7,4,,10,7780.827681000001,778.0827681000001,0.5,T,T,Win,6,5,,10,7780.827681000001,778.0827681000001,0.6,H,T,Lose,7,4,,10,9509.900499,950.9900499,0.5,T,H,Lose,5,6,,10,7780.827681,778.0827681000001,0.5,T,T,Win,5,6,,10,17363.069361,1736.3069361000003,0.2,T,T,Win,2,9,,10,9509.900499,950.9900499,0.7,H,H,Win,8,3,,10,9509.900498999998,950.9900498999998,0.7,H,H,Win,8,3,,10,14206.147658999998,1420.6147658999998,0.8,H,H,Win,9,2,,10,9509.900499000001,950.9900499000001,0.5,T,T,Win,6,5,,10,6366.1317389999995,636.6131739,0.5,H,T,Lose,6,5,,10,9509.900499000001,950.9900499000001,0.4,T,T,Win,4,7,,10,9509.900499,950.9900499,0.5,H,H,Win,6,5,,10,5208.653241000001,520.8653241000001,0.6,T,H,Lose,7,4,,10,14206.147659000002,1420.6147659000003,0.5,T,H,Lose,5,6,,10,6366.131739,636.6131739000001,0.6,T,H,Lose,7,4,,10,6366.1317389999995,636.6131739,0.5,T,H,Lose,6,5,,10,9509.900499,950.9900499,0.5,H,T,Lose,6,5,,10,14206.147659000002,1420.6147659000003,0.2,T,T,Win,2,9,,10,6366.131739,636.6131739000001,0.5,H,T,Lose,6,5,,10,14206.147659000002,1420.6147659000003,0.6,H,T,Lose,7,4,,10,6366.131739,636.6131739000001,0.6,T,H,Lose,7,4,,10,7780.827680999999,778.0827681,0.6,H,H,Win,7,4,,10,7780.827681,778.0827681000001,0.5,H,H,Win,6,5,,10,14206.147659000002,1420.6147659000003,0.8,H,H,Win,9,2,,10,7780.827681,778.0827681000001,0.6,H,H,Win,7,4,,10,14206.147659000002,1420.6147659000003,0.3,T,T,Win,3,8,,10,11623.211721000001,1162.3211721000002,0.3,T,T,Win,3,8,,10,14206.147658999998,1420.6147658999998,0.2,T,T,Win,2,9,,10,7780.827680999999,778.0827681,0.5,T,T,Win,5,6,,10,17363.069361,1736.3069361000003,0.1,T,T,Win,1,10,,10,11623.211720999998,1162.3211720999998,0.4,T,H,Lose,4,7,,10,11623.211721,1162.3211721,0.4,T,T,Win,4,7,,10,11623.211721000001,1162.3211721000002,0.5,T,T,Win,5,6,,10,14206.147659000002,1420.6147659000003,0.8,H,H,Win,9,2,,10,9509.900499000001,950.9900499000001,0.6,T,H,Lose,7,4,,10,17363.069361,1736.3069361000003,0.3,T,T,Win,3,8,,10,9509.900499000001,950.9900499000001,0.5,T,T,Win,5,6,,10,9509.900499,950.9900499,0.4,T,T,Win,4,7,,10,5208.653240999999,520.8653241,0.6,H,H,Win,7,4,,10,11623.211721,1162.3211721,0.5,T,H,Lose,5,6,,10,9509.900498999998,950.9900498999998,0.5,T,H,Lose,5,6,,10,9509.900499,950.9900499,0.5,T,H,Lose,5,6,,10,9509.900499000001,950.9900499000001,0.6,H,H,Win,7,4,,10,7780.827681,778.0827681000001,0.7,H,H,Win,8,3,,10,14206.147659000002,1420.6147659000003,0.3,T,H,Lose,3,8,,10,9509.900498999998,950.9900498999998,0.4,T,T,Win,4,7,,10,14206.147659,1420.6147659,0.6,H,T,Lose,7,4,,10,14206.147659,1420.6147659,0.7,H,T,Lose,8,3,,10,14206.147658999998,1420.6147658999998,0.6,H,T,Lose,7,4,,10,9509.900499,950.9900499,0.4,T,T,Win,4,7,,10,9509.900499,950.9900499,0.4,T,T,Win,4,7,,10,11623.211720999998,1162.3211720999998,0.4,T,T,Win,4,7,,10,11623.211721,1162.3211721,0.3,T,T,Win,3,8,,10,14206.147659000002,1420.6147659000003,0.3,T,T,Win,3,8,,10,6366.1317389999995,636.6131739,0.5,H,T,Lose,5,6,,10,14206.147658999998,1420.6147658999998,0.5,T,H,Lose,5,6,,10,17363.069361,1736.3069361000003,0.7,H,T,Lose,8,3,,10,14206.147659000002,1420.6147659000003,0.4,T,H,Lose,4,7,,10,9509.900499,950.9900499,0.4,T,T,Win,4,7,,10,7780.827680999999,778.0827681,0.5,T,H,Lose,6,5,,10,11623.211720999998,1162.3211720999998,0.4,T,H,Lose,4,7,,10,14206.147659,1420.6147659,0.4,T,T,Win,4,7,,10,11623.211721,1162.3211721,0.3,T,T,Win,3,8,,10,7780.827681000001,778.0827681000001,0.5,T,H,Lose,6,5,,10,11623.211721,1162.3211721,0.3,T,T,Win,3,8,,10,9509.900499,950.9900499,0.5,T,H,Lose,5,6,,10,5208.653241,520.8653241000001,0.5,T,T,Win,6,5,,10,9509.900499,950.9900499,0.4,T,T,Win,4,7,,10,17363.069361,1736.3069361000003,0.8,H,T,Lose,9,2,,10,14206.147658999998,1420.6147658999998,0.5,T,H,Lose,5,6,,10,11623.211720999998,1162.3211720999998,0.4,T,H,Lose,4,7,,10,9509.900499,950.9900499,0.6,H,T,Lose,7,4,,10,6366.131738999999,636.6131738999999,0.5,T,H,Lose,6,5,,10,7780.827681000001,778.0827681000001,0.5,H,H,Win,6,5,,10,6366.1317389999995,636.6131739,0.6,H,H,Win,7,4,,10,14206.147659,1420.6147659,0.7,H,H,Win,8,3,,10,9509.900499000001,950.9900499000001,0.6,H,H,Win,7,4,,10,7780.827681000001,778.0827681000001,0.5,H,H,Win,6,5,,10,7780.827681,778.0827681000001,0.5,T,H,Lose,6,5,,10,7780.827680999999,778.0827681,0.5,H,T,Lose,6,5,,10,7780.827681,778.0827681000001,0.5,T,T,Win,5,6,,10,11623.211721000001,1162.3211721000002,0.3,T,T,Win,3,8,,10,7780.827681,778.0827681000001,0.6,H,T,Lose,7,4,,10,5208.653241,520.8653241000001,0.5,H,T,Lose,6,5,,10,9509.900499,950.9900499,0.4,T,T,Win,4,7,,10,11623.211721,1162.3211721,0.3,T,T,Win,3,8,,10,7780.827681000001,778.0827681000001,0.5,H,H,Win,6,5,,10,17363.069361,1736.3069361000003,0.8,H,H,Win,9,2,,10,14206.147659,1420.6147659,0.7,H,H,Win,8,3,,10,17363.069361,1736.3069361000003,0.3,T,T,Win,3,8,,10,9509.900499,950.9900499,0.5,T,T,Win,6,5,,10,9509.900499000001,950.9900499000001,0.5,T,H,Lose,6,5,,10,7780.827681,778.0827681000001,0.5,H,H,Win,6,5,,10,9509.900499000001,950.9900499000001,0.5,H,H,Win,6,5,,10,11623.211721,1162.3211721,0.7,H,H,Win,8,3,,10,7780.827681,778.0827681000001,0.6,T,H,Lose,7,4,,10,11623.211721,1162.3211721,0.4,T,T,Win,4,7,,10,9509.900499,950.9900499,0.4,T,T,Win,4,7,,10,9509.900499,950.9900499,0.5,H,T,Lose,5,6,,10,7780.827681000001,778.0827681000001,0.7,H,H,Win,8,3,,10,6366.131739,636.6131739000001,0.6,H,H,Win,7,4,,10,9509.900499,950.9900499,0.5,T,H,Lose,6,5,,10,11623.211721,1162.3211721,0.3,T,T,Win,3,8,,10,7780.827681000001,778.0827681000001,0.5,T,H,Lose,5,6,,10,9509.900499,950.9900499,0.6,H,T,Lose,7,4,,10,9509.900499000001,950.9900499000001,0.7,H,H,Win,8,3,,10,7780.827680999999,778.0827681,0.5,T,H,Lose,6,5,,10,11623.211720999998,1162.3211720999998,0.3,T,T,Win,3,8,,10,11623.211721000001,1162.3211721000002,0.5,T,H,Lose,5,6,,10,11623.211721,1162.3211721,0.6,H,T,Lose,7,4,,10,14206.147659000002,1420.6147659000003,0.3,T,T,Win,3,8,,10,6366.1317389999995,636.6131739,0.6,H,H,Win,7,4,,10,7780.827681,778.0827681000001,0.5,H,T,Lose,5,6,,10,6366.131739,636.6131739000001,0.6,H,T,Lose,7,4,,10,9509.900499,950.9900499,0.6,H,H,Win,7,4,,10,17363.069361,1736.3069361000003,0.4,T,H,Lose,4,7,,10,9509.900499000001,950.9900499000001,0.5,T,H,Lose,5,6,,10,6366.1317389999995,636.6131739,0.5,T,H,Lose,6,5,,10,6366.131738999999,636.6131738999999,0.5,T,T,Win,6,5,,10,14206.147658999998,1420.6147658999998,0.7,H,H,Win,8,3,,10,11623.211721,1162.3211721,0.6,H,T,Lose,7,4,,10,11623.211720999998,1162.3211720999998,0.4,T,H,Lose,4,7,,10,17363.069360999998,1736.3069360999998,0.4,T,H,Lose,4,7,,10,9509.900498999998,950.9900498999998,0.5,T,H,Lose,5,6,,10,9509.900499,950.9900499,0.5,T,H,Lose,5,6,,10,6366.131739,636.6131739000001,0.6,H,H,Win,7,4,,10,7780.827680999999,778.0827681,0.5,H,T,Lose,6,5,,10,11623.211721,1162.3211721,0.4,T,H,Lose,4,7,,10,21221.529219,2122.1529219,0.3,T,H,Lose,3,8,,10,11623.211720999998,1162.3211720999998,0.3,T,T,Win,3,8,,10,5208.653241,520.8653241000001,0.6,H,H,Win,7,4,,10,6366.1317389999995,636.6131739,0.5,H,H,Win,6,5,,10,11623.211721,1162.3211721,0.5,H,T,Lose,5,6,,10,14206.147658999998,1420.6147658999998,0.7,H,H,Win,8,3,,10,6366.1317389999995,636.6131739,0.5,T,T,Win,5,6,,10,4261.625378999999,426.16253789999996,0.6,H,H,Win,7,4,,10,7780.827681000002,778.0827681000002,0.4,T,T,Win,4,7,,10,9509.900499000001,950.9900499000001,0.4,T,H,Lose,4,7,,10,6366.131739000001,636.6131739000002,0.6,T,H,Lose,7,4,,10,7780.827680999999,778.0827681,0.5,T,H,Lose,6,5,,10,11623.211721,1162.3211721,0.7,H,H,Win,8,3,,10,7780.827681000001,778.0827681000001,0.5,H,T,Lose,6,5,,10,6366.131739,636.6131739000001,0.5,T,T,Win,5,6,,10,7780.827681,778.0827681000001,0.6,H,H,Win,7,4,,10,7780.827680999999,778.0827681,0.5,T,H,Lose,6,5,,10,11623.211721000001,1162.3211721000002,0.5,T,T,Win,5,6,,10,7780.827680999999,778.0827681,0.5,H,H,Win,6,5,,10,17363.069361,1736.3069361000003,0.4,T,H,Lose,4,7,,10,11623.211721,1162.3211721,0.5,T,H,Lose,6,5,,10,17363.069361,1736.3069361000003,0.8,H,H,Win,9,2,,10,7780.827680999999,778.0827681,0.6,T,H,Lose,7,4,,10,7780.827681000001,778.0827681000001,0.6,H,H,Win,7,4,,10,11623.211721,1162.3211721,0.3,T,T,Win,3,8,,10,7780.827681000001,778.0827681000001,0.5,T,T,Win,5,6,,10,9509.900499,950.9900499,0.7,H,H,Win,8,3,,10,9509.900499000001,950.9900499000001,0.5,T,H,Lose,6,5,,10,9509.900499000001,950.9900499000001,0.5,T,H,Lose,5,6,,10,14206.147659000002,1420.6147659000003,0.3,T,H,Lose,3,8,,10,7780.827681000001,778.0827681000001,0.4,T,T,Win,4,7,
11,15626.762424899998,1562.6762424899998,0.7,H,T,Lose,8,4,,11,19099.376297099996,1909.9376297099998,0.2,T,T,Win,2,10,,11,5729.5185651,572.9518565100001,0.5,T,T,Win,6,6,,11,7002.744912900001,700.2744912900001,0.5,T,T,Win,6,6,,11,10460.890548899999,1046.08905489,0.4,T,H,Lose,5,7,,11,12785.532893099999,1278.5532893099999,0.6,H,T,Lose,7,5,,11,8558.9104491,855.89104491,0.6,H,H,Win,7,5,,11,8558.910449100002,855.8910449100002,0.5,T,H,Lose,6,6,,11,10460.890548899999,1046.08905489,0.3,T,T,Win,4,8,,11,8558.910449099998,855.8910449099999,0.7,H,T,Lose,8,4,,11,10460.890548899999,1046.08905489,0.7,H,H,Win,8,4,,11,15626.762424900002,1562.6762424900003,0.2,T,H,Lose,3,9,,11,8558.9104491,855.89104491,0.6,H,T,Lose,7,5,,11,19099.376297100003,1909.9376297100005,0.3,T,H,Lose,4,8,,11,4687.787916899999,468.77879168999993,0.4,T,T,Win,5,7,,11,7002.744912899999,700.2744912899999,0.6,H,H,Win,7,5,,11,12785.532893099997,1278.5532893099999,0.3,T,H,Lose,4,8,,11,8558.9104491,855.89104491,0.7,H,H,Win,8,4,,11,10460.8905489,1046.0890548900002,0.6,T,H,Lose,7,5,,11,8558.9104491,855.89104491,0.4,T,T,Win,5,7,,11,5729.518565099999,572.95185651,0.6,H,T,Lose,7,5,,11,7002.7449129,700.27449129,0.5,T,T,Win,6,6,,11,12785.5328931,1278.55328931,0.4,T,H,Lose,5,7,,11,12785.532893100002,1278.5532893100003,0.8,H,H,Win,9,3,,11,12785.532893100002,1278.5532893100003,0.8,H,H,Win,10,2,,11,12785.5328931,1278.55328931,0.3,T,H,Lose,4,8,,11,10460.890548899999,1046.08905489,0.5,T,T,Win,6,6,,11,15626.762424900002,1562.6762424900003,0.2,T,T,Win,2,10,,11,7002.7449129,700.27449129,0.4,T,T,Win,5,7,,11,7002.744912900001,700.2744912900001,0.6,T,H,Lose,7,5,,11,10460.890548899997,1046.0890548899997,0.8,H,H,Win,9,3,,11,7002.7449129,700.27449129,0.6,H,H,Win,7,5,,11,8558.9104491,855.89104491,0.5,H,T,Lose,6,6,,11,10460.890548899999,1046.08905489,0.5,T,H,Lose,6,6,,11,7002.744912899999,700.2744912899999,0.6,T,H,Lose,7,5,,11,12785.532893100002,1278.5532893100003,0.4,T,H,Lose,5,7,,11,10460.8905489,1046.0890548900002,0.4,T,H,Lose,5,7,,11,10460.890548899999,1046.08905489,0.3,T,T,Win,4,8,,11,12785.532893100002,1278.5532893100003,0.7,H,H,Win,8,4,,11,10460.8905489,1046.0890548900002,0.5,T,H,Lose,6,6,,11,15626.762424900002,1562.6762424900003,0.3,T,T,Win,4,8,,11,10460.8905489,1046.0890548900002,0.5,T,H,Lose,6,6,,11,10460.8905489,1046.0890548900002,0.5,H,T,Lose,6,6,,11,7002.744912899999,700.2744912899999,0.5,T,H,Lose,6,6,,11,7002.744912899999,700.2744912899999,0.4,T,T,Win,5,7,,11,5729.518565100001,572.9518565100001,0.6,H,H,Win,7,5,,11,10460.8905489,1046.0890548900002,0.7,H,H,Win,8,4,,11,4687.7879169,468.77879169,0.4,T,T,Win,5,7,,11,10460.890548899999,1046.08905489,0.4,T,T,Win,5,7,,11,12785.532893100002,1278.5532893100003,0.2,T,T,Win,3,9,,11,7002.7449129,700.27449129,0.4,T,T,Win,5,7,,11,12785.532893100002,1278.5532893100003,0.3,T,H,Lose,4,8,,11,8558.910449100002,855.8910449100002,0.4,T,T,Win,5,7,,11,15626.762424899998,1562.6762424899998,0.4,T,H,Lose,5,7,,11,10460.890548899999,1046.08905489,0.4,T,H,Lose,5,7,,11,10460.8905489,1046.0890548900002,0.3,T,T,Win,4,8,,11,12785.532893099999,1278.5532893099999,0.3,T,T,Win,4,8,,11,12785.532893100002,1278.5532893100003,0.3,T,H,Lose,4,8,,11,8558.9104491,855.89104491,0.6,H,T,Lose,7,5,,11,10460.890548899999,1046.08905489,0.8,H,H,Win,9,3,,11,7002.744912899999,700.2744912899999,0.6,T,H,Lose,7,5,,11,10460.8905489,1046.0890548900002,0.6,H,T,Lose,7,5,,11,10460.890548899999,1046.08905489,0.7,H,H,Win,8,4,,11,15626.762424900002,1562.6762424900003,0.2,T,T,Win,2,10,,11,8558.910449099998,855.8910449099999,0.6,H,H,Win,7,5,,11,7002.744912899999,700.2744912899999,0.7,H,H,Win,8,4,,11,7002.744912900001,700.2744912900001,0.5,H,T,Lose,6,6,,11,5729.5185651,572.9518565100001,0.4,T,T,Win,5,7,,11,10460.890548899999,1046.08905489,0.8,H,H,Win,9,3,,11,5729.518565099999,572.95185651,0.6,T,H,Lose,7,5,,11,10460.890548899997,1046.0890548899997,0.6,T,H,Lose,7,5,,11,10460.890548899999,1046.08905489,0.5,T,H,Lose,6,6,,11,7002.7449129,700.27449129,0.6,H,T,Lose,7,5,,11,12785.532893099997,1278.5532893099999,0.2,T,T,Win,3,9,,11,8558.910449100002,855.8910449100002,0.5,T,H,Lose,6,6,,11,5729.518565099999,572.95185651,0.5,H,T,Lose,6,6,,11,7002.7449129000015,700.2744912900002,0.4,T,T,Win,5,7,,11,12785.532893100002,1278.5532893100003,0.3,T,H,Lose,4,8,,11,12785.532893100002,1278.5532893100003,0.7,H,H,Win,8,4,,11,12785.532893100002,1278.5532893100003,0.7,H,T,Lose,8,4,,11,8558.910449100002,855.8910449100002,0.4,T,H,Lose,5,7,,11,7002.744912900001,700.2744912900001,0.6,H,H,Win,7,5,,11,12785.532893100002,1278.5532893100003,0.2,T,T,Win,3,9,,11,8558.910449100002,855.8910449100002,0.6,H,T,Lose,7,5,,11,8558.9104491,855.89104491,0.5,T,H,Lose,6,6,,11,7002.7449129,700.27449129,0.5,T,H,Lose,6,6,,11,10460.890548899999,1046.08905489,0.6,H,T,Lose,7,5,,11,8558.910449100002,855.8910449100002,0.6,T,H,Lose,7,5,,11,12785.532893099997,1278.5532893099999,0.8,H,T,Lose,9,3,,11,15626.762424899998,1562.6762424899998,0.2,T,T,Win,2,10,,11,8558.910449100002,855.8910449100002,0.4,T,T,Win,5,7,,11,7002.744912900001,700.2744912900001,0.5,T,H,Lose,6,6,,11,10460.890548899999,1046.08905489,0.3,T,T,Win,4,8,,11,8558.910449100002,855.8910449100002,0.4,T,T,Win,5,7,,11,7002.7449129,700.27449129,0.4,T,T,Win,5,7,,11,19099.376297099996,1909.9376297099998,0.2,T,H,Lose,2,10,,11,10460.8905489,1046.0890548900002,0.6,H,H,Win,7,5,,11,4687.7879169,468.77879169,0.7,H,H,Win,8,4,,11,8558.9104491,855.89104491,0.6,H,T,Lose,7,5,,11,10460.890548899999,1046.08905489,0.4,T,H,Lose,5,7,,11,5729.5185651,572.9518565100001,0.6,H,T,Lose,7,5,,11,12785.532893099999,1278.5532893099999,0.7,H,H,Win,8,4,,11,7002.7449129,700.27449129,0.5,T,T,Win,6,6,,11,8558.9104491,855.89104491,0.5,H,T,Lose,6,6,,11,15626.7624249,1562.67624249,0.8,H,H,Win,9,3,,11,10460.890548899997,1046.0890548899997,0.6,H,T,Lose,7,5,,11,10460.890548899999,1046.08905489,0.6,H,T,Lose,7,5,,11,10460.890548899999,1046.08905489,0.5,T,H,Lose,6,6,,11,7002.744912900001,700.2744912900001,0.7,H,H,Win,8,4,,11,10460.890548899997,1046.0890548899997,0.5,T,T,Win,6,6,,11,15626.762424900002,1562.6762424900003,0.2,T,H,Lose,3,9,,11,7002.7449129,700.27449129,0.7,H,H,Win,8,4,,11,5729.518565099999,572.95185651,0.7,H,H,Win,8,4,,11,5729.518565099999,572.95185651,0.6,H,T,Lose,7,5,,11,12785.5328931,1278.55328931,0.3,T,T,Win,4,8,,11,8558.910449100002,855.8910449100002,0.5,T,H,Lose,6,6,,11,7002.7449129,700.27449129,0.4,T,T,Win,5,7,,11,7002.7449129000015,700.2744912900002,0.7,H,H,Win,8,4,,11,10460.890548899999,1046.08905489,0.8,H,T,Lose,9,3,,11,8558.9104491,855.89104491,0.6,T,H,Lose,7,5,,11,7002.744912900001,700.2744912900001,0.7,H,H,Win,8,4,,11,12785.5328931,1278.55328931,0.2,T,T,Win,3,9,,11,8558.9104491,855.89104491,0.5,T,H,Lose,6,6,,11,10460.890548899999,1046.08905489,0.4,T,H,Lose,5,7,,11,15626.762424900002,1562.6762424900003,0.2,T,T,Win,2,10,,11,8558.910449099998,855.8910449099999,0.5,H,T,Lose,6,6,,11,5729.518565099999,572.95185651,0.5,T,H,Lose,6,6,,11,8558.9104491,855.89104491,0.6,H,T,Lose,7,5,,11,8558.9104491,855.89104491,0.5,T,H,Lose,6,6,,11,8558.910449099998,855.8910449099999,0.8,H,H,Win,9,3,,11,8558.910449100002,855.8910449100002,0.8,H,H,Win,9,3,,11,10460.890548899999,1046.08905489,0.3,T,T,Win,4,8,,11,10460.8905489,1046.0890548900002,0.6,T,H,Lose,7,5,,11,12785.5328931,1278.55328931,0.4,T,T,Win,5,7,,11,12785.532893099997,1278.5532893099999,0.8,H,T,Lose,9,3,,11,7002.744912899999,700.2744912899999,0.6,H,H,Win,7,5,,11,8558.9104491,855.89104491,0.6,H,H,Win,7,5,,11,4687.787916900001,468.7787916900001,0.5,T,H,Lose,6,6,,11,8558.9104491,855.89104491,0.5,T,T,Win,6,6,,11,12785.532893099999,1278.5532893099999,0.5,T,H,Lose,6,6,,11,15626.762424900002,1562.6762424900003,0.3,T,H,Lose,4,8,,11,10460.890548899999,1046.08905489,0.6,H,T,Lose,7,5,,11,5729.518565100001,572.9518565100001,0.5,H,T,Lose,6,6,,11,8558.910449099998,855.8910449099999,0.4,T,T,Win,5,7,,11,8558.910449100002,855.8910449100002,0.7,H,H,Win,8,4,,11,8558.910449099998,855.8910449099999,0.4,T,T,Win,5,7,,11,12785.532893100002,1278.5532893100003,0.8,H,T,Lose,9,3,,11,8558.910449099998,855.8910449099999,0.4,T,T,Win,5,7,,11,4687.7879169,468.77879169,0.7,H,H,Win,8,4,,11,7002.7449129,700.27449129,0.5,T,T,Win,6,6,,11,12785.532893100002,1278.5532893100003,0.6,H,T,Lose,7,5,,11,7002.744912900001,700.2744912900001,0.5,T,T,Win,6,6,,11,12785.532893100002,1278.5532893100003,0.8,H,H,Win,9,3,,11,10460.890548899999,1046.08905489,0.6,H,T,Lose,7,5,,11,10460.890548899999,1046.08905489,0.3,T,T,Win,4,8,,11,5729.5185651,572.9518565100001,0.5,T,H,Lose,6,6,,11,7002.744912900001,700.2744912900001,0.7,H,H,Win,8,4,,11,5729.5185651,572.9518565100001,0.5,T,T,Win,6,6,,11,7002.7449129,700.27449129,0.6,H,H,Win,7,5,,11,15626.762424899998,1562.6762424899998,0.8,H,T,Lose,9,3,,11,12785.532893100002,1278.5532893100003,0.3,T,T,Win,4,8,,11,7002.7449129,700.27449129,0.5,T,H,Lose,6,6,,11,12785.5328931,1278.55328931,0.4,T,H,Lose,5,7,,11,4687.7879169,468.77879169,0.6,H,H,Win,7,5,,11,7002.744912900001,700.2744912900001,0.5,T,H,Lose,6,6,,11,8558.9104491,855.89104491,0.7,H,H,Win,8,4,,11,10460.890548899999,1046.08905489,0.7,H,H,Win,8,4,,11,7002.744912899999,700.2744912899999,0.5,H,T,Lose,6,6,,11,8558.910449100002,855.8910449100002,0.7,H,H,Win,8,4,,11,10460.890548899997,1046.0890548899997,0.5,T,T,Win,6,6,,11,8558.9104491,855.89104491,0.4,T,T,Win,5,7,,11,10460.890548899999,1046.08905489,0.7,H,H,Win,8,4,,11,10460.890548899997,1046.0890548899997,0.6,H,T,Lose,7,5,,11,8558.9104491,855.89104491,0.4,T,T,Win,5,7,,11,10460.890548899999,1046.08905489,0.6,H,T,Lose,7,5,,11,10460.890548899999,1046.08905489,0.4,T,H,Lose,5,7,,11,8558.910449100002,855.8910449100002,0.4,T,T,Win,5,7,,11,5729.518565099999,572.95185651,0.6,H,H,Win,7,5,,11,7002.744912899999,700.2744912899999,0.5,T,T,Win,6,6,,11,8558.910449100002,855.8910449100002,0.5,T,H,Lose,6,6,,11,8558.910449099998,855.8910449099999,0.6,T,H,Lose,7,5,,11,12785.532893099997,1278.5532893099999,0.8,H,H,Win,9,3,,11,7002.744912900001,700.2744912900001,0.4,T,T,Win,5,7,,11,5729.518565100001,572.9518565100001,0.6,T,H,Lose,7,5,,11,7002.744912900001,700.2744912900001,0.5,H,T,Lose,6,6,,11,10460.890548899999,1046.08905489,0.7,H,T,Lose,8,4,,11,10460.890548899999,1046.08905489,0.6,H,T,Lose,7,5,,11,15626.762424900002,1562.6762424900003,0.2,T,T,Win,3,9,,11,5729.518565099999,572.95185651,0.6,H,H,Win,7,5,,11,5729.518565099999,572.95185651,0.6,H,H,Win,7,5,,11,7002.7449129,700.27449129,0.6,H,T,Lose,7,5,,11,10460.8905489,1046.0890548900002,0.3,T,T,Win,4,8,,11,8558.910449099998,855.8910449099999,0.5,H,T,Lose,6,6,,11,10460.890548899999,1046.08905489,0.6,H,H,Win,7,5,,11,10460.8905489,1046.0890548900002,0.6,H,H,Win,7,5,,11,8558.910449100002,855.8910449100002,0.5,T,H,Lose,6,6,,11,8558.9104491,855.89104491,0.4,T,T,Win,5,7,,11,12785.532893099997,1278.5532893099999,0.8,H,T,Lose,9,3,,11,12785.5328931,1278.55328931,0.2,T,T,Win,3,9,,11,10460.890548899999,1046.08905489,0.4,T,T,Win,5,7,,11,19099.376297100003,1909.9376297100005,0.3,T,H,Lose,4,8,,11,12785.5328931,1278.55328931,0.8,H,H,Win,9,3,,11,8558.910449099998,855.8910449099999,0.6,H,H,Win,7,5,,11,15626.762424900002,1562.6762424900003,0.7,H,T,Lose,8,4,,11,4687.7879169,468.77879169,0.6,H,H,Win,7,5,,11,12785.532893099997,1278.5532893099999,0.3,T,H,Lose,4,8,,11,8558.910449099998,855.8910449099999,0.4,T,H,Lose,5,7,,11,12785.532893099997,1278.5532893099999,0.2,T,T,Win,3,9,,11,10460.8905489,1046.0890548900002,0.3,T,T,Win,4,8,,11,8558.9104491,855.89104491,0.8,H,H,Win,9,3,,11,8558.9104491,855.89104491,0.8,H,H,Win,9,3,,11,7002.7449129,700.27449129,0.7,H,H,Win,8,4,,11,15626.762424900002,1562.6762424900003,0.2,T,H,Lose,3,9,,11,12785.532893099999,1278.5532893099999,0.2,T,T,Win,3,9,,11,4687.7879169,468.77879169,0.5,H,T,Lose,6,6,,11,10460.890548899999,1046.08905489,0.7,H,H,Win,8,4,,11,8558.9104491,855.89104491,0.5,T,H,Lose,6,6,,11,15626.762424899998,1562.6762424899998,0.3,T,T,Win,4,8,,11,15626.762424900002,1562.6762424900003,0.8,H,H,Win,9,3,,11,8558.910449099998,855.8910449099999,0.7,H,H,Win,8,4,,11,8558.910449099998,855.8910449099999,0.4,T,T,Win,5,7,,11,7002.7449129,700.27449129,0.6,H,T,Lose,7,5,,11,4687.787916899999,468.77879168999993,0.5,H,T,Lose,6,6,,11,10460.890548899999,1046.08905489,0.5,T,H,Lose,6,6,,11,7002.7449129,700.27449129,0.6,T,H,Lose,7,5,,11,10460.890548899999,1046.08905489,0.3,T,T,Win,4,8,,11,7002.744912900001,700.2744912900001,0.5,T,T,Win,6,6,,11,8558.9104491,855.89104491,0.7,H,H,Win,8,4,,11,8558.910449099998,855.8910449099999,0.6,T,H,Lose,7,5,,11,12785.532893099999,1278.5532893099999,0.5,T,H,Lose,6,6,,11,19099.376297100003,1909.9376297100005,0.8,H,H,Win,10,2,,11,8558.9104491,855.89104491,0.7,H,T,Lose,8,4,,11,8558.9104491,855.89104491,0.8,H,H,Win,9,3,,11,8558.910449100002,855.8910449100002,0.3,T,T,Win,4,8,,11,5729.518565099999,572.95185651,0.6,T,H,Lose,7,5,,11,10460.890548899999,1046.08905489,0.7,H,H,Win,8,4,,11,7002.744912899999,700.2744912899999,0.6,H,T,Lose,7,5,,11,12785.5328931,1278.55328931,0.2,T,T,Win,3,9,,11,10460.890548899999,1046.08905489,0.7,H,H,Win,8,4,,11,8558.910449100002,855.8910449100002,0.6,T,H,Lose,7,5,,11,10460.890548899999,1046.08905489,0.7,H,T,Lose,8,4,,11,7002.744912899999,700.2744912899999,0.5,T,T,Win,6,6,,11,7002.7449129,700.27449129,0.7,H,H,Win,8,4,,11,12785.5328931,1278.55328931,0.5,T,T,Win,6,6,,11,8558.9104491,855.89104491,0.7,H,H,Win,8,4,,11,7002.744912900001,700.2744912900001,0.7,H,H,Win,8,4,,11,7002.7449129,700.27449129,0.7,H,H,Win,8,4,,11,10460.8905489,1046.0890548900002,0.6,H,H,Win,7,5,,11,10460.890548899999,1046.08905489,0.5,T,H,Lose,6,6,,11,12785.532893100002,1278.5532893100003,0.5,T,H,Lose,6,6,,11,15626.762424900002,1562.6762424900003,0.3,T,T,Win,4,8,,11,15626.762424899998,1562.6762424899998,0.7,H,T,Lose,8,4,,11,7002.744912900001,700.2744912900001,0.5,T,H,Lose,6,6,,11,7002.7449129,700.27449129,0.5,T,H,Lose,6,6,,11,5729.518565099999,572.95185651,0.7,H,H,Win,8,4,,11,8558.9104491,855.89104491,0.7,H,H,Win,8,4,,11,7002.744912899999,700.2744912899999,0.5,T,H,Lose,6,6,,11,8558.9104491,855.89104491,0.5,T,H,Lose,6,6,,11,8558.9104491,855.89104491,0.5,T,H,Lose,6,6,,11,10460.8905489,1046.0890548900002,0.4,T,H,Lose,5,7,,11,8558.910449099998,855.8910449099999,0.5,T,H,Lose,6,6,,11,10460.8905489,1046.0890548900002,0.3,T,T,Win,4,8,,11,10460.8905489,1046.0890548900002,0.6,H,T,Lose,7,5,,11,10460.890548899999,1046.08905489,0.3,T,T,Win,4,8,,11,7002.7449129,700.27449129,0.5,H,T,Lose,6,6,,11,5729.5185651,572.9518565100001,0.5,T,T,Win,6,6,,11,8558.9104491,855.89104491,0.7,H,H,Win,8,4,,11,8558.910449099998,855.8910449099999,0.4,T,T,Win,5,7,,11,5729.5185651,572.9518565100001,0.5,T,T,Win,6,6,,11,15626.762424900002,1562.6762424900003,0.2,T,T,Win,2,10,,11,10460.8905489,1046.0890548900002,0.7,H,H,Win,8,4,,11,10460.890548899999,1046.08905489,0.4,T,H,Lose,5,7,,11,10460.8905489,1046.0890548900002,0.6,H,H,Win,7,5,,11,15626.7624249,1562.67624249,0.7,H,T,Lose,8,4,,11,7002.744912900001,700.2744912900001,0.4,T,T,Win,5,7,,11,7002.744912900001,700.2744912900001,0.3,T,T,Win,4,8,,11,7002.744912900001,700.2744912900001,0.3,T,T,Win,4,8,,11,12785.5328931,1278.55328931,0.3,T,H,Lose,4,8,,11,8558.910449099998,855.8910449099999,0.6,H,T,Lose,7,5,,11,15626.7624249,1562.67624249,0.7,H,T,Lose,8,4,,11,8558.9104491,855.89104491,0.5,T,H,Lose,6,6,,11,8558.910449100002,855.8910449100002,0.7,H,H,Win,8,4,,11,8558.9104491,855.89104491,0.5,H,T,Lose,6,6,,11,5729.5185651,572.9518565100001,0.7,H,H,Win,8,4,,11,10460.890548899999,1046.08905489,0.4,T,H,Lose,5,7,,11,15626.762424900002,1562.6762424900003,0.2,T,H,Lose,3,9,,11,10460.890548899999,1046.08905489,0.3,T,T,Win,4,8,,11,7002.7449129,700.27449129,0.5,H,T,Lose,6,6,,11,5729.5185651,572.9518565100001,0.5,T,H,Lose,6,6,,11,10460.890548899999,1046.08905489,0.5,T,T,Win,6,6,,11,8558.910449099998,855.8910449099999,0.6,H,T,Lose,7,5,,11,12785.5328931,1278.55328931,0.5,T,H,Lose,6,6,,11,8558.9104491,855.89104491,0.3,T,T,Win,4,8,,11,5729.518565100001,572.9518565100001,0.7,H,H,Win,8,4,,11,10460.890548899999,1046.08905489,0.6,H,T,Lose,7,5,,11,12785.532893099999,1278.5532893099999,0.6,H,T,Lose,7,5,,11,4687.7879169,468.77879169,0.6,H,T,Lose,7,5,,11,7002.744912899999,700.2744912899999,0.7,H,H,Win,8,4,,11,8558.9104491,855.89104491,0.4,T,T,Win,5,7,,11,8558.9104491,855.89104491,0.5,T,H,Lose,6,6,,11,12785.5328931,1278.55328931,0.2,T,T,Win,3,9,,11,7002.744912900001,700.2744912900001,0.4,T,T,Win,5,7,,11,12785.5328931,1278.55328931,0.2,T,T,Win,3,9,,11,12785.532893100002,1278.5532893100003,0.2,T,T,Win,3,9,,11,8558.910449099998,855.8910449099999,0.5,T,H,Lose,6,6,,11,12785.532893100002,1278.5532893100003,0.7,H,T,Lose,8,4,,11,10460.890548899999,1046.08905489,0.3,T,T,Win,4,8,,11,10460.890548899999,1046.08905489,0.4,T,T,Win,5,7,,11,7002.7449129,700.27449129,0.5,T,H,Lose,6,6,,11,5729.5185651,572.9518565100001,0.6,H,H,Win,7,5,,11,15626.7624249,1562.67624249,0.2,T,T,Win,2,10,,11,8558.9104491,855.89104491,0.7,H,T,Lose,8,4,,11,10460.890548899999,1046.08905489,0.6,H,H,Win,7,5,,11,8558.9104491,855.89104491,0.6,H,T,Lose,7,5,,11,12785.532893100002,1278.5532893100003,0.3,T,H,Lose,4,8,,11,7002.744912899999,700.2744912899999,0.6,H,T,Lose,7,5,,11,8558.910449099998,855.8910449099999,0.6,H,H,Win,7,5,,11,19099.376297100003,1909.9376297100005,0.8,H,H,Win,10,2,,11,10460.890548899999,1046.08905489,0.6,H,T,Lose,7,5,,11,8558.9104491,855.89104491,0.4,T,T,Win,5,7,,11,12785.532893100002,1278.5532893100003,0.2,T,T,Win,3,9,,11,10460.890548899999,1046.08905489,0.4,T,H,Lose,5,7,,11,10460.890548899999,1046.08905489,0.8,H,H,Win,9,3,,11,7002.744912899999,700.2744912899999,0.6,T,H,Lose,7,5,,11,10460.8905489,1046.0890548900002,0.4,T,H,Lose,5,7,,11,12785.532893099997,1278.5532893099999,0.8,H,H,Win,9,3,,11,10460.890548899999,1046.08905489,0.3,T,T,Win,4,8,,11,8558.9104491,855.89104491,0.7,H,H,Win,8,4,,11,5729.5185651,572.9518565100001,0.5,T,T,Win,6,6,,11,7002.744912900001,700.2744912900001,0.6,H,T,Lose,7,5,,11,12785.5328931,1278.55328931,0.5,T,T,Win,6,6,,11,5729.518565100001,572.9518565100001,0.7,H,H,Win,8,4,,11,10460.890548899999,1046.08905489,0.4,T,T,Win,5,7,,11,7002.7449129,700.27449129,0.7,H,H,Win,8,4,,11,10460.890548899997,1046.0890548899997,0.3,T,T,Win,4,8,,11,10460.890548899999,1046.08905489,0.4,T,T,Win,5,7,,11,10460.890548899999,1046.08905489,0.3,T,T,Win,4,8,,11,8558.910449099998,855.8910449099999,0.6,H,T,Lose,7,5,,11,10460.890548899999,1046.08905489,0.3,T,T,Win,4,8,,11,3835.4628411,383.54628411,0.6,H,H,Win,7,5,,11,12785.532893100002,1278.5532893100003,0.2,T,T,Win,3,9,,11,4687.787916899999,468.77879168999993,0.6,H,H,Win,7,5,,11,8558.9104491,855.89104491,0.4,T,T,Win,5,7,,11,10460.890548899999,1046.08905489,0.3,T,T,Win,4,8,,11,8558.9104491,855.89104491,0.5,T,T,Win,6,6,,11,8558.9104491,855.89104491,0.5,T,H,Lose,6,6,,11,8558.910449099998,855.8910449099999,0.6,T,H,Lose,7,5,,11,7002.7449129,700.27449129,0.6,T,H,Lose,7,5,,11,19099.376297100003,1909.9376297100005,0.8,H,H,Win,10,2,,11,7002.744912900001,700.2744912900001,0.4,T,T,Win,5,7,,11,8558.910449100002,855.8910449100002,0.3,T,T,Win,4,8,,11,7002.744912899999,700.2744912899999,0.6,H,H,Win,7,5,,11,12785.532893099997,1278.5532893099999,0.2,T,T,Win,3,9,,11,15626.762424900002,1562.6762424900003,0.2,T,H,Lose,3,9,,11,8558.9104491,855.89104491,0.5,T,H,Lose,6,6,,11,10460.890548899999,1046.08905489,0.5,T,H,Lose,6,6,,11,8558.9104491,855.89104491,0.5,T,H,Lose,6,6,,11,15626.762424899998,1562.6762424899998,0.7,H,T,Lose,8,4,,11,5729.5185651,572.9518565100001,0.6,H,T,Lose,7,5,,11,7002.744912900001,700.2744912900001,0.6,T,H,Lose,7,5,,11,7002.744912900001,700.2744912900001,0.5,T,H,Lose,6,6,,11,15626.762424900002,1562.6762424900003,0.2,T,H,Lose,3,9,,11,10460.890548899999,1046.08905489,0.7,H,T,Lose,8,4,,11,8558.9104491,855.89104491,0.6,H,T,Lose,7,5,,11,15626.762424900002,1562.6762424900003,0.8,H,T,Lose,9,3,,11,12785.532893099997,1278.5532893099999,0.2,T,T,Win,3,9,,11,5729.518565099999,572.95185651,0.6,T,H,Lose,7,5,,11,15626.762424900002,1562.6762424900003,0.2,T,H,Lose,3,9,,11,12785.532893099999,1278.5532893099999,0.5,T,H,Lose,6,6,,11,10460.890548899999,1046.08905489,0.6,H,T,Lose,7,5,,11,7002.744912899999,700.2744912899999,0.7,H,H,Win,8,4,,11,7002.744912900001,700.2744912900001,0.5,T,T,Win,6,6,,11,10460.890548899999,1046.08905489,0.6,H,T,Lose,7,5,,11,8558.910449099998,855.8910449099999,0.4,T,T,Win,5,7,,11,5729.5185651,572.9518565100001,0.7,H,H,Win,8,4,,11,15626.762424899998,1562.6762424899998,0.8,H,T,Lose,9,3,,11,12785.5328931,1278.55328931,0.3,T,H,Lose,4,8,,11,10460.8905489,1046.0890548900002,0.3,T,T,Win,4,8,,11,8558.910449100002,855.8910449100002,0.6,H,T,Lose,7,5,,11,10460.8905489,1046.0890548900002,0.6,T,H,Lose,7,5,,11,12785.5328931,1278.55328931,0.7,H,H,Win,8,4,,11,7002.744912899999,700.2744912899999,0.6,H,H,Win,7,5,,11,12785.5328931,1278.55328931,0.5,T,H,Lose,6,6,,11,10460.890548899997,1046.0890548899997,0.3,T,T,Win,4,8,,11,10460.890548899999,1046.08905489,0.7,H,H,Win,8,4,,11,15626.762424900002,1562.6762424900003,0.3,T,H,Lose,4,8,,11,5729.5185651,572.9518565100001,0.6,T,H,Lose,7,5,,11,8558.9104491,855.89104491,0.4,T,H,Lose,5,7,,11,12785.532893100002,1278.5532893100003,0.2,T,T,Win,3,9,,11,10460.890548899999,1046.08905489,0.6,H,T,Lose,7,5,,11,12785.532893100002,1278.5532893100003,0.3,T,H,Lose,4,8,,11,8558.910449099998,855.8910449099999,0.6,H,T,Lose,7,5,,11,8558.9104491,855.89104491,0.4,T,T,Win,5,7,,11,12785.532893100002,1278.5532893100003,0.7,H,T,Lose,8,4,,11,23343.682140900004,2334.3682140900005,0.8,H,T,Lose,10,2,,11,19099.376297100003,1909.9376297100005,0.3,T,H,Lose,4,8,,11,5729.5185651,572.9518565100001,0.6,T,H,Lose,7,5,,11,8558.9104491,855.89104491,0.4,T,T,Win,5,7,,11,12785.5328931,1278.55328931,0.8,H,T,Lose,9,3,,11,8558.910449100002,855.8910449100002,0.7,H,T,Lose,8,4,,11,10460.8905489,1046.0890548900002,0.3,T,T,Win,4,8,,11,12785.532893099997,1278.5532893099999,0.2,T,T,Win,3,9,,11,8558.9104491,855.89104491,0.6,H,T,Lose,7,5,,11,4687.787916899999,468.77879168999993,0.6,T,H,Lose,7,5,,11,12785.532893100002,1278.5532893100003,0.3,T,H,Lose,4,8,,11,10460.890548899999,1046.08905489,0.8,H,H,Win,9,3,,11,7002.744912899999,700.2744912899999,0.4,T,T,Win,5,7,,11,8558.9104491,855.89104491,0.7,H,H,Win,8,4,,11,8558.9104491,855.89104491,0.4,T,T,Win,5,7,,11,4687.787916899999,468.77879168999993,0.5,T,T,Win,6,6,,11,8558.910449099998,855.8910449099999,0.4,T,T,Win,5,7,,11,10460.890548899999,1046.08905489,0.3,T,T,Win,4,8,,11,8558.9104491,855.89104491,0.6,H,T,Lose,7,5,,11,10460.890548899999,1046.08905489,0.8,H,H,Win,9,3,,11,12785.5328931,1278.55328931,0.8,H,H,Win,9,3,,11,8558.910449100002,855.8910449100002,0.6,H,H,Win,7,5,,11,10460.890548899999,1046.08905489,0.4,T,H,Lose,5,7,,11,8558.9104491,855.89104491,0.5,T,H,Lose,6,6,,11,8558.9104491,855.89104491,0.5,H,T,Lose,6,6,,11,10460.890548899999,1046.08905489,0.8,H,H,Win,9,3,,11,10460.8905489,1046.0890548900002,0.8,H,T,Lose,9,3,,11,8558.910449100002,855.8910449100002,0.5,H,T,Lose,6,6,,11,12785.532893099997,1278.5532893099999,0.2,T,T,Win,3,9,,11,7002.744912900001,700.2744912900001,0.5,T,T,Win,6,6,,11,8558.9104491,855.89104491,0.4,T,T,Win,5,7,,11,12785.5328931,1278.55328931,0.4,T,H,Lose,5,7,,11,7002.7449129,700.27449129,0.5,T,H,Lose,6,6,,11,7002.744912899999,700.2744912899999,0.6,H,H,Win,7,5,,11,8558.9104491,855.89104491,0.5,H,T,Lose,6,6,,11,7002.744912900001,700.2744912900001,0.5,T,T,Win,6,6,,11,12785.5328931,1278.55328931,0.4,T,H,Lose,5,7,,11,7002.744912900001,700.2744912900001,0.7,H,H,Win,8,4,,11,7002.7449129,700.27449129,0.5,H,T,Lose,6,6,,11,8558.9104491,855.89104491,0.7,H,H,Win,8,4,,11,4687.7879169,468.77879169,0.5,T,T,Win,6,6,,11,7002.7449129,700.27449129,0.3,T,T,Win,4,8,,11,8558.9104491,855.89104491,0.5,T,H,Lose,6,6,,11,12785.5328931,1278.55328931,0.8,H,H,Win,10,2,,11,7002.744912899999,700.2744912899999,0.6,T,H,Lose,7,5,,11,10460.890548899999,1046.08905489,0.3,T,T,Win,4,8,,11,15626.7624249,1562.67624249,0.8,H,H,Win,9,3,,11,8558.9104491,855.89104491,0.5,H,T,Lose,6,6,,11,5729.5185651,572.9518565100001,0.7,H,H,Win,8,4,,11,5729.5185651,572.9518565100001,0.4,T,T,Win,5,7,,11,10460.890548899999,1046.08905489,0.8,H,H,Win,9,3,,11,8558.9104491,855.89104491,0.6,H,T,Lose,7,5,,11,7002.744912900001,700.2744912900001,0.5,T,T,Win,6,6,,11,8558.910449099998,855.8910449099999,0.4,T,H,Lose,5,7,,11,8558.9104491,855.89104491,0.7,H,H,Win,8,4,,11,12785.5328931,1278.55328931,0.4,T,H,Lose,5,7,,11,10460.890548899999,1046.08905489,0.3,T,T,Win,4,8,,11,8558.9104491,855.89104491,0.5,T,H,Lose,6,6,,11,10460.890548899999,1046.08905489,0.4,T,H,Lose,5,7,,11,19099.376297100003,1909.9376297100005,0.8,H,H,Win,10,2,,11,8558.9104491,855.89104491,0.5,T,T,Win,6,6,,11,5729.518565099999,572.95185651,0.5,T,T,Win,6,6,,11,10460.890548899999,1046.08905489,0.3,T,T,Win,4,8,,11,10460.890548899999,1046.08905489,0.5,T,T,Win,6,6,,11,4687.7879169,468.77879169,0.7,H,H,Win,8,4,,11,8558.9104491,855.89104491,0.7,H,H,Win,8,4,,11,8558.910449100002,855.8910449100002,0.5,T,H,Lose,6,6,,11,7002.744912900001,700.2744912900001,0.6,T,H,Lose,7,5,,11,12785.532893100002,1278.5532893100003,0.6,H,T,Lose,7,5,,11,8558.910449099998,855.8910449099999,0.5,T,H,Lose,6,6,,11,12785.5328931,1278.55328931,0.4,T,H,Lose,5,7,,11,10460.890548899999,1046.08905489,0.8,H,H,Win,9,3,,11,8558.910449099998,855.8910449099999,0.5,T,H,Lose,6,6,,11,10460.890548899999,1046.08905489,0.7,H,T,Lose,8,4,,11,10460.890548899999,1046.08905489,0.5,T,H,Lose,6,6,,11,7002.744912900001,700.2744912900001,0.7,H,H,Win,8,4,,11,8558.910449099998,855.8910449099999,0.6,T,H,Lose,7,5,,11,10460.8905489,1046.0890548900002,0.5,H,T,Lose,6,6,,11,19099.3762971,1909.93762971,0.2,T,H,Lose,3,9,,11,5729.5185651,572.9518565100001,0.6,H,T,Lose,7,5,,11,12785.532893100002,1278.5532893100003,0.2,T,T,Win,3,9,,11,12785.532893100002,1278.5532893100003,0.6,H,T,Lose,7,5,,11,8558.9104491,855.89104491,0.4,T,T,Win,5,7,,11,7002.744912899999,700.2744912899999,0.4,T,T,Win,5,7,,11,10460.8905489,1046.0890548900002,0.3,T,T,Win,4,8,,11,8558.9104491,855.89104491,0.3,T,T,Win,4,8,,11,10460.890548899999,1046.08905489,0.3,T,T,Win,4,8,,11,5729.5185651,572.9518565100001,0.6,H,T,Lose,7,5,,11,7002.7449129,700.27449129,0.6,H,H,Win,7,5,,11,19099.376297100003,1909.9376297100005,0.3,T,H,Lose,4,8,,11,12785.532893099997,1278.5532893099999,0.3,T,H,Lose,4,8,,11,8558.910449099998,855.8910449099999,0.7,H,H,Win,8,4,,11,10460.890548899999,1046.08905489,0.5,T,T,Win,6,6,,11,12785.532893100002,1278.5532893100003,0.2,T,T,Win,3,9,,11,15626.762424900002,1562.6762424900003,0.2,T,H,Lose,3,9,,11,12785.5328931,1278.55328931,0.4,T,H,Lose,5,7,,11,10460.890548899999,1046.08905489,0.4,T,H,Lose,5,7,,11,8558.9104491,855.89104491,0.8,H,H,Win,9,3,,11,7002.7449129000015,700.2744912900002,0.4,T,T,Win,5,7,,11,10460.8905489,1046.0890548900002,0.7,H,H,Win,8,4,,11,10460.890548899999,1046.08905489,0.3,T,T,Win,4,8,,11,8558.910449100002,855.8910449100002,0.7,H,H,Win,8,4,,11,12785.532893099999,1278.5532893099999,0.7,H,H,Win,8,4,,11,12785.5328931,1278.55328931,0.8,H,H,Win,9,3,,11,8558.9104491,855.89104491,0.4,T,H,Lose,5,7,,11,8558.9104491,855.89104491,0.6,H,T,Lose,7,5,,11,8558.9104491,855.89104491,0.4,T,T,Win,5,7,,11,15626.762424900002,1562.6762424900003,0.8,H,H,Win,10,2,,11,10460.890548899999,1046.08905489,0.6,H,T,Lose,7,5,,11,7002.744912899999,700.2744912899999,0.6,H,H,Win,7,5,,11,10460.8905489,1046.0890548900002,0.3,T,T,Win,4,8,,11,8558.910449099998,855.8910449099999,0.5,T,H,Lose,6,6,,11,8558.9104491,855.89104491,0.8,H,H,Win,9,3,,11,7002.744912900001,700.2744912900001,0.8,H,H,Win,9,3,,11,8558.910449100002,855.8910449100002,0.4,T,T,Win,5,7,,11,12785.5328931,1278.55328931,0.2,T,T,Win,3,9,,11,15626.762424900002,1562.6762424900003,0.8,H,H,Win,9,3,,11,12785.5328931,1278.55328931,0.3,T,T,Win,4,8,,11,8558.9104491,855.89104491,0.5,T,H,Lose,6,6,,11,8558.910449100002,855.8910449100002,0.5,T,H,Lose,6,6,,11,5729.518565099999,572.95185651,0.5,H,T,Lose,6,6,,11,12785.532893099999,1278.5532893099999,0.4,T,T,Win,5,7,,11,12785.532893100002,1278.5532893100003,0.7,H,H,Win,8,4,,11,19099.376297100003,1909.9376297100005,0.2,T,T,Win,2,10,,11,7002.744912899999,700.2744912899999,0.5,T,T,Win,6,6,,11,15626.762424900002,1562.6762424900003,0.4,T,H,Lose,5,7,,11,5729.5185651,572.9518565100001,0.5,H,T,Lose,6,6,,11,7002.744912899999,700.2744912899999,0.4,T,T,Win,5,7,,11,12785.5328931,1278.55328931,0.5,T,H,Lose,6,6,,11,12785.5328931,1278.55328931,0.2,T,T,Win,3,9,,11,12785.532893100002,1278.5532893100003,0.2,T,T,Win,3,9,,11,7002.7449129,700.27449129,0.4,T,T,Win,5,7,,11,15626.762424900002,1562.6762424900003,0.8,H,H,Win,9,3,,11,19099.376297100003,1909.9376297100005,0.3,T,H,Lose,4,8,,11,12785.532893099999,1278.5532893099999,0.6,H,T,Lose,7,5,,11,10460.890548899999,1046.08905489,0.6,H,T,Lose,7,5,,11,12785.532893100002,1278.5532893100003,0.4,T,H,Lose,5,7,,11,5729.518565099999,572.95185651,0.5,H,T,Lose,6,6,,11,10460.890548899999,1046.08905489,0.4,T,H,Lose,5,7,,11,10460.890548899999,1046.08905489,0.4,T,H,Lose,5,7,,11,4687.787916900001,468.7787916900001,0.7,H,H,Win,8,4,,11,10460.890548899999,1046.08905489,0.4,T,H,Lose,5,7,,11,12785.5328931,1278.55328931,0.3,T,H,Lose,4,8,,11,15626.762424900002,1562.6762424900003,0.8,H,H,Win,10,2,,11,8558.9104491,855.89104491,0.5,T,H,Lose,6,6,,11,5729.518565100001,572.9518565100001,0.6,H,H,Win,7,5,,11,8558.9104491,855.89104491,0.4,T,T,Win,5,7,,11,19099.3762971,1909.93762971,0.2,T,T,Win,3,9,,11,7002.744912899999,700.2744912899999,0.5,T,H,Lose,6,6,,11,12785.5328931,1278.55328931,0.2,T,T,Win,3,9,,11,8558.9104491,855.89104491,0.5,T,H,Lose,6,6,,11,15626.762424900002,1562.6762424900003,0.2,T,T,Win,2,10,,11,8558.910449100002,855.8910449100002,0.5,T,T,Win,6,6,,11,8558.910449099998,855.8910449099999,0.6,H,H,Win,7,5,,11,3138.1059609,313.81059609,0.5,H,T,Lose,6,6,,11,12785.5328931,1278.55328931,0.5,H,T,Lose,6,6,,11,12785.532893099997,1278.5532893099999,0.2,T,T,Win,3,9,,11,8558.910449100002,855.8910449100002,0.7,H,H,Win,8,4,,11,8558.910449099998,855.8910449099999,0.4,T,T,Win,5,7,,11,8558.910449100002,855.8910449100002,0.6,H,T,Lose,7,5,,11,19099.376297099996,1909.9376297099998,0.8,H,T,Lose,10,2,,11,10460.890548899999,1046.08905489,0.3,T,T,Win,4,8,,11,10460.890548899999,1046.08905489,0.3,T,T,Win,4,8,,11,10460.8905489,1046.0890548900002,0.4,T,H,Lose,5,7,,11,5729.518565099999,572.95185651,0.5,T,T,Win,6,6,,11,7002.7449129,700.27449129,0.7,H,H,Win,8,4,,11,10460.890548899999,1046.08905489,0.3,T,T,Win,4,8,,11,7002.744912900001,700.2744912900001,0.6,H,T,Lose,7,5,,11,19099.376297100003,1909.9376297100005,0.3,T,H,Lose,4,8,,11,3835.4628411,383.54628411,0.6,T,H,Lose,7,5,,11,7002.744912900001,700.2744912900001,0.6,H,H,Win,7,5,,11,10460.890548899997,1046.0890548899997,0.5,T,H,Lose,6,6,,11,8558.910449099998,855.8910449099999,0.5,T,T,Win,6,6,,11,12785.532893100002,1278.5532893100003,0.7,H,T,Lose,8,4,,11,8558.910449099998,855.8910449099999,0.6,T,H,Lose,7,5,,11,12785.532893099997,1278.5532893099999,0.3,T,H,Lose,4,8,,11,5729.5185651,572.9518565100001,0.5,T,T,Win,6,6,,11,10460.890548899997,1046.0890548899997,0.4,T,H,Lose,5,7,,11,8558.9104491,855.89104491,0.7,H,H,Win,8,4,,11,8558.9104491,855.89104491,0.6,T,H,Lose,7,5,,11,8558.910449100002,855.8910449100002,0.7,H,H,Win,8,4,,11,10460.8905489,1046.0890548900002,0.8,H,T,Lose,9,3,,11,12785.5328931,1278.55328931,0.4,T,H,Lose,5,7,,11,5729.518565100001,572.9518565100001,0.6,T,H,Lose,7,5,,11,8558.910449100002,855.8910449100002,0.5,T,H,Lose,6,6,,11,19099.376297100003,1909.9376297100005,0.8,H,H,Win,10,2,,11,12785.5328931,1278.55328931,0.8,H,H,Win,9,3,,11,10460.890548899999,1046.08905489,0.3,T,T,Win,4,8,,11,10460.8905489,1046.0890548900002,0.6,H,H,Win,7,5,,11,8558.9104491,855.89104491,0.5,T,H,Lose,6,6,,11,10460.8905489,1046.0890548900002,0.4,T,H,Lose,5,7,,11,10460.890548899999,1046.08905489,0.3,T,T,Win,4,8,,11,7002.744912899999,700.2744912899999,0.7,H,H,Win,8,4,,11,10460.890548899999,1046.08905489,0.5,T,H,Lose,6,6,,11,7002.744912900001,700.2744912900001,0.6,T,H,Lose,7,5,,11,10460.890548899999,1046.08905489,0.3,T,T,Win,4,8,,11,12785.5328931,1278.55328931,0.8,H,H,Win,10,2,,11,15626.762424899998,1562.6762424899998,0.7,H,T,Lose,8,4,,11,7002.744912900001,700.2744912900001,0.5,T,T,Win,6,6,,11,10460.890548899999,1046.08905489,0.4,T,H,Lose,5,7,,11,19099.376297100003,1909.9376297100005,0.8,H,H,Win,10,2,,11,7002.744912899999,700.2744912899999,0.5,T,T,Win,6,6,,11,15626.762424900002,1562.6762424900003,0.8,H,T,Lose,9,3,,11,5729.518565100001,572.9518565100001,0.5,T,T,Win,6,6,,11,12785.5328931,1278.55328931,0.3,T,H,Lose,4,8,,11,12785.532893100002,1278.5532893100003,0.7,H,H,Win,8,4,,11,12785.5328931,1278.55328931,0.2,T,T,Win,3,9,,11,19099.376297099996,1909.9376297099998,0.1,T,T,Win,1,11,,11,15626.762424899998,1562.6762424899998,0.3,T,T,Win,4,8,,11,4687.787916899999,468.77879168999993,0.6,H,H,Win,7,5,,11,7002.744912900001,700.2744912900001,0.5,T,H,Lose,6,6,,11,12785.5328931,1278.55328931,0.2,T,T,Win,3,9,,11,10460.8905489,1046.0890548900002,0.4,T,T,Win,5,7,,11,7002.7449129,700.27449129,0.6,H,T,Lose,7,5,,11,8558.910449099998,855.8910449099999,0.6,T,H,Lose,7,5,,11,7002.7449129,700.27449129,0.6,T,H,Lose,7,5,,11,8558.9104491,855.89104491,0.6,T,H,Lose,7,5,,11,4687.7879169,468.77879169,0.6,H,T,Lose,7,5,,11,8558.9104491,855.89104491,0.5,T,H,Lose,6,6,,11,4687.7879169,468.77879169,0.4,T,T,Win,5,7,,11,8558.9104491,855.89104491,0.4,T,T,Win,5,7,,11,12785.5328931,1278.55328931,0.5,T,H,Lose,6,6,,11,19099.376297100003,1909.9376297100005,0.3,T,H,Lose,4,8,,11,8558.9104491,855.89104491,0.4,T,T,Win,5,7,,11,7002.744912900001,700.2744912900001,0.5,T,H,Lose,6,6,,11,10460.890548899999,1046.08905489,0.5,T,T,Win,6,6,,11,12785.532893100002,1278.5532893100003,0.4,T,H,Lose,5,7,,11,8558.910449100002,855.8910449100002,0.7,H,T,Lose,8,4,,11,12785.532893100002,1278.5532893100003,0.8,H,H,Win,9,3,,11,12785.5328931,1278.55328931,0.5,H,T,Lose,6,6,,11,12785.532893100002,1278.5532893100003,0.3,T,H,Lose,4,8,,11,8558.9104491,855.89104491,0.6,H,H,Win,7,5,,11,8558.910449099998,855.8910449099999,0.5,H,T,Lose,6,6,,11,7002.7449129,700.27449129,0.4,T,T,Win,5,7,,11,8558.910449099998,855.8910449099999,0.3,T,T,Win,4,8,,11,10460.890548899999,1046.08905489,0.4,T,H,Lose,5,7,,11,10460.890548899999,1046.08905489,0.3,T,T,Win,4,8,,11,19099.376297100003,1909.9376297100005,0.2,T,T,Win,2,10,,11,10460.8905489,1046.0890548900002,0.4,T,H,Lose,5,7,,11,10460.890548899999,1046.08905489,0.4,T,H,Lose,5,7,,11,19099.376297100003,1909.9376297100005,0.2,T,H,Lose,2,10,,11,10460.8905489,1046.0890548900002,0.6,H,T,Lose,7,5,,11,7002.7449129,700.27449129,0.5,H,T,Lose,6,6,,11,10460.890548899999,1046.08905489,0.4,T,T,Win,5,7,,11,7002.744912900001,700.2744912900001,0.5,H,T,Lose,6,6,,11,8558.9104491,855.89104491,0.5,T,T,Win,6,6,,11,8558.910449099998,855.8910449099999,0.6,T,H,Lose,7,5,,11,12785.5328931,1278.55328931,0.4,T,H,Lose,5,7,,11,12785.5328931,1278.55328931,0.7,H,T,Lose,8,4,,11,12785.532893100002,1278.5532893100003,0.2,T,T,Win,3,9,,11,7002.744912900001,700.2744912900001,0.7,H,H,Win,8,4,,11,10460.890548899999,1046.08905489,0.4,T,H,Lose,5,7,,11,10460.890548899999,1046.08905489,0.3,T,T,Win,4,8,,11,5729.518565099998,572.9518565099999,0.6,H,T,Lose,7,5,,11,7002.7449129,700.27449129,0.6,H,T,Lose,7,5,,11,15626.762424899998,1562.6762424899998,0.8,H,H,Win,10,2,,11,8558.910449099998,855.8910449099999,0.4,T,T,Win,5,7,,11,7002.744912900001,700.2744912900001,0.8,H,H,Win,9,3,,11,10460.890548899999,1046.08905489,0.5,T,T,Win,6,6,,11,8558.9104491,855.89104491,0.4,T,T,Win,5,7,,11,10460.890548899999,1046.08905489,0.5,H,T,Lose,6,6,,11,7002.744912900001,700.2744912900001,0.6,H,T,Lose,7,5,,11,8558.9104491,855.89104491,0.5,T,H,Lose,6,6,,11,5729.518565099999,572.95185651,0.6,T,H,Lose,7,5,,11,12785.532893099999,1278.5532893099999,0.7,H,H,Win,8,4,,11,10460.890548899999,1046.08905489,0.5,T,H,Lose,6,6,,11,23343.6821409,2334.36821409,0.8,H,T,Lose,10,2,,11,7002.744912900001,700.2744912900001,0.5,T,T,Win,6,6,,11,23343.6821409,2334.36821409,0.2,T,H,Lose,3,9,,11,8558.910449100002,855.8910449100002,0.5,T,H,Lose,6,6,,11,7002.744912900001,700.2744912900001,0.5,H,T,Lose,6,6,,11,8558.9104491,855.89104491,0.7,H,H,Win,8,4,,11,10460.8905489,1046.0890548900002,0.4,T,T,Win,5,7,,11,10460.8905489,1046.0890548900002,0.5,T,H,Lose,6,6,,11,10460.8905489,1046.0890548900002,0.6,H,H,Win,7,5,,11,10460.890548899999,1046.08905489,0.4,T,T,Win,5,7,,11,10460.890548899999,1046.08905489,0.4,T,H,Lose,5,7,,11,10460.890548899999,1046.08905489,0.5,T,T,Win,6,6,,11,7002.744912900001,700.2744912900001,0.4,T,T,Win,5,7,,11,10460.890548899999,1046.08905489,0.7,H,H,Win,8,4,,11,15626.762424900002,1562.6762424900003,0.3,T,H,Lose,4,8,,11,12785.532893099999,1278.5532893099999,0.5,T,H,Lose,6,6,,11,8558.9104491,855.89104491,0.3,T,T,Win,4,8,,11,10460.8905489,1046.0890548900002,0.4,T,H,Lose,5,7,,11,10460.8905489,1046.0890548900002,0.3,T,T,Win,4,8,,11,12785.5328931,1278.55328931,0.7,H,H,Win,8,4,,11,15626.7624249,1562.67624249,0.7,H,T,Lose,8,4,,11,15626.762424900002,1562.6762424900003,0.2,T,T,Win,2,10,,11,10460.8905489,1046.0890548900002,0.6,H,H,Win,7,5,,11,15626.7624249,1562.67624249,0.2,T,T,Win,2,10,,11,12785.532893100002,1278.5532893100003,0.2,T,T,Win,3,9,,11,8558.910449100002,855.8910449100002,0.7,H,T,Lose,8,4,,11,19099.3762971,1909.93762971,0.2,T,T,Win,3,9,,11,8558.910449099998,855.8910449099999,0.5,T,H,Lose,6,6,,11,7002.744912899999,700.2744912899999,0.6,H,H,Win,7,5,,11,15626.762424900002,1562.6762424900003,0.2,T,H,Lose,3,9,,11,10460.890548899999,1046.08905489,0.5,T,H,Lose,6,6,,11,7002.7449129,700.27449129,0.4,T,T,Win,5,7,,11,7002.744912900001,700.2744912900001,0.4,T,H,Lose,5,7,,11,12785.5328931,1278.55328931,0.3,T,H,Lose,4,8,,11,7002.744912900001,700.2744912900001,0.6,H,T,Lose,7,5,,11,12785.532893100002,1278.5532893100003,0.8,H,H,Win,9,3,,11,7002.7449129,700.27449129,0.5,T,H,Lose,6,6,,11,7002.744912900001,700.2744912900001,0.6,T,H,Lose,7,5,,11,12785.5328931,1278.55328931,0.8,H,H,Win,9,3,,11,10460.890548899999,1046.08905489,0.6,H,T,Lose,7,5,,11,5729.5185651,572.9518565100001,0.7,H,H,Win,8,4,,11,8558.9104491,855.89104491,0.7,H,H,Win,8,4,,11,12785.5328931,1278.55328931,0.4,T,H,Lose,5,7,,11,5729.518565099999,572.95185651,0.5,H,T,Lose,6,6,,11,8558.9104491,855.89104491,0.7,H,H,Win,8,4,,11,8558.910449100002,855.8910449100002,0.5,T,H,Lose,6,6,,11,12785.532893100002,1278.5532893100003,0.5,T,H,Lose,6,6,,11,15626.762424899998,1562.6762424899998,0.2,T,T,Win,2,10,,11,19099.3762971,1909.93762971,0.8,H,T,Lose,10,2,,11,7002.744912900001,700.2744912900001,0.6,H,T,Lose,7,5,,11,15626.762424900002,1562.6762424900003,0.8,H,H,Win,10,2,,11,10460.890548899999,1046.08905489,0.4,T,H,Lose,5,7,,11,19099.376297100003,1909.9376297100005,0.2,T,H,Lose,2,10,,11,8558.910449100002,855.8910449100002,0.5,T,H,Lose,6,6,,11,5729.518565099999,572.95185651,0.6,H,H,Win,7,5,,11,15626.762424900002,1562.6762424900003,0.4,T,H,Lose,5,7,,11,7002.744912900001,700.2744912900001,0.6,H,H,Win,7,5,,11,12785.532893099999,1278.5532893099999,0.4,T,H,Lose,5,7,,11,10460.8905489,1046.0890548900002,0.3,T,T,Win,4,8,,11,7002.7449129,700.27449129,0.4,T,T,Win,5,7,,11,8558.910449100002,855.8910449100002,0.6,H,T,Lose,7,5,,11,5729.518565099999,572.95185651,0.5,T,H,Lose,6,6,,11,8558.9104491,855.89104491,0.5,T,H,Lose,6,6,,11,10460.8905489,1046.0890548900002,0.6,T,H,Lose,7,5,,11,12785.532893100002,1278.5532893100003,0.7,H,T,Lose,8,4,,11,8558.910449100002,855.8910449100002,0.5,T,T,Win,6,6,,11,8558.910449100002,855.8910449100002,0.5,T,H,Lose,6,6,,11,12785.532893100002,1278.5532893100003,0.3,T,H,Lose,4,8,,11,10460.8905489,1046.0890548900002,0.4,T,H,Lose,5,7,,11,19099.376297099996,1909.9376297099998,0.2,T,T,Win,3,9,,11,15626.7624249,1562.67624249,0.3,T,T,Win,4,8,,11,10460.890548899999,1046.08905489,0.6,H,T,Lose,7,5,,11,8558.910449100002,855.8910449100002,0.6,T,H,Lose,7,5,,11,15626.762424900002,1562.6762424900003,0.2,T,H,Lose,3,9,,11,5729.5185651,572.9518565100001,0.5,H,T,Lose,6,6,,11,5729.518565099999,572.95185651,0.5,T,H,Lose,6,6,,11,8558.9104491,855.89104491,0.6,H,T,Lose,7,5,,11,5729.518565099999,572.95185651,0.6,T,H,Lose,7,5,,11,7002.744912899999,700.2744912899999,0.6,H,T,Lose,7,5,,11,8558.9104491,855.89104491,0.4,T,T,Win,5,7,,11,4687.787916899999,468.77879168999993,0.5,H,T,Lose,6,6,,11,7002.744912899999,700.2744912899999,0.5,H,T,Lose,6,6,,11,12785.5328931,1278.55328931,0.4,T,H,Lose,5,7,,11,7002.744912900001,700.2744912900001,0.4,T,T,Win,5,7,,11,15626.762424900002,1562.6762424900003,0.8,H,T,Lose,9,3,,11,4687.787916899999,468.77879168999993,0.4,T,T,Win,5,7,,11,10460.890548899999,1046.08905489,0.5,T,H,Lose,6,6,,11,12785.5328931,1278.55328931,0.5,T,H,Lose,6,6,,11,12785.5328931,1278.55328931,0.5,T,H,Lose,6,6,,11,12785.5328931,1278.55328931,0.2,T,T,Win,3,9,,11,12785.5328931,1278.55328931,0.5,H,T,Lose,6,6,,11,7002.7449129,700.27449129,0.5,T,H,Lose,6,6,,11,5729.518565099999,572.95185651,0.6,T,H,Lose,7,5,,11,10460.8905489,1046.0890548900002,0.8,H,H,Win,9,3,,11,8558.9104491,855.89104491,0.5,T,H,Lose,6,6,,11,15626.762424900002,1562.6762424900003,0.3,T,T,Win,4,8,,11,7002.7449129,700.27449129,0.4,T,H,Lose,5,7,,11,12785.532893099997,1278.5532893099999,0.8,H,H,Win,9,3,,11,10460.890548899999,1046.08905489,0.4,T,H,Lose,5,7,,11,8558.9104491,855.89104491,0.7,H,H,Win,8,4,,11,12785.532893100002,1278.5532893100003,0.2,T,T,Win,3,9,,11,10460.890548899999,1046.08905489,0.4,T,H,Lose,5,7,,11,5729.518565099999,572.95185651,0.6,T,H,Lose,7,5,,11,10460.890548899999,1046.08905489,0.6,H,H,Win,7,5,,11,8558.910449100002,855.8910449100002,0.6,T,H,Lose,7,5,,11,8558.9104491,855.89104491,0.6,H,H,Win,7,5,,11,15626.762424900002,1562.6762424900003,0.8,H,H,Win,9,3,,11,8558.910449099998,855.8910449099999,0.4,T,T,Win,5,7,,11,8558.910449099998,855.8910449099999,0.4,T,T,Win,5,7,,11,10460.890548899999,1046.08905489,0.3,T,T,Win,4,8,,11,7002.744912900001,700.2744912900001,0.4,T,T,Win,5,7,,11,10460.890548899999,1046.08905489,0.4,T,H,Lose,5,7,,11,12785.532893100002,1278.5532893100003,0.2,T,T,Win,3,9,,11,10460.890548899999,1046.08905489,0.4,T,H,Lose,5,7,,11,8558.910449099998,855.8910449099999,0.8,H,H,Win,9,3,,11,12785.532893100002,1278.5532893100003,0.3,T,T,Win,4,8,,11,10460.8905489,1046.0890548900002,0.4,T,T,Win,5,7,,11,12785.5328931,1278.55328931,0.6,H,H,Win,7,5,,11,5729.518565099999,572.95185651,0.4,T,T,Win,5,7,,11,4687.7879169,468.77879169,0.7,H,H,Win,8,4,,11,15626.762424900002,1562.6762424900003,0.2,T,H,Lose,3,9,,11,12785.5328931,1278.55328931,0.3,T,H,Lose,4,8,,11,5729.518565099998,572.9518565099999,0.5,T,H,Lose,6,6,,11,7002.7449129,700.27449129,0.5,H,T,Lose,6,6,,11,12785.532893099997,1278.5532893099999,0.8,H,T,Lose,9,3,,11,8558.910449100002,855.8910449100002,0.4,T,T,Win,5,7,,11,10460.8905489,1046.0890548900002,0.4,T,H,Lose,5,7,,11,7002.744912899999,700.2744912899999,0.5,T,T,Win,6,6,,11,7002.744912900001,700.2744912900001,0.6,H,T,Lose,7,5,,11,15626.762424899998,1562.6762424899998,0.3,T,T,Win,4,8,,11,10460.890548899999,1046.08905489,0.6,H,H,Win,7,5,,11,10460.8905489,1046.0890548900002,0.7,H,H,Win,8,4,,11,12785.532893100002,1278.5532893100003,0.2,T,T,Win,3,9,,11,15626.762424900002,1562.6762424900003,0.4,T,H,Lose,5,7,,11,8558.9104491,855.89104491,0.6,H,H,Win,7,5,,11,8558.9104491,855.89104491,0.6,H,H,Win,7,5,,11,12785.532893100002,1278.5532893100003,0.3,T,H,Lose,4,8,,11,12785.532893100002,1278.5532893100003,0.2,T,T,Win,3,9,,11,10460.890548899999,1046.08905489,0.4,T,H,Lose,5,7,,11,4687.787916899999,468.77879168999993,0.6,H,T,Lose,7,5,,11,7002.744912899999,700.2744912899999,0.5,T,H,Lose,6,6,,11,8558.910449100002,855.8910449100002,0.5,T,H,Lose,6,6,,11,10460.890548899999,1046.08905489,0.4,T,H,Lose,5,7,,11,12785.5328931,1278.55328931,0.3,T,H,Lose,4,8,,11,7002.744912899999,700.2744912899999,0.6,H,T,Lose,7,5,,11,7002.7449129,700.27449129,0.6,H,H,Win,7,5,,11,10460.890548899997,1046.0890548899997,0.6,H,T,Lose,7,5,,11,7002.7449129,700.27449129,0.5,T,H,Lose,6,6,,11,10460.8905489,1046.0890548900002,0.4,T,H,Lose,5,7,,11,12785.532893100002,1278.5532893100003,0.8,H,H,Win,9,3,,11,19099.3762971,1909.93762971,0.1,T,T,Win,1,11,,11,7002.744912900001,700.2744912900001,0.6,H,H,Win,7,5,,11,5729.5185651,572.9518565100001,0.7,H,H,Win,8,4,,11,12785.5328931,1278.55328931,0.2,T,T,Win,3,9,,11,10460.890548899999,1046.08905489,0.4,T,T,Win,5,7,,11,15626.762424900002,1562.6762424900003,0.3,T,H,Lose,4,8,,11,7002.7449129,700.27449129,0.7,H,H,Win,8,4,,11,8558.9104491,855.89104491,0.5,H,T,Lose,6,6,,11,8558.9104491,855.89104491,0.6,T,H,Lose,7,5,,11,15626.762424900002,1562.6762424900003,0.2,T,H,Lose,3,9,,11,8558.910449099998,855.8910449099999,0.5,T,H,Lose,6,6,,11,10460.890548899999,1046.08905489,0.6,H,T,Lose,7,5,,11,7002.744912900001,700.2744912900001,0.5,T,H,Lose,6,6,,11,10460.8905489,1046.0890548900002,0.4,T,H,Lose,5,7,,11,8558.9104491,855.89104491,0.6,H,T,Lose,7,5,,11,8558.910449100002,855.8910449100002,0.6,H,T,Lose,7,5,,11,10460.8905489,1046.0890548900002,0.3,T,T,Win,4,8,,11,10460.890548899999,1046.08905489,0.4,T,T,Win,5,7,,11,10460.890548899999,1046.08905489,0.3,T,T,Win,4,8,,11,12785.532893099997,1278.5532893099999,0.2,T,T,Win,3,9,,11,8558.910449099998,855.8910449099999,0.3,T,T,Win,4,8,,11,7002.744912899999,700.2744912899999,0.5,H,T,Lose,6,6,,11,19099.376297100003,1909.9376297100005,0.8,H,T,Lose,9,3,,11,15626.762424900002,1562.6762424900003,0.2,T,H,Lose,3,9,,11,12785.5328931,1278.55328931,0.5,T,H,Lose,6,6,,11,12785.5328931,1278.55328931,0.8,H,H,Win,9,3,,11,8558.9104491,855.89104491,0.7,H,T,Lose,8,4,,11,4687.7879169,468.77879169,0.6,T,H,Lose,7,5,,11,12785.532893099999,1278.5532893099999,0.6,H,T,Lose,7,5,,11,15626.762424900002,1562.6762424900003,0.2,T,T,Win,2,10,,11,10460.8905489,1046.0890548900002,0.7,H,H,Win,8,4,,11,8558.9104491,855.89104491,0.5,H,T,Lose,6,6,,11,7002.744912900001,700.2744912900001,0.7,H,H,Win,8,4,,11,8558.9104491,855.89104491,0.5,T,H,Lose,6,6,,11,8558.9104491,855.89104491,0.4,T,T,Win,5,7,,11,19099.376297100003,1909.9376297100005,0.2,T,H,Lose,3,9,,11,10460.890548899999,1046.08905489,0.8,H,H,Win,9,3,,11,10460.890548899997,1046.0890548899997,0.8,H,H,Win,9,3,,11,15626.762424899998,1562.6762424899998,0.8,H,H,Win,10,2,,11,10460.8905489,1046.0890548900002,0.6,H,H,Win,7,5,,11,5729.518565099999,572.95185651,0.5,T,T,Win,6,6,,11,10460.8905489,1046.0890548900002,0.4,T,H,Lose,5,7,,11,10460.890548899999,1046.08905489,0.5,T,T,Win,6,6,,11,4687.787916900001,468.7787916900001,0.6,H,T,Lose,7,5,,11,12785.532893100002,1278.5532893100003,0.5,T,H,Lose,6,6,,11,5729.5185651,572.9518565100001,0.7,H,H,Win,8,4,,11,5729.518565099999,572.95185651,0.5,H,T,Lose,6,6,,11,8558.9104491,855.89104491,0.6,T,H,Lose,7,5,,11,15626.762424900002,1562.6762424900003,0.2,T,H,Lose,3,9,,11,5729.5185651,572.9518565100001,0.5,H,T,Lose,6,6,,11,12785.532893100002,1278.5532893100003,0.7,H,H,Win,8,4,,11,5729.5185651,572.9518565100001,0.6,H,T,Lose,7,5,,11,8558.910449099998,855.8910449099999,0.7,H,H,Win,8,4,,11,8558.9104491,855.89104491,0.6,H,H,Win,7,5,,11,15626.762424900002,1562.6762424900003,0.8,H,T,Lose,9,3,,11,8558.9104491,855.89104491,0.6,H,T,Lose,7,5,,11,15626.762424900002,1562.6762424900003,0.3,T,H,Lose,4,8,,11,12785.532893100002,1278.5532893100003,0.2,T,T,Win,3,9,,11,15626.762424899998,1562.6762424899998,0.2,T,T,Win,2,10,,11,8558.910449099998,855.8910449099999,0.5,T,H,Lose,6,6,,11,19099.376297100003,1909.9376297100005,0.2,T,H,Lose,2,10,,11,10460.890548899999,1046.08905489,0.3,T,T,Win,4,8,,11,12785.5328931,1278.55328931,0.3,T,T,Win,4,8,,11,12785.532893100002,1278.5532893100003,0.5,T,H,Lose,6,6,,11,15626.762424900002,1562.6762424900003,0.8,H,H,Win,10,2,,11,8558.910449100002,855.8910449100002,0.7,H,H,Win,8,4,,11,19099.376297100003,1909.9376297100005,0.2,T,T,Win,3,9,,11,10460.8905489,1046.0890548900002,0.4,T,T,Win,5,7,,11,10460.890548899999,1046.08905489,0.4,T,H,Lose,5,7,,11,5729.518565099999,572.95185651,0.7,H,H,Win,8,4,,11,10460.890548899999,1046.08905489,0.5,T,H,Lose,6,6,,11,8558.910449099998,855.8910449099999,0.5,T,H,Lose,6,6,,11,8558.9104491,855.89104491,0.4,T,T,Win,5,7,,11,10460.8905489,1046.0890548900002,0.6,H,T,Lose,7,5,,11,8558.9104491,855.89104491,0.8,H,H,Win,9,3,,11,12785.532893100002,1278.5532893100003,0.3,T,H,Lose,4,8,,11,10460.890548899997,1046.0890548899997,0.3,T,T,Win,4,8,,11,12785.5328931,1278.55328931,0.7,H,H,Win,8,4,,11,12785.5328931,1278.55328931,0.7,H,T,Lose,8,4,,11,12785.532893099999,1278.5532893099999,0.6,H,T,Lose,7,5,,11,10460.890548899999,1046.08905489,0.4,T,H,Lose,5,7,,11,10460.890548899999,1046.08905489,0.4,T,H,Lose,5,7,,11,12785.532893099997,1278.5532893099999,0.4,T,H,Lose,5,7,,11,12785.5328931,1278.55328931,0.2,T,T,Win,3,9,,11,15626.762424900002,1562.6762424900003,0.2,T,T,Win,3,9,,11,5729.518565099999,572.95185651,0.4,T,T,Win,5,7,,11,12785.532893099999,1278.5532893099999,0.5,T,H,Lose,6,6,,11,15626.762424900002,1562.6762424900003,0.8,H,H,Win,9,3,,11,12785.532893100002,1278.5532893100003,0.3,T,T,Win,4,8,,11,10460.890548899999,1046.08905489,0.4,T,H,Lose,5,7,,11,7002.744912899999,700.2744912899999,0.6,T,H,Lose,7,5,,11,10460.890548899999,1046.08905489,0.3,T,T,Win,4,8,,11,15626.7624249,1562.67624249,0.4,T,H,Lose,5,7,,11,12785.5328931,1278.55328931,0.3,T,H,Lose,4,8,,11,7002.744912900001,700.2744912900001,0.5,H,T,Lose,6,6,,11,12785.5328931,1278.55328931,0.3,T,H,Lose,4,8,,11,8558.9104491,855.89104491,0.5,T,H,Lose,6,6,,11,5729.5185651,572.9518565100001,0.6,H,H,Win,7,5,,11,10460.890548899999,1046.08905489,0.4,T,H,Lose,5,7,,11,15626.762424900002,1562.6762424900003,0.8,H,T,Lose,9,3,,11,12785.532893099999,1278.5532893099999,0.4,T,T,Win,5,7,,11,10460.890548899999,1046.08905489,0.4,T,H,Lose,5,7,,11,8558.9104491,855.89104491,0.7,H,H,Win,8,4,,11,5729.518565099998,572.9518565099999,0.5,T,T,Win,6,6,,11,8558.9104491,855.89104491,0.6,H,H,Win,7,5,,11,7002.7449129,700.27449129,0.6,H,T,Lose,7,5,,11,15626.7624249,1562.67624249,0.8,H,H,Win,9,3,,11,10460.8905489,1046.0890548900002,0.6,H,T,Lose,7,5,,11,8558.9104491,855.89104491,0.5,H,T,Lose,6,6,,11,7002.7449129,700.27449129,0.6,H,H,Win,7,5,,11,7002.744912899999,700.2744912899999,0.6,T,H,Lose,7,5,,11,8558.9104491,855.89104491,0.4,T,T,Win,5,7,,11,12785.532893100002,1278.5532893100003,0.2,T,T,Win,3,9,,11,7002.7449129,700.27449129,0.7,H,H,Win,8,4,,11,4687.7879169,468.77879169,0.6,H,H,Win,7,5,,11,10460.890548899999,1046.08905489,0.4,T,H,Lose,5,7,,11,12785.5328931,1278.55328931,0.3,T,H,Lose,4,8,,11,8558.9104491,855.89104491,0.6,T,H,Lose,7,5,,11,19099.376297100003,1909.9376297100005,0.8,H,T,Lose,9,3,,11,15626.7624249,1562.67624249,0.7,H,T,Lose,8,4,,11,19099.376297100003,1909.9376297100005,0.3,T,H,Lose,4,8,,11,10460.890548899999,1046.08905489,0.5,H,T,Lose,6,6,,11,8558.910449100002,855.8910449100002,0.6,T,H,Lose,7,5,,11,8558.9104491,855.89104491,0.6,T,H,Lose,7,5,,11,10460.8905489,1046.0890548900002,0.5,T,T,Win,6,6,,11,12785.5328931,1278.55328931,0.8,H,H,Win,9,3,,11,7002.7449129,700.27449129,0.7,H,H,Win,8,4,,11,12785.5328931,1278.55328931,0.4,T,H,Lose,5,7,,11,10460.890548899999,1046.08905489,0.4,T,H,Lose,5,7,,11,8558.9104491,855.89104491,0.4,T,T,Win,5,7,,11,8558.9104491,855.89104491,0.7,H,T,Lose,8,4,,11,7002.744912900001,700.2744912900001,0.6,H,T,Lose,7,5,,11,8558.9104491,855.89104491,0.6,H,H,Win,7,5,,11,12785.5328931,1278.55328931,0.3,T,H,Lose,4,8,,11,7002.744912900001,700.2744912900001,0.4,T,T,Win,5,7,,11,8558.9104491,855.89104491,0.6,H,T,Lose,7,5,,11,10460.8905489,1046.0890548900002,0.8,H,H,Win,9,3,,11,7002.744912899999,700.2744912899999,0.5,T,T,Win,6,6,,11,12785.532893099997,1278.5532893099999,0.3,T,H,Lose,4,8,,11,10460.8905489,1046.0890548900002,0.4,T,T,Win,5,7,,11,10460.890548899999,1046.08905489,0.6,H,T,Lose,7,5,,11,15626.762424900002,1562.6762424900003,0.2,T,T,Win,3,9,,11,7002.7449129,700.27449129,0.6,H,T,Lose,7,5,,11,7002.7449129,700.27449129,0.4,T,T,Win,5,7,,11,5729.5185651,572.9518565100001,0.6,H,T,Lose,7,5,,11,10460.890548899999,1046.08905489,0.7,H,H,Win,8,4,,11,15626.762424900002,1562.6762424900003,0.4,T,H,Lose,5,7,,11,8558.910449100002,855.8910449100002,0.4,T,T,Win,5,7,,11,5729.518565099999,572.95185651,0.6,T,H,Lose,7,5,,11,7002.744912899999,700.2744912899999,0.6,T,H,Lose,7,5,,11,15626.762424899998,1562.6762424899998,0.8,H,H,Win,9,3,,11,10460.890548899999,1046.08905489,0.7,H,H,Win,8,4,,11,10460.890548899999,1046.08905489,0.3,T,T,Win,4,8,,11,15626.762424899998,1562.6762424899998,0.3,T,T,Win,4,8,,11,8558.910449099998,855.8910449099999,0.5,T,H,Lose,6,6,,11,8558.9104491,855.89104491,0.5,T,H,Lose,6,6,,11,7002.744912900001,700.2744912900001,0.7,H,H,Win,8,4,,11,7002.744912899999,700.2744912899999,0.6,H,H,Win,7,5,,11,10460.890548899999,1046.08905489,0.4,T,H,Lose,5,7,,11,19099.3762971,1909.93762971,0.2,T,T,Win,3,9,,11,12785.532893099997,1278.5532893099999,0.3,T,H,Lose,4,8,,11,5729.5185651,572.9518565100001,0.6,H,T,Lose,7,5,,11,7002.7449129,700.27449129,0.5,H,T,Lose,6,6,,11,10460.890548899999,1046.08905489,0.4,T,T,Win,5,7,,11,15626.762424899998,1562.6762424899998,0.8,H,H,Win,9,3,,11,7002.7449129,700.27449129,0.5,T,H,Lose,6,6,,11,4687.787916899999,468.77879168999993,0.7,H,H,Win,8,4,,11,8558.910449100002,855.8910449100002,0.4,T,H,Lose,5,7,,11,8558.910449100002,855.8910449100002,0.4,T,H,Lose,5,7,,11,5729.518565100001,572.9518565100001,0.7,H,H,Win,8,4,,11,7002.744912899999,700.2744912899999,0.6,T,H,Lose,7,5,,11,12785.5328931,1278.55328931,0.8,H,H,Win,9,3,,11,7002.744912900001,700.2744912900001,0.5,H,T,Lose,6,6,,11,7002.744912900001,700.2744912900001,0.4,T,T,Win,5,7,,11,8558.9104491,855.89104491,0.7,H,H,Win,8,4,,11,7002.744912899999,700.2744912899999,0.5,H,T,Lose,6,6,,11,12785.532893100002,1278.5532893100003,0.5,T,H,Lose,6,6,,11,8558.910449099998,855.8910449099999,0.6,H,H,Win,7,5,,11,15626.762424900002,1562.6762424900003,0.3,T,T,Win,4,8,,11,10460.890548899999,1046.08905489,0.5,T,T,Win,6,6,,11,19099.376297100003,1909.9376297100005,0.8,H,T,Lose,9,3,,11,7002.744912899999,700.2744912899999,0.6,H,T,Lose,7,5,,11,8558.9104491,855.89104491,0.6,H,T,Lose,7,5,,11,12785.5328931,1278.55328931,0.3,T,H,Lose,4,8,,11,8558.9104491,855.89104491,0.5,T,H,Lose,6,6,,11,10460.890548899999,1046.08905489,0.7,H,T,Lose,8,4,,11,8558.910449100002,855.8910449100002,0.5,H,T,Lose,6,6,,11,8558.910449100002,855.8910449100002,0.4,T,T,Win,5,7,,11,12785.532893100002,1278.5532893100003,0.3,T,H,Lose,4,8,,11,8558.9104491,855.89104491,0.3,T,T,Win,4,8,
12,14064.08618241,1406.408618241,0.7,H,H,Win,9,4,,12,21009.313926809995,2100.9313926809996,0.2,T,H,Lose,3,10,,12,6302.47042161,630.2470421610001,0.5,H,T,Lose,6,7,,12,7703.01940419,770.3019404190001,0.5,T,T,Win,6,7,,12,9414.801494009998,941.4801494009998,0.4,T,T,Win,5,8,,12,11506.979603789998,1150.6979603789998,0.5,T,T,Win,7,6,,12,9414.80149401,941.4801494010001,0.5,H,T,Lose,7,6,,12,7703.019404190001,770.3019404190002,0.5,T,H,Lose,7,6,,12,11506.97960379,1150.697960379,0.3,T,T,Win,4,9,,12,7703.019404189998,770.3019404189998,0.6,H,T,Lose,8,5,,12,11506.97960379,1150.697960379,0.6,H,T,Lose,8,5,,12,14064.086182410001,1406.408618241,0.3,T,H,Lose,4,9,,12,7703.0194041899995,770.301940419,0.5,T,T,Win,7,6,,12,17189.438667390004,1718.9438667390004,0.3,T,T,Win,4,9,,12,5156.566708589999,515.6566708589999,0.4,T,T,Win,5,8,,12,7703.019404189999,770.301940419,0.6,H,H,Win,8,5,,12,11506.979603789998,1150.6979603789998,0.4,T,H,Lose,5,8,,12,9414.80149401,941.4801494010001,0.7,H,H,Win,9,4,,12,9414.80149401,941.4801494010001,0.6,T,H,Lose,8,5,,12,9414.80149401,941.4801494010001,0.4,T,T,Win,5,8,,12,5156.5667085899995,515.656670859,0.5,H,T,Lose,7,6,,12,7703.0194041899995,770.301940419,0.5,T,T,Win,6,7,,12,11506.97960379,1150.697960379,0.5,T,H,Lose,6,7,,12,14064.086182410003,1406.4086182410003,0.8,H,H,Win,10,3,,12,14064.086182410003,1406.4086182410003,0.8,H,H,Win,11,2,,12,11506.97960379,1150.697960379,0.4,T,H,Lose,5,8,,12,11506.97960379,1150.697960379,0.5,H,H,Win,7,6,,12,17189.43866739,1718.9438667390002,0.2,T,T,Win,2,11,,12,7703.0194041899995,770.301940419,0.4,T,T,Win,5,8,,12,6302.470421610001,630.2470421610001,0.6,H,H,Win,8,5,,12,11506.979603789998,1150.6979603789998,0.7,H,T,Lose,9,4,,12,7703.0194041899995,770.301940419,0.6,H,H,Win,8,5,,12,7703.0194041899995,770.301940419,0.5,T,T,Win,6,7,,12,9414.801494009998,941.4801494009998,0.5,T,T,Win,6,7,,12,6302.470421609999,630.247042161,0.6,H,H,Win,8,5,,12,11506.979603790001,1150.6979603790003,0.5,T,H,Lose,6,7,,12,9414.80149401,941.4801494010001,0.4,T,T,Win,5,8,,12,11506.97960379,1150.697960379,0.4,T,H,Lose,5,8,,12,14064.086182410003,1406.4086182410003,0.6,H,T,Lose,8,5,,12,9414.80149401,941.4801494010001,0.5,T,T,Win,6,7,,12,17189.43866739,1718.9438667390002,0.3,T,T,Win,4,9,,12,9414.80149401,941.4801494010001,0.5,T,T,Win,6,7,,12,9414.80149401,941.4801494010001,0.5,H,T,Lose,6,7,,12,6302.470421609999,630.247042161,0.5,T,T,Win,6,7,,12,7703.019404189999,770.301940419,0.5,T,H,Lose,6,7,,12,6302.470421610001,630.2470421610001,0.6,H,H,Win,8,5,,12,11506.979603790001,1150.6979603790003,0.7,H,H,Win,9,4,,12,5156.5667085899995,515.656670859,0.5,T,H,Lose,6,7,,12,11506.97960379,1150.697960379,0.5,T,H,Lose,6,7,,12,14064.086182410003,1406.4086182410003,0.3,T,H,Lose,4,9,,12,7703.0194041899995,770.301940419,0.5,T,H,Lose,6,7,,12,11506.979603790001,1150.6979603790003,0.3,T,T,Win,4,9,,12,9414.801494010002,941.4801494010003,0.5,T,H,Lose,6,7,,12,14064.08618241,1406.408618241,0.5,T,H,Lose,6,7,,12,9414.801494009998,941.4801494009998,0.5,T,H,Lose,6,7,,12,11506.979603790001,1150.6979603790003,0.3,T,T,Win,4,9,,12,14064.08618241,1406.408618241,0.4,T,H,Lose,5,8,,12,11506.979603790001,1150.6979603790003,0.3,T,T,Win,4,9,,12,7703.0194041899995,770.301940419,0.6,T,H,Lose,8,5,,12,11506.97960379,1150.697960379,0.8,H,H,Win,10,3,,12,6302.470421609999,630.247042161,0.6,H,H,Win,8,5,,12,9414.80149401,941.4801494010001,0.6,T,H,Lose,8,5,,12,11506.97960379,1150.697960379,0.6,H,T,Lose,8,5,,12,17189.43866739,1718.9438667390002,0.2,T,T,Win,2,11,,12,9414.801494009998,941.4801494009998,0.5,T,T,Win,7,6,,12,7703.019404189999,770.301940419,0.7,H,H,Win,9,4,,12,6302.470421610001,630.2470421610001,0.5,H,T,Lose,6,7,,12,6302.47042161,630.2470421610001,0.5,T,H,Lose,6,7,,12,11506.97960379,1150.697960379,0.8,H,H,Win,10,3,,12,5156.5667085899995,515.656670859,0.5,H,T,Lose,7,6,,12,9414.801494009997,941.4801494009997,0.6,T,H,Lose,8,5,,12,9414.801494009998,941.4801494009998,0.5,H,T,Lose,6,7,,12,6302.47042161,630.2470421610001,0.5,H,T,Lose,7,6,,12,14064.086182409996,1406.4086182409997,0.3,T,H,Lose,4,9,,12,7703.019404190001,770.3019404190002,0.5,H,H,Win,7,6,,12,5156.5667085899995,515.656670859,0.5,H,H,Win,7,6,,12,7703.019404190001,770.3019404190002,0.5,T,H,Lose,6,7,,12,11506.979603790001,1150.6979603790003,0.3,T,T,Win,4,9,,12,14064.086182410003,1406.4086182410003,0.6,H,T,Lose,8,5,,12,11506.979603790001,1150.6979603790003,0.7,H,H,Win,9,4,,12,7703.019404190001,770.3019404190002,0.4,T,T,Win,5,8,,12,7703.01940419,770.3019404190001,0.5,T,T,Win,7,6,,12,14064.086182410003,1406.4086182410003,0.3,T,H,Lose,4,9,,12,7703.019404190001,770.3019404190002,0.6,H,H,Win,8,5,,12,7703.0194041899995,770.301940419,0.5,T,T,Win,6,7,,12,6302.47042161,630.2470421610001,0.5,H,T,Lose,6,7,,12,9414.801494009998,941.4801494009998,0.6,H,H,Win,8,5,,12,7703.019404190001,770.3019404190002,0.6,H,H,Win,8,5,,12,11506.979603789998,1150.6979603789998,0.7,H,T,Lose,9,4,,12,17189.438667389997,1718.9438667389998,0.2,T,H,Lose,3,10,,12,9414.801494010002,941.4801494010003,0.5,T,H,Lose,6,7,,12,6302.470421610001,630.2470421610001,0.5,T,T,Win,6,7,,12,11506.97960379,1150.697960379,0.4,T,H,Lose,5,8,,12,9414.801494010002,941.4801494010003,0.4,T,T,Win,5,8,,12,7703.0194041899995,770.301940419,0.4,T,T,Win,5,8,,12,17189.438667389997,1718.9438667389998,0.2,T,T,Win,2,11,,12,11506.979603790001,1150.6979603790003,0.6,H,H,Win,8,5,,12,5156.5667085899995,515.656670859,0.7,H,H,Win,9,4,,12,7703.0194041899995,770.301940419,0.5,H,T,Lose,7,6,,12,9414.801494009998,941.4801494009998,0.4,T,T,Win,5,8,,12,5156.56670859,515.6566708590001,0.6,H,H,Win,8,5,,12,14064.08618241,1406.408618241,0.7,H,H,Win,9,4,,12,7703.0194041899995,770.301940419,0.5,H,H,Win,7,6,,12,7703.0194041899995,770.301940419,0.5,H,H,Win,7,6,,12,17189.43866739,1718.9438667390002,0.8,H,H,Win,10,3,,12,9414.801494009997,941.4801494009997,0.5,H,T,Lose,7,6,,12,9414.801494009998,941.4801494009998,0.6,T,H,Lose,8,5,,12,9414.801494009998,941.4801494009998,0.5,T,T,Win,6,7,,12,7703.01940419,770.3019404190001,0.7,H,H,Win,9,4,,12,11506.979603789998,1150.6979603789998,0.5,H,H,Win,7,6,,12,14064.086182410001,1406.408618241,0.3,T,H,Lose,4,9,,12,7703.0194041899995,770.301940419,0.6,H,T,Lose,8,5,,12,6302.470421609999,630.247042161,0.6,H,T,Lose,8,5,,12,5156.5667085899995,515.656670859,0.5,H,T,Lose,7,6,,12,14064.086182410001,1406.408618241,0.4,T,H,Lose,5,8,,12,7703.019404190001,770.3019404190002,0.5,T,T,Win,6,7,,12,7703.0194041899995,770.301940419,0.4,T,T,Win,5,8,,12,7703.019404190001,770.3019404190002,0.6,H,T,Lose,8,5,,12,9414.801494009998,941.4801494009998,0.7,H,T,Lose,9,4,,12,7703.0194041899995,770.301940419,0.5,H,T,Lose,7,6,,12,7703.01940419,770.3019404190001,0.7,H,H,Win,9,4,,12,14064.086182410001,1406.408618241,0.2,T,T,Win,3,10,,12,7703.0194041899995,770.301940419,0.5,H,T,Lose,6,7,,12,9414.801494009998,941.4801494009998,0.4,T,T,Win,5,8,,12,17189.43866739,1718.9438667390002,0.2,T,H,Lose,3,10,,12,7703.019404189998,770.3019404189998,0.5,H,H,Win,7,6,,12,5156.5667085899995,515.656670859,0.5,T,T,Win,6,7,,12,7703.0194041899995,770.301940419,0.5,T,T,Win,7,6,,12,7703.0194041899995,770.301940419,0.5,H,T,Lose,6,7,,12,9414.801494009998,941.4801494009998,0.7,H,T,Lose,9,4,,12,9414.801494010002,941.4801494010003,0.7,H,T,Lose,9,4,,12,11506.97960379,1150.697960379,0.4,T,H,Lose,5,8,,12,9414.80149401,941.4801494010001,0.6,T,H,Lose,8,5,,12,14064.086182410001,1406.408618241,0.5,T,H,Lose,6,7,,12,11506.979603789998,1150.6979603789998,0.8,H,H,Win,10,3,,12,7703.019404189999,770.301940419,0.5,T,T,Win,7,6,,12,9414.80149401,941.4801494010001,0.5,H,T,Lose,7,6,,12,4219.009125210001,421.9009125210001,0.5,H,T,Lose,6,7,,12,9414.80149401,941.4801494010001,0.5,H,T,Lose,6,7,,12,11506.979603789998,1150.6979603789998,0.5,T,H,Lose,7,6,,12,14064.086182410001,1406.408618241,0.4,T,H,Lose,5,8,,12,9414.801494009998,941.4801494009998,0.5,H,T,Lose,7,6,,12,5156.566708590001,515.6566708590002,0.5,T,H,Lose,7,6,,12,9414.801494009998,941.4801494009998,0.5,T,H,Lose,6,7,,12,9414.801494010002,941.4801494010003,0.7,H,H,Win,9,4,,12,9414.801494009998,941.4801494009998,0.4,T,T,Win,5,8,,12,11506.979603790001,1150.6979603790003,0.7,H,T,Lose,9,4,,12,9414.801494009998,941.4801494009998,0.5,T,H,Lose,6,7,,12,5156.5667085899995,515.656670859,0.7,H,H,Win,9,4,,12,7703.0194041899995,770.301940419,0.5,H,T,Lose,6,7,,12,11506.979603790001,1150.6979603790003,0.6,H,H,Win,8,5,,12,7703.01940419,770.3019404190001,0.5,H,H,Win,7,6,,12,14064.086182410003,1406.4086182410003,0.7,H,T,Lose,9,4,,12,9414.801494009998,941.4801494009998,0.6,H,H,Win,8,5,,12,11506.97960379,1150.697960379,0.3,T,T,Win,4,9,,12,5156.56670859,515.6566708590001,0.5,H,T,Lose,6,7,,12,7703.01940419,770.3019404190001,0.6,H,T,Lose,8,5,,12,6302.47042161,630.2470421610001,0.5,H,H,Win,7,6,,12,7703.0194041899995,770.301940419,0.6,T,H,Lose,8,5,,12,14064.08618241,1406.408618241,0.8,H,H,Win,10,3,,12,14064.086182410003,1406.4086182410003,0.3,T,T,Win,4,9,,12,6302.47042161,630.2470421610001,0.5,H,H,Win,7,6,,12,11506.97960379,1150.697960379,0.4,T,T,Win,5,8,,12,5156.5667085899995,515.656670859,0.5,T,T,Win,7,6,,12,6302.470421610001,630.2470421610001,0.5,T,T,Win,6,7,,12,9414.80149401,941.4801494010001,0.6,H,T,Lose,8,5,,12,11506.97960379,1150.697960379,0.7,H,H,Win,9,4,,12,6302.470421609999,630.247042161,0.5,H,H,Win,7,6,,12,9414.801494010002,941.4801494010003,0.6,H,T,Lose,8,5,,12,11506.979603789998,1150.6979603789998,0.5,T,H,Lose,7,6,,12,9414.80149401,941.4801494010001,0.4,T,T,Win,5,8,,12,11506.97960379,1150.697960379,0.6,H,T,Lose,8,5,,12,9414.801494009997,941.4801494009997,0.6,H,H,Win,8,5,,12,9414.80149401,941.4801494010001,0.5,T,H,Lose,6,7,,12,9414.801494009998,941.4801494009998,0.5,H,T,Lose,7,6,,12,9414.801494009998,941.4801494009998,0.4,T,T,Win,5,8,,12,9414.801494010002,941.4801494010003,0.4,T,T,Win,5,8,,12,6302.470421609999,630.247042161,0.5,T,T,Win,7,6,,12,7703.019404189999,770.301940419,0.5,H,H,Win,7,6,,12,7703.019404190001,770.3019404190002,0.5,T,H,Lose,7,6,,12,7703.019404189998,770.3019404189998,0.6,T,H,Lose,8,5,,12,14064.086182409996,1406.4086182409997,0.7,H,T,Lose,9,4,,12,7703.01940419,770.3019404190001,0.5,T,H,Lose,6,7,,12,5156.566708590001,515.6566708590002,0.5,H,T,Lose,7,6,,12,6302.470421610001,630.2470421610001,0.5,H,H,Win,7,6,,12,9414.801494009998,941.4801494009998,0.7,H,H,Win,9,4,,12,9414.801494009998,941.4801494009998,0.6,H,H,Win,8,5,,12,17189.43866739,1718.9438667390002,0.2,T,T,Win,3,10,,12,6302.470421609999,630.247042161,0.6,T,H,Lose,8,5,,12,6302.470421609999,630.247042161,0.6,H,H,Win,8,5,,12,6302.47042161,630.2470421610001,0.6,H,H,Win,8,5,,12,11506.979603790001,1150.6979603790003,0.4,T,H,Lose,5,8,,12,7703.019404189998,770.3019404189998,0.5,T,H,Lose,7,6,,12,11506.97960379,1150.697960379,0.5,T,T,Win,7,6,,12,11506.979603790001,1150.6979603790003,0.5,H,T,Lose,7,6,,12,7703.019404190001,770.3019404190002,0.5,T,T,Win,6,7,,12,9414.80149401,941.4801494010001,0.4,T,T,Win,5,8,,12,11506.979603789998,1150.6979603789998,0.7,H,T,Lose,9,4,,12,14064.086182410001,1406.408618241,0.3,T,H,Lose,4,9,,12,11506.97960379,1150.697960379,0.4,T,T,Win,5,8,,12,17189.438667390004,1718.9438667390004,0.3,T,T,Win,4,9,,12,14064.086182410001,1406.408618241,0.8,H,H,Win,10,3,,12,9414.801494009998,941.4801494009998,0.5,H,T,Lose,7,6,,12,14064.086182410001,1406.408618241,0.6,H,T,Lose,8,5,,12,5156.5667085899995,515.656670859,0.6,T,H,Lose,8,5,,12,11506.979603789998,1150.6979603789998,0.3,T,T,Win,4,9,,12,7703.019404189998,770.3019404189998,0.4,T,T,Win,5,8,,12,14064.086182409996,1406.4086182409997,0.3,T,H,Lose,4,9,,12,11506.979603790001,1150.6979603790003,0.3,T,T,Win,4,9,,12,9414.80149401,941.4801494010001,0.7,H,T,Lose,9,4,,12,9414.80149401,941.4801494010001,0.8,H,H,Win,10,3,,12,7703.0194041899995,770.301940419,0.7,H,H,Win,9,4,,12,14064.086182410001,1406.408618241,0.2,T,T,Win,3,10,,12,14064.08618241,1406.408618241,0.3,T,H,Lose,4,9,,12,4219.00912521,421.900912521,0.5,H,H,Win,7,6,,12,11506.97960379,1150.697960379,0.6,H,T,Lose,8,5,,12,7703.0194041899995,770.301940419,0.5,H,T,Lose,6,7,,12,17189.438667389997,1718.9438667389998,0.3,T,T,Win,4,9,,12,17189.43866739,1718.9438667390002,0.8,H,H,Win,10,3,,12,9414.801494009998,941.4801494009998,0.7,H,H,Win,9,4,,12,9414.801494009998,941.4801494009998,0.4,T,T,Win,5,8,,12,6302.47042161,630.2470421610001,0.6,T,H,Lose,8,5,,12,4219.009125209999,421.90091252099995,0.5,H,T,Lose,6,7,,12,9414.801494009998,941.4801494009998,0.5,H,T,Lose,6,7,,12,6302.47042161,630.2470421610001,0.6,H,H,Win,8,5,,12,11506.97960379,1150.697960379,0.3,T,T,Win,4,9,,12,7703.01940419,770.3019404190001,0.5,H,H,Win,7,6,,12,9414.80149401,941.4801494010001,0.6,H,T,Lose,8,5,,12,7703.019404189998,770.3019404189998,0.6,H,H,Win,8,5,,12,11506.979603789998,1150.6979603789998,0.5,T,T,Win,6,7,,12,21009.313926810002,2100.9313926810005,0.8,H,H,Win,11,2,,12,7703.0194041899995,770.301940419,0.6,H,T,Lose,8,5,,12,9414.80149401,941.4801494010001,0.8,H,H,Win,10,3,,12,9414.801494010002,941.4801494010003,0.4,T,H,Lose,5,8,,12,5156.5667085899995,515.656670859,0.6,T,H,Lose,8,5,,12,11506.97960379,1150.697960379,0.7,H,H,Win,9,4,,12,6302.470421609999,630.247042161,0.6,H,H,Win,8,5,,12,14064.086182410001,1406.408618241,0.2,T,T,Win,3,10,,12,11506.97960379,1150.697960379,0.7,H,H,Win,9,4,,12,7703.019404190001,770.3019404190002,0.6,H,H,Win,8,5,,12,9414.801494009998,941.4801494009998,0.7,H,H,Win,9,4,,12,7703.019404189999,770.301940419,0.5,T,H,Lose,7,6,,12,7703.0194041899995,770.301940419,0.7,H,H,Win,9,4,,12,14064.086182410001,1406.408618241,0.5,H,T,Lose,6,7,,12,9414.80149401,941.4801494010001,0.6,H,T,Lose,8,5,,12,7703.01940419,770.3019404190001,0.6,H,T,Lose,8,5,,12,7703.0194041899995,770.301940419,0.7,H,H,Win,9,4,,12,11506.979603790001,1150.6979603790003,0.6,T,H,Lose,8,5,,12,9414.801494009998,941.4801494009998,0.5,T,H,Lose,7,6,,12,11506.979603790001,1150.6979603790003,0.5,H,H,Win,7,6,,12,17189.43866739,1718.9438667390002,0.4,T,H,Lose,5,8,,12,14064.08618241,1406.408618241,0.7,H,H,Win,9,4,,12,6302.470421610001,630.2470421610001,0.5,H,T,Lose,6,7,,12,6302.47042161,630.2470421610001,0.5,H,H,Win,7,6,,12,6302.470421609999,630.247042161,0.6,H,T,Lose,8,5,,12,9414.80149401,941.4801494010001,0.7,H,H,Win,9,4,,12,6302.470421609999,630.247042161,0.5,H,T,Lose,6,7,,12,7703.0194041899995,770.301940419,0.5,T,H,Lose,7,6,,12,7703.0194041899995,770.301940419,0.5,H,H,Win,7,6,,12,9414.80149401,941.4801494010001,0.4,T,T,Win,5,8,,12,7703.019404189998,770.3019404189998,0.5,H,T,Lose,6,7,,12,11506.979603790001,1150.6979603790003,0.3,T,T,Win,4,9,,12,9414.80149401,941.4801494010001,0.5,H,T,Lose,7,6,,12,11506.97960379,1150.697960379,0.3,T,T,Win,4,9,,12,6302.47042161,630.2470421610001,0.5,T,T,Win,6,7,,12,6302.47042161,630.2470421610001,0.5,H,H,Win,7,6,,12,9414.80149401,941.4801494010001,0.6,H,T,Lose,8,5,,12,9414.801494009998,941.4801494009998,0.5,T,H,Lose,6,7,,12,6302.47042161,630.2470421610001,0.5,T,T,Win,6,7,,12,17189.43866739,1718.9438667390002,0.2,T,H,Lose,3,10,,12,11506.979603790001,1150.6979603790003,0.6,H,T,Lose,8,5,,12,9414.801494009998,941.4801494009998,0.4,T,T,Win,5,8,,12,11506.979603790001,1150.6979603790003,0.5,T,T,Win,7,6,,12,14064.08618241,1406.408618241,0.6,H,T,Lose,8,5,,12,7703.01940419,770.3019404190001,0.5,T,H,Lose,6,7,,12,7703.01940419,770.3019404190001,0.3,T,T,Win,4,9,,12,7703.01940419,770.3019404190001,0.3,T,T,Win,4,9,,12,11506.97960379,1150.697960379,0.3,T,T,Win,4,9,,12,7703.019404189998,770.3019404189998,0.6,H,H,Win,8,5,,12,14064.08618241,1406.408618241,0.7,H,H,Win,9,4,,12,7703.0194041899995,770.301940419,0.5,H,T,Lose,6,7,,12,9414.801494010002,941.4801494010003,0.7,H,H,Win,9,4,,12,7703.0194041899995,770.301940419,0.5,T,T,Win,6,7,,12,6302.47042161,630.2470421610001,0.7,H,H,Win,9,4,,12,9414.801494009998,941.4801494009998,0.5,T,H,Lose,6,7,,12,14064.086182410001,1406.408618241,0.3,T,H,Lose,4,9,,12,11506.97960379,1150.697960379,0.3,T,T,Win,4,9,,12,6302.47042161,630.2470421610001,0.5,H,H,Win,7,6,,12,5156.56670859,515.6566708590001,0.5,T,T,Win,6,7,,12,11506.97960379,1150.697960379,0.5,H,H,Win,7,6,,12,7703.019404189998,770.3019404189998,0.5,H,T,Lose,7,6,,12,11506.97960379,1150.697960379,0.5,H,T,Lose,6,7,,12,9414.80149401,941.4801494010001,0.3,T,T,Win,4,9,,12,6302.470421610001,630.2470421610001,0.6,H,T,Lose,8,5,,12,9414.801494009998,941.4801494009998,0.5,T,T,Win,7,6,,12,11506.979603789998,1150.6979603789998,0.6,T,H,Lose,8,5,,12,4219.00912521,421.900912521,0.5,T,T,Win,7,6,,12,7703.019404189999,770.301940419,0.7,H,H,Win,9,4,,12,9414.80149401,941.4801494010001,0.4,T,T,Win,5,8,,12,7703.0194041899995,770.301940419,0.5,T,T,Win,6,7,,12,14064.086182410001,1406.408618241,0.2,T,T,Win,3,10,,12,7703.01940419,770.3019404190001,0.4,T,T,Win,5,8,,12,14064.086182410001,1406.408618241,0.2,T,T,Win,3,10,,12,14064.086182410003,1406.4086182410003,0.2,T,T,Win,3,10,,12,7703.019404189998,770.3019404189998,0.5,T,T,Win,6,7,,12,11506.979603790001,1150.6979603790003,0.7,H,H,Win,9,4,,12,11506.97960379,1150.697960379,0.3,T,T,Win,4,9,,12,11506.97960379,1150.697960379,0.5,T,H,Lose,6,7,,12,6302.47042161,630.2470421610001,0.5,H,T,Lose,6,7,,12,6302.47042161,630.2470421610001,0.5,T,T,Win,7,6,,12,17189.43866739,1718.9438667390002,0.2,T,H,Lose,3,10,,12,7703.0194041899995,770.301940419,0.6,H,T,Lose,8,5,,12,11506.97960379,1150.697960379,0.6,H,H,Win,8,5,,12,7703.0194041899995,770.301940419,0.5,H,T,Lose,7,6,,12,11506.979603790001,1150.6979603790003,0.4,T,H,Lose,5,8,,12,6302.470421609999,630.247042161,0.6,T,H,Lose,8,5,,12,9414.801494009998,941.4801494009998,0.5,T,T,Win,7,6,,12,21009.313926810002,2100.9313926810005,0.8,H,H,Win,11,2,,12,9414.801494009998,941.4801494009998,0.5,H,T,Lose,7,6,,12,9414.80149401,941.4801494010001,0.5,T,H,Lose,6,7,,12,14064.086182410003,1406.4086182410003,0.2,T,T,Win,3,10,,12,9414.801494009998,941.4801494009998,0.5,T,H,Lose,6,7,,12,11506.97960379,1150.697960379,0.8,H,H,Win,10,3,,12,6302.470421609999,630.247042161,0.5,H,T,Lose,7,6,,12,9414.80149401,941.4801494010001,0.4,T,T,Win,5,8,,12,14064.086182409996,1406.4086182409997,0.7,H,T,Lose,9,4,,12,11506.97960379,1150.697960379,0.3,T,T,Win,4,9,,12,9414.80149401,941.4801494010001,0.7,H,H,Win,9,4,,12,6302.47042161,630.2470421610001,0.5,T,H,Lose,7,6,,12,6302.470421610001,630.2470421610001,0.6,H,H,Win,8,5,,12,14064.086182410001,1406.408618241,0.5,T,T,Win,6,7,,12,6302.470421610001,630.2470421610001,0.6,H,T,Lose,8,5,,12,11506.97960379,1150.697960379,0.4,T,T,Win,5,8,,12,7703.0194041899995,770.301940419,0.7,H,H,Win,9,4,,12,11506.979603789998,1150.6979603789998,0.3,T,T,Win,4,9,,12,11506.97960379,1150.697960379,0.4,T,T,Win,5,8,,12,11506.97960379,1150.697960379,0.3,T,T,Win,4,9,,12,7703.019404189998,770.3019404189998,0.6,T,H,Lose,8,5,,12,11506.97960379,1150.697960379,0.4,T,H,Lose,5,8,,12,4219.00912521,421.900912521,0.5,H,T,Lose,7,6,,12,14064.086182410003,1406.4086182410003,0.2,T,T,Win,3,10,,12,5156.566708589999,515.6566708589999,0.5,T,T,Win,7,6,,12,9414.80149401,941.4801494010001,0.4,T,T,Win,5,8,,12,11506.97960379,1150.697960379,0.3,T,T,Win,4,9,,12,9414.80149401,941.4801494010001,0.5,H,T,Lose,6,7,,12,7703.0194041899995,770.301940419,0.5,T,H,Lose,7,6,,12,7703.019404189998,770.3019404189998,0.5,T,T,Win,7,6,,12,6302.47042161,630.2470421610001,0.6,T,H,Lose,8,5,,12,21009.313926810002,2100.9313926810005,0.8,H,H,Win,11,2,,12,7703.01940419,770.3019404190001,0.4,T,T,Win,5,8,,12,9414.801494010002,941.4801494010003,0.4,T,H,Lose,5,8,,12,7703.019404189999,770.301940419,0.5,H,T,Lose,7,6,,12,14064.086182409996,1406.4086182409997,0.2,T,T,Win,3,10,,12,14064.086182410001,1406.408618241,0.2,T,T,Win,3,10,,12,7703.0194041899995,770.301940419,0.5,H,H,Win,7,6,,12,9414.801494009998,941.4801494009998,0.5,T,H,Lose,7,6,,12,7703.0194041899995,770.301940419,0.5,T,H,Lose,7,6,,12,14064.08618241,1406.408618241,0.6,H,T,Lose,8,5,,12,5156.56670859,515.6566708590001,0.5,H,T,Lose,7,6,,12,6302.470421610001,630.2470421610001,0.6,H,H,Win,8,5,,12,6302.470421610001,630.2470421610001,0.5,H,H,Win,7,6,,12,14064.086182410001,1406.408618241,0.2,T,T,Win,3,10,,12,9414.801494009998,941.4801494009998,0.6,H,T,Lose,8,5,,12,7703.0194041899995,770.301940419,0.6,H,H,Win,8,5,,12,14064.086182410001,1406.408618241,0.8,H,H,Win,10,3,,12,14064.086182409996,1406.4086182409997,0.3,T,H,Lose,4,9,,12,5156.5667085899995,515.656670859,0.6,T,H,Lose,8,5,,12,14064.086182410001,1406.408618241,0.3,T,H,Lose,4,9,,12,11506.979603789998,1150.6979603789998,0.5,H,H,Win,7,6,,12,9414.801494009998,941.4801494009998,0.6,T,H,Lose,8,5,,12,7703.019404189999,770.301940419,0.7,H,H,Win,9,4,,12,7703.01940419,770.3019404190001,0.5,H,T,Lose,6,7,,12,9414.801494009998,941.4801494009998,0.5,T,T,Win,7,6,,12,9414.801494009998,941.4801494009998,0.4,T,T,Win,5,8,,12,6302.47042161,630.2470421610001,0.6,H,T,Lose,8,5,,12,14064.08618241,1406.408618241,0.7,H,T,Lose,9,4,,12,11506.97960379,1150.697960379,0.3,T,T,Win,4,9,,12,11506.979603790001,1150.6979603790003,0.4,T,H,Lose,5,8,,12,7703.019404190001,770.3019404190002,0.6,H,H,Win,8,5,,12,9414.80149401,941.4801494010001,0.5,T,T,Win,7,6,,12,14064.086182410001,1406.408618241,0.7,H,H,Win,9,4,,12,7703.019404189999,770.301940419,0.6,H,H,Win,8,5,,12,11506.97960379,1150.697960379,0.5,H,T,Lose,6,7,,12,11506.979603789998,1150.6979603789998,0.4,T,H,Lose,5,8,,12,11506.97960379,1150.697960379,0.6,H,T,Lose,8,5,,12,14064.086182410001,1406.408618241,0.4,T,H,Lose,5,8,,12,5156.56670859,515.6566708590001,0.6,T,H,Lose,8,5,,12,7703.0194041899995,770.301940419,0.5,T,H,Lose,6,7,,12,14064.086182410003,1406.4086182410003,0.2,T,T,Win,3,10,,12,9414.801494009998,941.4801494009998,0.6,T,H,Lose,8,5,,12,11506.979603790001,1150.6979603790003,0.3,T,T,Win,4,9,,12,7703.019404189998,770.3019404189998,0.5,H,T,Lose,7,6,,12,9414.80149401,941.4801494010001,0.5,T,H,Lose,6,7,,12,11506.979603790001,1150.6979603790003,0.7,H,H,Win,9,4,,12,21009.313926810002,2100.9313926810005,0.8,H,H,Win,11,2,,12,17189.438667390004,1718.9438667390004,0.4,T,H,Lose,5,8,,12,5156.56670859,515.6566708590001,0.6,T,H,Lose,8,5,,12,9414.80149401,941.4801494010001,0.5,T,H,Lose,6,7,,12,11506.97960379,1150.697960379,0.8,H,H,Win,10,3,,12,7703.019404190001,770.3019404190002,0.6,H,T,Lose,8,5,,12,11506.979603790001,1150.6979603790003,0.3,T,T,Win,4,9,,12,14064.086182409996,1406.4086182409997,0.2,T,T,Win,3,10,,12,7703.0194041899995,770.301940419,0.6,H,H,Win,8,5,,12,4219.009125209999,421.90091252099995,0.5,T,T,Win,7,6,,12,11506.979603790001,1150.6979603790003,0.4,T,H,Lose,5,8,,12,11506.97960379,1150.697960379,0.7,H,T,Lose,9,4,,12,7703.019404189999,770.301940419,0.5,T,H,Lose,6,7,,12,9414.80149401,941.4801494010001,0.6,H,T,Lose,8,5,,12,9414.80149401,941.4801494010001,0.4,T,T,Win,5,8,,12,5156.566708589999,515.6566708589999,0.5,H,T,Lose,6,7,,12,9414.801494009998,941.4801494009998,0.4,T,T,Win,5,8,,12,11506.97960379,1150.697960379,0.3,T,T,Win,4,9,,12,7703.0194041899995,770.301940419,0.5,H,T,Lose,7,6,,12,11506.97960379,1150.697960379,0.8,H,H,Win,10,3,,12,14064.086182410001,1406.408618241,0.7,H,T,Lose,9,4,,12,9414.801494010002,941.4801494010003,0.5,T,T,Win,7,6,,12,9414.801494009998,941.4801494009998,0.5,T,H,Lose,6,7,,12,7703.0194041899995,770.301940419,0.5,T,T,Win,6,7,,12,7703.0194041899995,770.301940419,0.5,T,H,Lose,7,6,,12,11506.97960379,1150.697960379,0.8,H,H,Win,10,3,,12,9414.80149401,941.4801494010001,0.8,H,H,Win,10,3,,12,7703.019404190001,770.3019404190002,0.5,T,H,Lose,7,6,,12,14064.086182409996,1406.4086182409997,0.2,T,T,Win,3,10,,12,7703.01940419,770.3019404190001,0.5,H,H,Win,7,6,,12,9414.80149401,941.4801494010001,0.5,T,H,Lose,6,7,,12,11506.97960379,1150.697960379,0.4,T,T,Win,5,8,,12,6302.47042161,630.2470421610001,0.5,H,T,Lose,6,7,,12,7703.019404189999,770.301940419,0.5,T,T,Win,7,6,,12,7703.0194041899995,770.301940419,0.5,H,H,Win,7,6,,12,7703.01940419,770.3019404190001,0.5,H,T,Lose,6,7,,12,11506.97960379,1150.697960379,0.4,T,T,Win,5,8,,12,7703.01940419,770.3019404190001,0.6,H,T,Lose,8,5,,12,6302.47042161,630.2470421610001,0.5,H,T,Lose,6,7,,12,9414.80149401,941.4801494010001,0.7,H,H,Win,9,4,,12,5156.5667085899995,515.656670859,0.5,T,T,Win,6,7,,12,7703.0194041899995,770.301940419,0.4,T,H,Lose,5,8,,12,7703.0194041899995,770.301940419,0.5,H,H,Win,7,6,,12,14064.086182410001,1406.408618241,0.8,H,H,Win,11,2,,12,6302.470421609999,630.247042161,0.5,H,T,Lose,7,6,,12,11506.97960379,1150.697960379,0.4,T,H,Lose,5,8,,12,17189.43866739,1718.9438667390002,0.8,H,H,Win,10,3,,12,7703.0194041899995,770.301940419,0.5,T,T,Win,6,7,,12,6302.47042161,630.2470421610001,0.7,H,H,Win,9,4,,12,6302.47042161,630.2470421610001,0.5,T,H,Lose,6,7,,12,11506.97960379,1150.697960379,0.8,H,H,Win,10,3,,12,7703.0194041899995,770.301940419,0.5,T,T,Win,7,6,,12,7703.01940419,770.3019404190001,0.5,T,T,Win,6,7,,12,7703.019404189998,770.3019404189998,0.4,T,T,Win,5,8,,12,9414.80149401,941.4801494010001,0.7,H,H,Win,9,4,,12,11506.97960379,1150.697960379,0.5,T,H,Lose,6,7,,12,11506.97960379,1150.697960379,0.3,T,T,Win,4,9,,12,7703.0194041899995,770.301940419,0.5,H,T,Lose,6,7,,12,9414.801494009998,941.4801494009998,0.5,T,H,Lose,6,7,,12,21009.313926810002,2100.9313926810005,0.8,H,H,Win,11,2,,12,9414.80149401,941.4801494010001,0.5,T,T,Win,6,7,,12,6302.470421609999,630.247042161,0.5,H,T,Lose,6,7,,12,11506.97960379,1150.697960379,0.4,T,H,Lose,5,8,,12,11506.97960379,1150.697960379,0.5,H,T,Lose,6,7,,12,5156.5667085899995,515.656670859,0.6,H,T,Lose,8,5,,12,9414.80149401,941.4801494010001,0.7,H,H,Win,9,4,,12,7703.019404190001,770.3019404190002,0.5,H,H,Win,7,6,,12,6302.470421610001,630.2470421610001,0.6,T,H,Lose,8,5,,12,11506.979603790001,1150.6979603790003,0.6,H,H,Win,8,5,,12,7703.019404189998,770.3019404189998,0.5,T,T,Win,6,7,,12,11506.97960379,1150.697960379,0.4,T,T,Win,5,8,,12,11506.97960379,1150.697960379,0.7,H,T,Lose,9,4,,12,7703.019404189998,770.3019404189998,0.5,T,H,Lose,7,6,,12,9414.801494009998,941.4801494009998,0.6,H,T,Lose,8,5,,12,9414.801494009998,941.4801494009998,0.5,T,H,Lose,7,6,,12,7703.01940419,770.3019404190001,0.6,H,T,Lose,8,5,,12,7703.019404189998,770.3019404189998,0.5,H,T,Lose,7,6,,12,9414.80149401,941.4801494010001,0.5,T,H,Lose,7,6,,12,17189.43866739,1718.9438667390002,0.3,T,H,Lose,4,9,,12,5156.56670859,515.6566708590001,0.5,H,T,Lose,7,6,,12,14064.086182410003,1406.4086182410003,0.2,T,T,Win,3,10,,12,11506.979603790001,1150.6979603790003,0.6,H,H,Win,8,5,,12,9414.80149401,941.4801494010001,0.4,T,T,Win,5,8,,12,7703.019404189999,770.301940419,0.5,T,H,Lose,6,7,,12,11506.979603790001,1150.6979603790003,0.3,T,T,Win,4,9,,12,9414.80149401,941.4801494010001,0.3,T,T,Win,4,9,,12,11506.97960379,1150.697960379,0.3,T,T,Win,4,9,,12,5156.56670859,515.6566708590001,0.6,H,H,Win,8,5,,12,7703.0194041899995,770.301940419,0.6,T,H,Lose,8,5,,12,17189.438667390004,1718.9438667390004,0.4,T,H,Lose,5,8,,12,11506.979603789998,1150.6979603789998,0.3,T,T,Win,4,9,,12,9414.801494009998,941.4801494009998,0.6,H,T,Lose,8,5,,12,11506.97960379,1150.697960379,0.5,T,T,Win,6,7,,12,14064.086182410003,1406.4086182410003,0.2,T,T,Win,3,10,,12,14064.086182410001,1406.408618241,0.3,T,H,Lose,4,9,,12,11506.97960379,1150.697960379,0.5,T,H,Lose,6,7,,12,9414.801494009998,941.4801494009998,0.5,T,H,Lose,6,7,,12,9414.80149401,941.4801494010001,0.8,H,H,Win,10,3,,12,7703.019404190001,770.3019404190002,0.4,T,T,Win,5,8,,12,11506.979603790001,1150.6979603790003,0.7,H,H,Win,9,4,,12,11506.97960379,1150.697960379,0.3,T,T,Win,4,9,,12,9414.801494010002,941.4801494010003,0.6,H,T,Lose,8,5,,12,14064.08618241,1406.408618241,0.6,H,T,Lose,8,5,,12,14064.086182410001,1406.408618241,0.7,H,T,Lose,9,4,,12,7703.0194041899995,770.301940419,0.5,T,H,Lose,6,7,,12,7703.0194041899995,770.301940419,0.6,T,H,Lose,8,5,,12,9414.80149401,941.4801494010001,0.4,T,T,Win,5,8,,12,17189.43866739,1718.9438667390002,0.8,H,H,Win,11,2,,12,9414.801494009998,941.4801494009998,0.6,H,H,Win,8,5,,12,7703.019404189999,770.301940419,0.6,T,H,Lose,8,5,,12,11506.979603790001,1150.6979603790003,0.3,T,T,Win,4,9,,12,7703.019404189998,770.3019404189998,0.5,H,T,Lose,6,7,,12,9414.80149401,941.4801494010001,0.7,H,T,Lose,9,4,,12,7703.01940419,770.3019404190001,0.7,H,T,Lose,9,4,,12,9414.801494010002,941.4801494010003,0.5,T,H,Lose,6,7,,12,14064.086182410001,1406.408618241,0.3,T,H,Lose,4,9,,12,17189.43866739,1718.9438667390002,0.8,H,H,Win,10,3,,12,14064.086182410001,1406.408618241,0.3,T,T,Win,4,9,,12,7703.0194041899995,770.301940419,0.5,T,H,Lose,7,6,,12,7703.019404190001,770.3019404190002,0.5,H,H,Win,7,6,,12,5156.5667085899995,515.656670859,0.5,T,H,Lose,7,6,,12,14064.08618241,1406.408618241,0.4,T,T,Win,5,8,,12,14064.086182410003,1406.4086182410003,0.6,H,T,Lose,8,5,,12,21009.313926810002,2100.9313926810005,0.2,T,T,Win,2,11,,12,7703.019404189999,770.301940419,0.5,H,H,Win,7,6,,12,14064.086182410001,1406.408618241,0.4,T,T,Win,5,8,,12,5156.56670859,515.6566708590001,0.5,H,T,Lose,6,7,,12,7703.019404189999,770.301940419,0.5,T,H,Lose,6,7,,12,11506.97960379,1150.697960379,0.5,H,H,Win,7,6,,12,14064.086182410001,1406.408618241,0.2,T,T,Win,3,10,,12,14064.086182410003,1406.4086182410003,0.2,T,T,Win,3,10,,12,7703.0194041899995,770.301940419,0.5,T,H,Lose,6,7,,12,17189.43866739,1718.9438667390002,0.7,H,T,Lose,9,4,,12,17189.438667390004,1718.9438667390004,0.4,T,H,Lose,5,8,,12,11506.979603789998,1150.6979603789998,0.6,T,H,Lose,8,5,,12,9414.801494009998,941.4801494009998,0.5,H,T,Lose,7,6,,12,11506.979603790001,1150.6979603790003,0.5,T,H,Lose,6,7,,12,5156.5667085899995,515.656670859,0.5,H,T,Lose,6,7,,12,9414.801494009998,941.4801494009998,0.4,T,T,Win,5,8,,12,9414.801494009998,941.4801494009998,0.5,T,H,Lose,6,7,,12,5156.56670859,515.6566708590001,0.6,H,T,Lose,8,5,,12,9414.801494009998,941.4801494009998,0.4,T,T,Win,5,8,,12,11506.97960379,1150.697960379,0.4,T,H,Lose,5,8,,12,17189.43866739,1718.9438667390002,0.8,H,H,Win,11,2,,12,7703.0194041899995,770.301940419,0.5,H,H,Win,7,6,,12,6302.470421610001,630.2470421610001,0.5,H,T,Lose,7,6,,12,9414.80149401,941.4801494010001,0.4,T,T,Win,5,8,,12,21009.31392681,2100.931392681,0.2,T,T,Win,3,10,,12,6302.470421609999,630.247042161,0.5,T,T,Win,6,7,,12,14064.086182410001,1406.408618241,0.3,T,H,Lose,4,9,,12,7703.0194041899995,770.301940419,0.5,H,H,Win,7,6,,12,17189.43866739,1718.9438667390002,0.2,T,H,Lose,3,10,,12,9414.801494010002,941.4801494010003,0.5,T,T,Win,6,7,,12,9414.801494009998,941.4801494009998,0.6,H,H,Win,8,5,,12,2824.29536481,282.429536481,0.5,T,T,Win,6,7,,12,11506.97960379,1150.697960379,0.5,T,H,Lose,7,6,,12,14064.086182409996,1406.4086182409997,0.3,T,H,Lose,4,9,,12,9414.801494010002,941.4801494010003,0.7,H,H,Win,9,4,,12,9414.801494009998,941.4801494009998,0.5,T,H,Lose,6,7,,12,7703.019404190001,770.3019404190002,0.6,H,H,Win,8,5,,12,17189.438667389997,1718.9438667389998,0.8,H,H,Win,11,2,,12,11506.97960379,1150.697960379,0.3,T,T,Win,4,9,,12,11506.97960379,1150.697960379,0.4,T,H,Lose,5,8,,12,9414.80149401,941.4801494010001,0.4,T,T,Win,5,8,,12,6302.470421609999,630.247042161,0.5,H,T,Lose,6,7,,12,7703.0194041899995,770.301940419,0.7,H,H,Win,9,4,,12,11506.97960379,1150.697960379,0.4,T,H,Lose,5,8,,12,6302.470421610001,630.2470421610001,0.5,H,T,Lose,7,6,,12,17189.438667390004,1718.9438667390004,0.3,T,T,Win,4,9,,12,3451.9165569899997,345.19165569899997,0.6,H,H,Win,8,5,,12,7703.01940419,770.3019404190001,0.5,H,T,Lose,7,6,,12,9414.801494009997,941.4801494009997,0.5,T,T,Win,6,7,,12,9414.801494009998,941.4801494009998,0.5,H,H,Win,7,6,,12,11506.979603790001,1150.6979603790003,0.6,H,T,Lose,8,5,,12,7703.019404189998,770.3019404189998,0.6,T,H,Lose,8,5,,12,11506.979603789998,1150.6979603789998,0.3,T,T,Win,4,9,,12,6302.47042161,630.2470421610001,0.5,T,H,Lose,7,6,,12,9414.801494009997,941.4801494009997,0.5,T,H,Lose,6,7,,12,9414.80149401,941.4801494010001,0.6,H,T,Lose,8,5,,12,7703.0194041899995,770.301940419,0.5,T,T,Win,7,6,,12,9414.801494010002,941.4801494010003,0.6,H,T,Lose,8,5,,12,9414.80149401,941.4801494010001,0.7,H,T,Lose,9,4,,12,11506.97960379,1150.697960379,0.5,T,H,Lose,6,7,,12,5156.566708590001,515.6566708590002,0.6,H,H,Win,8,5,,12,7703.019404190001,770.3019404190002,0.5,T,H,Lose,7,6,,12,21009.313926810002,2100.9313926810005,0.8,H,H,Win,11,2,,12,14064.086182410001,1406.408618241,0.7,H,T,Lose,9,4,,12,11506.97960379,1150.697960379,0.4,T,H,Lose,5,8,,12,11506.979603790001,1150.6979603790003,0.6,H,H,Win,8,5,,12,7703.0194041899995,770.301940419,0.5,T,T,Win,6,7,,12,9414.80149401,941.4801494010001,0.4,T,T,Win,5,8,,12,11506.97960379,1150.697960379,0.3,T,T,Win,4,9,,12,7703.019404189999,770.301940419,0.7,H,H,Win,9,4,,12,9414.801494009998,941.4801494009998,0.5,H,H,Win,7,6,,12,6302.470421610001,630.2470421610001,0.6,H,H,Win,8,5,,12,11506.97960379,1150.697960379,0.3,T,T,Win,4,9,,12,14064.086182410001,1406.408618241,0.8,H,H,Win,11,2,,12,14064.08618241,1406.408618241,0.7,H,H,Win,9,4,,12,7703.01940419,770.3019404190001,0.5,H,T,Lose,6,7,,12,9414.801494009998,941.4801494009998,0.5,T,H,Lose,6,7,,12,21009.313926810002,2100.9313926810005,0.8,H,T,Lose,10,3,,12,7703.019404189999,770.301940419,0.5,H,T,Lose,6,7,,12,14064.086182410001,1406.408618241,0.8,H,H,Win,10,3,,12,6302.470421610001,630.2470421610001,0.5,T,H,Lose,7,6,,12,11506.97960379,1150.697960379,0.4,T,H,Lose,5,8,,12,14064.086182410003,1406.4086182410003,0.7,H,H,Win,9,4,,12,14064.086182410001,1406.408618241,0.3,T,H,Lose,4,9,,12,21009.313926809995,2100.9313926809996,0.2,T,H,Lose,2,11,,12,17189.438667389997,1718.9438667389998,0.3,T,T,Win,4,9,,12,5156.566708589999,515.6566708589999,0.5,T,T,Win,7,6,,12,6302.470421610001,630.2470421610001,0.5,H,T,Lose,6,7,,12,14064.086182410001,1406.408618241,0.2,T,T,Win,3,10,,12,11506.979603790001,1150.6979603790003,0.4,T,T,Win,5,8,,12,6302.47042161,630.2470421610001,0.6,H,H,Win,8,5,,12,7703.019404189998,770.3019404189998,0.5,T,T,Win,7,6,,12,6302.47042161,630.2470421610001,0.5,T,T,Win,7,6,,12,7703.0194041899995,770.301940419,0.5,T,T,Win,7,6,,12,4219.00912521,421.900912521,0.5,T,T,Win,7,6,,12,7703.0194041899995,770.301940419,0.5,H,H,Win,7,6,,12,5156.5667085899995,515.656670859,0.4,T,T,Win,5,8,,12,9414.80149401,941.4801494010001,0.4,T,T,Win,5,8,,12,11506.97960379,1150.697960379,0.5,H,T,Lose,6,7,,12,17189.438667390004,1718.9438667390004,0.4,T,H,Lose,5,8,,12,9414.80149401,941.4801494010001,0.4,T,T,Win,5,8,,12,6302.470421610001,630.2470421610001,0.5,H,T,Lose,6,7,,12,11506.97960379,1150.697960379,0.5,T,H,Lose,7,6,,12,11506.979603790001,1150.6979603790003,0.5,T,H,Lose,6,7,,12,7703.019404190001,770.3019404190002,0.7,H,H,Win,9,4,,12,14064.086182410003,1406.4086182410003,0.7,H,T,Lose,9,4,,12,11506.97960379,1150.697960379,0.5,T,T,Win,6,7,,12,11506.979603790001,1150.6979603790003,0.4,T,H,Lose,5,8,,12,9414.80149401,941.4801494010001,0.6,T,H,Lose,8,5,,12,7703.019404189998,770.3019404189998,0.5,H,T,Lose,6,7,,12,7703.0194041899995,770.301940419,0.4,T,T,Win,5,8,,12,9414.801494009998,941.4801494009998,0.3,T,T,Win,4,9,,12,9414.801494009998,941.4801494009998,0.4,T,T,Win,5,8,,12,11506.97960379,1150.697960379,0.3,T,T,Win,4,9,,12,21009.313926810002,2100.9313926810005,0.2,T,T,Win,2,11,,12,9414.80149401,941.4801494010001,0.4,T,T,Win,5,8,,12,9414.801494009998,941.4801494009998,0.5,T,H,Lose,6,7,,12,17189.438667390004,1718.9438667390004,0.2,T,T,Win,2,11,,12,9414.80149401,941.4801494010001,0.6,T,H,Lose,8,5,,12,6302.47042161,630.2470421610001,0.5,T,T,Win,6,7,,12,11506.97960379,1150.697960379,0.4,T,T,Win,5,8,,12,6302.470421610001,630.2470421610001,0.5,T,T,Win,6,7,,12,9414.80149401,941.4801494010001,0.5,H,T,Lose,6,7,,12,7703.019404189998,770.3019404189998,0.5,H,T,Lose,7,6,,12,11506.97960379,1150.697960379,0.4,T,T,Win,5,8,,12,11506.97960379,1150.697960379,0.6,H,T,Lose,8,5,,12,14064.086182410003,1406.4086182410003,0.2,T,T,Win,3,10,,12,7703.01940419,770.3019404190001,0.6,H,T,Lose,8,5,,12,9414.801494009998,941.4801494009998,0.5,T,H,Lose,6,7,,12,11506.97960379,1150.697960379,0.3,T,T,Win,4,9,,12,5156.566708589999,515.6566708589999,0.5,H,T,Lose,7,6,,12,6302.47042161,630.2470421610001,0.5,T,T,Win,7,6,,12,17189.438667389997,1718.9438667389998,0.8,H,T,Lose,10,3,,12,9414.801494009998,941.4801494009998,0.5,T,H,Lose,6,7,,12,7703.01940419,770.3019404190001,0.7,H,T,Lose,9,4,,12,11506.97960379,1150.697960379,0.5,T,T,Win,6,7,,12,9414.80149401,941.4801494010001,0.4,T,T,Win,5,8,,12,9414.801494009998,941.4801494009998,0.5,T,T,Win,6,7,,12,6302.470421610001,630.2470421610001,0.5,T,T,Win,7,6,,12,7703.0194041899995,770.301940419,0.5,T,H,Lose,7,6,,12,5156.5667085899995,515.656670859,0.5,H,T,Lose,7,6,,12,14064.08618241,1406.408618241,0.7,H,H,Win,9,4,,12,9414.801494009998,941.4801494009998,0.5,H,H,Win,7,6,,12,21009.31392681,2100.931392681,0.8,H,T,Lose,10,3,,12,7703.01940419,770.3019404190001,0.5,T,H,Lose,7,6,,12,21009.31392681,2100.931392681,0.3,T,H,Lose,4,9,,12,7703.019404190001,770.3019404190002,0.5,T,H,Lose,7,6,,12,6302.470421610001,630.2470421610001,0.5,T,T,Win,6,7,,12,9414.80149401,941.4801494010001,0.7,H,H,Win,9,4,,12,11506.979603790001,1150.6979603790003,0.5,T,H,Lose,6,7,,12,9414.80149401,941.4801494010001,0.5,H,T,Lose,6,7,,12,11506.979603790001,1150.6979603790003,0.6,T,H,Lose,8,5,,12,11506.97960379,1150.697960379,0.5,T,H,Lose,6,7,,12,9414.801494009998,941.4801494009998,0.5,T,H,Lose,6,7,,12,11506.97960379,1150.697960379,0.5,T,T,Win,6,7,,12,7703.01940419,770.3019404190001,0.5,T,H,Lose,6,7,,12,11506.97960379,1150.697960379,0.7,H,H,Win,9,4,,12,14064.086182410001,1406.408618241,0.3,T,T,Win,4,9,,12,11506.979603789998,1150.6979603789998,0.5,H,H,Win,7,6,,12,9414.80149401,941.4801494010001,0.3,T,T,Win,4,9,,12,9414.80149401,941.4801494010001,0.5,T,H,Lose,6,7,,12,11506.979603790001,1150.6979603790003,0.4,T,H,Lose,5,8,,12,14064.086182410001,1406.408618241,0.7,H,H,Win,9,4,,12,14064.08618241,1406.408618241,0.6,H,T,Lose,8,5,,12,17189.43866739,1718.9438667390002,0.2,T,T,Win,2,11,,12,11506.979603790001,1150.6979603790003,0.6,T,H,Lose,8,5,,12,17189.43866739,1718.9438667390002,0.2,T,H,Lose,3,10,,12,14064.086182410003,1406.4086182410003,0.3,T,H,Lose,4,9,,12,7703.019404190001,770.3019404190002,0.7,H,H,Win,9,4,,12,21009.31392681,2100.931392681,0.3,T,H,Lose,4,9,,12,7703.019404189998,770.3019404189998,0.5,H,H,Win,7,6,,12,7703.019404189999,770.301940419,0.5,H,T,Lose,7,6,,12,14064.086182410001,1406.408618241,0.2,T,T,Win,3,10,,12,9414.801494009998,941.4801494009998,0.5,H,T,Lose,6,7,,12,7703.0194041899995,770.301940419,0.5,T,H,Lose,6,7,,12,6302.470421610001,630.2470421610001,0.5,T,H,Lose,6,7,,12,11506.97960379,1150.697960379,0.4,T,H,Lose,5,8,,12,6302.470421610001,630.2470421610001,0.6,T,H,Lose,8,5,,12,14064.086182410003,1406.4086182410003,0.7,H,T,Lose,9,4,,12,6302.47042161,630.2470421610001,0.5,H,H,Win,7,6,,12,6302.470421610001,630.2470421610001,0.5,H,T,Lose,7,6,,12,14064.086182410001,1406.408618241,0.8,H,H,Win,10,3,,12,9414.801494009998,941.4801494009998,0.6,H,H,Win,8,5,,12,6302.47042161,630.2470421610001,0.6,H,T,Lose,8,5,,12,9414.80149401,941.4801494010001,0.6,H,T,Lose,8,5,,12,11506.97960379,1150.697960379,0.5,T,H,Lose,6,7,,12,5156.5667085899995,515.656670859,0.5,T,T,Win,6,7,,12,9414.80149401,941.4801494010001,0.7,H,H,Win,9,4,,12,7703.019404190001,770.3019404190002,0.5,H,H,Win,7,6,,12,11506.979603790001,1150.6979603790003,0.5,T,T,Win,6,7,,12,17189.438667389997,1718.9438667389998,0.2,T,H,Lose,3,10,,12,17189.43866739,1718.9438667390002,0.8,H,T,Lose,10,3,,12,6302.470421610001,630.2470421610001,0.5,H,T,Lose,7,6,,12,17189.43866739,1718.9438667390002,0.8,H,T,Lose,10,3,,12,9414.801494009998,941.4801494009998,0.5,T,H,Lose,6,7,,12,17189.438667390004,1718.9438667390004,0.2,T,T,Win,2,11,,12,7703.019404190001,770.3019404190002,0.5,T,T,Win,6,7,,12,6302.470421609999,630.247042161,0.5,T,T,Win,7,6,,12,14064.086182410001,1406.408618241,0.4,T,T,Win,5,8,,12,7703.01940419,770.3019404190001,0.6,T,H,Lose,8,5,,12,11506.979603789998,1150.6979603789998,0.5,T,H,Lose,6,7,,12,11506.979603790001,1150.6979603790003,0.4,T,H,Lose,5,8,,12,7703.0194041899995,770.301940419,0.5,T,H,Lose,6,7,,12,7703.019404190001,770.3019404190002,0.6,T,H,Lose,8,5,,12,5156.5667085899995,515.656670859,0.5,H,H,Win,7,6,,12,7703.0194041899995,770.301940419,0.5,T,T,Win,6,7,,12,9414.80149401,941.4801494010001,0.6,H,H,Win,8,5,,12,11506.979603790001,1150.6979603790003,0.7,H,H,Win,9,4,,12,9414.801494010002,941.4801494010003,0.5,H,H,Win,7,6,,12,7703.019404190001,770.3019404190002,0.5,T,T,Win,6,7,,12,11506.979603790001,1150.6979603790003,0.3,T,T,Win,4,9,,12,9414.80149401,941.4801494010001,0.5,T,H,Lose,6,7,,12,21009.313926809995,2100.9313926809996,0.2,T,T,Win,3,10,,12,17189.43866739,1718.9438667390002,0.3,T,T,Win,4,9,,12,9414.801494009998,941.4801494009998,0.5,H,T,Lose,7,6,,12,7703.019404190001,770.3019404190002,0.6,H,H,Win,8,5,,12,14064.086182410001,1406.408618241,0.3,T,H,Lose,4,9,,12,5156.56670859,515.6566708590001,0.5,T,T,Win,6,7,,12,5156.5667085899995,515.656670859,0.5,H,H,Win,7,6,,12,7703.0194041899995,770.301940419,0.6,H,H,Win,8,5,,12,5156.5667085899995,515.656670859,0.5,H,T,Lose,7,6,,12,6302.470421609999,630.247042161,0.6,T,H,Lose,8,5,,12,9414.80149401,941.4801494010001,0.5,T,H,Lose,6,7,,12,4219.009125209999,421.90091252099995,0.5,H,T,Lose,6,7,,12,6302.470421609999,630.247042161,0.5,T,T,Win,6,7,,12,11506.97960379,1150.697960379,0.4,T,T,Win,5,8,,12,7703.01940419,770.3019404190001,0.4,T,T,Win,5,8,,12,14064.086182410001,1406.408618241,0.8,H,H,Win,10,3,,12,5156.566708589999,515.6566708589999,0.4,T,T,Win,5,8,,12,9414.801494009998,941.4801494009998,0.5,T,T,Win,6,7,,12,11506.97960379,1150.697960379,0.5,T,H,Lose,7,6,,12,11506.97960379,1150.697960379,0.5,T,H,Lose,7,6,,12,14064.086182410001,1406.408618241,0.3,T,H,Lose,4,9,,12,11506.97960379,1150.697960379,0.5,T,H,Lose,7,6,,12,6302.47042161,630.2470421610001,0.5,H,H,Win,7,6,,12,5156.5667085899995,515.656670859,0.6,H,H,Win,8,5,,12,11506.979603790001,1150.6979603790003,0.7,H,T,Lose,9,4,,12,7703.0194041899995,770.301940419,0.5,T,H,Lose,7,6,,12,17189.43866739,1718.9438667390002,0.3,T,T,Win,4,9,,12,6302.47042161,630.2470421610001,0.4,T,T,Win,5,8,,12,14064.086182409996,1406.4086182409997,0.7,H,T,Lose,9,4,,12,9414.801494009998,941.4801494009998,0.4,T,T,Win,5,8,,12,9414.80149401,941.4801494010001,0.6,H,T,Lose,8,5,,12,14064.086182410003,1406.4086182410003,0.2,T,T,Win,3,10,,12,9414.801494009998,941.4801494009998,0.4,T,T,Win,5,8,,12,5156.5667085899995,515.656670859,0.5,H,T,Lose,7,6,,12,11506.97960379,1150.697960379,0.5,T,T,Win,7,6,,12,7703.019404190001,770.3019404190002,0.5,H,T,Lose,7,6,,12,9414.80149401,941.4801494010001,0.6,H,H,Win,8,5,,12,17189.43866739,1718.9438667390002,0.7,H,T,Lose,9,4,,12,9414.801494009998,941.4801494009998,0.4,T,T,Win,5,8,,12,9414.801494009998,941.4801494009998,0.4,T,T,Win,5,8,,12,11506.97960379,1150.697960379,0.3,T,T,Win,4,9,,12,7703.01940419,770.3019404190001,0.4,T,T,Win,5,8,,12,9414.801494009998,941.4801494009998,0.5,T,H,Lose,6,7,,12,14064.086182410003,1406.4086182410003,0.2,T,T,Win,3,10,,12,9414.801494009998,941.4801494009998,0.5,T,H,Lose,6,7,,12,9414.801494009998,941.4801494009998,0.8,H,H,Win,10,3,,12,14064.086182410003,1406.4086182410003,0.4,T,H,Lose,5,8,,12,11506.979603790001,1150.6979603790003,0.5,T,H,Lose,6,7,,12,14064.086182410001,1406.408618241,0.5,T,T,Win,7,6,,12,6302.470421609999,630.247042161,0.5,T,H,Lose,6,7,,12,5156.5667085899995,515.656670859,0.6,H,T,Lose,8,5,,12,14064.086182410001,1406.408618241,0.3,T,H,Lose,4,9,,12,11506.97960379,1150.697960379,0.4,T,H,Lose,5,8,,12,5156.566708589999,515.6566708589999,0.5,H,H,Win,7,6,,12,6302.47042161,630.2470421610001,0.5,H,H,Win,7,6,,12,11506.979603789998,1150.6979603789998,0.7,H,T,Lose,9,4,,12,9414.801494010002,941.4801494010003,0.5,T,H,Lose,6,7,,12,9414.80149401,941.4801494010001,0.5,T,H,Lose,6,7,,12,7703.019404189999,770.301940419,0.5,H,H,Win,7,6,,12,6302.470421610001,630.2470421610001,0.5,H,T,Lose,7,6,,12,17189.438667389997,1718.9438667389998,0.3,T,T,Win,4,9,,12,11506.97960379,1150.697960379,0.6,H,H,Win,8,5,,12,11506.979603790001,1150.6979603790003,0.6,H,T,Lose,8,5,,12,14064.086182410003,1406.4086182410003,0.2,T,T,Win,3,10,,12,14064.086182410001,1406.408618241,0.5,T,H,Lose,6,7,,12,9414.80149401,941.4801494010001,0.6,H,H,Win,8,5,,12,9414.80149401,941.4801494010001,0.5,H,T,Lose,7,6,,12,11506.979603790001,1150.6979603790003,0.3,T,T,Win,4,9,,12,14064.086182410003,1406.4086182410003,0.2,T,T,Win,3,10,,12,9414.801494009998,941.4801494009998,0.4,T,T,Win,5,8,,12,4219.009125209999,421.90091252099995,0.5,T,T,Win,7,6,,12,6302.470421609999,630.247042161,0.5,H,T,Lose,6,7,,12,7703.019404190001,770.3019404190002,0.5,H,H,Win,7,6,,12,9414.801494009998,941.4801494009998,0.5,T,H,Lose,6,7,,12,11506.97960379,1150.697960379,0.4,T,H,Lose,5,8,,12,6302.470421609999,630.247042161,0.6,T,H,Lose,8,5,,12,7703.0194041899995,770.301940419,0.6,T,H,Lose,8,5,,12,9414.801494009997,941.4801494009997,0.5,T,T,Win,7,6,,12,6302.47042161,630.2470421610001,0.5,T,T,Win,6,7,,12,9414.80149401,941.4801494010001,0.5,T,H,Lose,6,7,,12,14064.086182410003,1406.4086182410003,0.7,H,T,Lose,9,4,,12,21009.31392681,2100.931392681,0.1,T,T,Win,1,12,,12,7703.01940419,770.3019404190001,0.6,H,H,Win,8,5,,12,6302.47042161,630.2470421610001,0.6,H,T,Lose,8,5,,12,14064.086182410001,1406.408618241,0.2,T,T,Win,3,10,,12,11506.97960379,1150.697960379,0.4,T,T,Win,5,8,,12,14064.086182410001,1406.408618241,0.4,T,H,Lose,5,8,,12,7703.0194041899995,770.301940419,0.6,H,T,Lose,8,5,,12,7703.0194041899995,770.301940419,0.5,T,H,Lose,7,6,,12,7703.0194041899995,770.301940419,0.5,T,T,Win,7,6,,12,14064.086182410001,1406.408618241,0.3,T,H,Lose,4,9,,12,7703.019404189998,770.3019404189998,0.5,T,T,Win,6,7,,12,9414.801494009998,941.4801494009998,0.5,H,T,Lose,7,6,,12,6302.470421610001,630.2470421610001,0.5,H,T,Lose,6,7,,12,9414.80149401,941.4801494010001,0.4,T,T,Win,5,8,,12,7703.0194041899995,770.301940419,0.6,T,H,Lose,8,5,,12,7703.019404190001,770.3019404190002,0.6,H,H,Win,8,5,,12,11506.979603790001,1150.6979603790003,0.3,T,T,Win,4,9,,12,11506.97960379,1150.697960379,0.4,T,T,Win,5,8,,12,11506.97960379,1150.697960379,0.4,T,H,Lose,5,8,,12,14064.086182409996,1406.4086182409997,0.3,T,H,Lose,4,9,,12,9414.801494009998,941.4801494009998,0.4,T,H,Lose,5,8,,12,6302.470421609999,630.247042161,0.5,H,T,Lose,6,7,,12,17189.438667390004,1718.9438667390004,0.8,H,H,Win,10,3,,12,14064.086182410001,1406.408618241,0.3,T,H,Lose,4,9,,12,11506.97960379,1150.697960379,0.5,H,H,Win,7,6,,12,14064.086182410001,1406.408618241,0.7,H,T,Lose,9,4,,12,7703.0194041899995,770.301940419,0.6,H,T,Lose,8,5,,12,4219.00912521,421.900912521,0.6,H,H,Win,8,5,,12,11506.979603789998,1150.6979603789998,0.6,H,H,Win,8,5,,12,17189.43866739,1718.9438667390002,0.2,T,H,Lose,3,10,,12,11506.979603790001,1150.6979603790003,0.6,H,T,Lose,8,5,,12,7703.0194041899995,770.301940419,0.5,T,T,Win,6,7,,12,7703.01940419,770.3019404190001,0.6,H,T,Lose,8,5,,12,7703.0194041899995,770.301940419,0.5,T,T,Win,6,7,,12,9414.80149401,941.4801494010001,0.4,T,T,Win,5,8,,12,17189.438667390004,1718.9438667390004,0.3,T,H,Lose,4,9,,12,11506.97960379,1150.697960379,0.7,H,T,Lose,9,4,,12,11506.979603789998,1150.6979603789998,0.7,H,T,Lose,9,4,,12,17189.438667389997,1718.9438667389998,0.8,H,H,Win,11,2,,12,11506.979603790001,1150.6979603790003,0.5,H,T,Lose,7,6,,12,6302.470421609999,630.247042161,0.5,H,T,Lose,6,7,,12,9414.80149401,941.4801494010001,0.5,T,H,Lose,6,7,,12,11506.97960379,1150.697960379,0.5,H,T,Lose,6,7,,12,4219.009125210001,421.9009125210001,0.5,T,T,Win,7,6,,12,11506.979603790001,1150.6979603790003,0.5,T,T,Win,6,7,,12,6302.47042161,630.2470421610001,0.6,H,T,Lose,8,5,,12,5156.5667085899995,515.656670859,0.5,T,H,Lose,7,6,,12,7703.0194041899995,770.301940419,0.5,T,T,Win,7,6,,12,14064.086182410001,1406.408618241,0.3,T,H,Lose,4,9,,12,5156.56670859,515.6566708590001,0.5,T,H,Lose,7,6,,12,14064.086182410003,1406.4086182410003,0.6,H,T,Lose,8,5,,12,5156.56670859,515.6566708590001,0.5,H,T,Lose,7,6,,12,9414.801494009998,941.4801494009998,0.7,H,H,Win,9,4,,12,9414.80149401,941.4801494010001,0.5,T,T,Win,7,6,,12,14064.086182410001,1406.408618241,0.7,H,T,Lose,9,4,,12,7703.0194041899995,770.301940419,0.5,H,T,Lose,7,6,,12,14064.086182410001,1406.408618241,0.3,T,T,Win,4,9,,12,14064.086182410003,1406.4086182410003,0.3,T,H,Lose,4,9,,12,17189.438667389997,1718.9438667389998,0.2,T,T,Win,2,11,,12,7703.019404189998,770.3019404189998,0.5,T,T,Win,6,7,,12,17189.438667390004,1718.9438667390004,0.2,T,T,Win,2,11,,12,11506.97960379,1150.697960379,0.4,T,H,Lose,5,8,,12,14064.086182410001,1406.408618241,0.3,T,T,Win,4,9,,12,11506.979603790001,1150.6979603790003,0.5,H,T,Lose,6,7,,12,17189.43866739,1718.9438667390002,0.8,H,T,Lose,10,3,,12,9414.801494010002,941.4801494010003,0.7,H,H,Win,9,4,,12,21009.313926810002,2100.9313926810005,0.3,T,H,Lose,4,9,,12,11506.979603790001,1150.6979603790003,0.5,T,H,Lose,6,7,,12,9414.801494009998,941.4801494009998,0.4,T,T,Win,5,8,,12,6302.470421609999,630.247042161,0.6,H,T,Lose,8,5,,12,9414.801494009998,941.4801494009998,0.5,H,H,Win,7,6,,12,7703.019404189998,770.3019404189998,0.5,T,H,Lose,7,6,,12,9414.80149401,941.4801494010001,0.4,T,T,Win,5,8,,12,9414.80149401,941.4801494010001,0.5,H,T,Lose,7,6,,12,9414.80149401,941.4801494010001,0.8,H,H,Win,10,3,,12,11506.979603790001,1150.6979603790003,0.4,T,H,Lose,5,8,,12,11506.979603789998,1150.6979603789998,0.3,T,T,Win,4,9,,12,14064.086182410001,1406.408618241,0.7,H,H,Win,9,4,,12,11506.97960379,1150.697960379,0.6,H,T,Lose,8,5,,12,11506.979603789998,1150.6979603789998,0.5,H,T,Lose,7,6,,12,9414.801494009998,941.4801494009998,0.4,T,T,Win,5,8,,12,9414.801494009998,941.4801494009998,0.5,T,H,Lose,6,7,,12,11506.979603789998,1150.6979603789998,0.5,T,H,Lose,6,7,,12,14064.086182410001,1406.408618241,0.2,T,T,Win,3,10,,12,17189.43866739,1718.9438667390002,0.3,T,H,Lose,4,9,,12,6302.470421609999,630.247042161,0.5,T,H,Lose,6,7,,12,11506.979603789998,1150.6979603789998,0.5,H,H,Win,7,6,,12,17189.43866739,1718.9438667390002,0.7,H,T,Lose,9,4,,12,14064.086182410003,1406.4086182410003,0.4,T,H,Lose,5,8,,12,9414.801494009998,941.4801494009998,0.4,T,T,Win,5,8,,12,6302.470421609999,630.247042161,0.6,H,H,Win,8,5,,12,11506.97960379,1150.697960379,0.4,T,H,Lose,5,8,,12,14064.08618241,1406.408618241,0.4,T,T,Win,5,8,,12,11506.97960379,1150.697960379,0.4,T,H,Lose,5,8,,12,6302.470421610001,630.2470421610001,0.5,H,H,Win,7,6,,12,11506.97960379,1150.697960379,0.3,T,T,Win,4,9,,12,7703.0194041899995,770.301940419,0.5,T,H,Lose,7,6,,12,6302.47042161,630.2470421610001,0.5,H,T,Lose,7,6,,12,9414.801494009998,941.4801494009998,0.4,T,T,Win,5,8,,12,14064.086182410001,1406.408618241,0.7,H,T,Lose,9,4,,12,14064.08618241,1406.408618241,0.5,T,H,Lose,6,7,,12,9414.801494009998,941.4801494009998,0.4,T,T,Win,5,8,,12,9414.80149401,941.4801494010001,0.7,H,H,Win,9,4,,12,6302.470421609998,630.2470421609999,0.5,H,T,Lose,6,7,,12,9414.80149401,941.4801494010001,0.6,H,H,Win,8,5,,12,6302.47042161,630.2470421610001,0.5,H,T,Lose,7,6,,12,17189.43866739,1718.9438667390002,0.7,H,T,Lose,9,4,,12,9414.80149401,941.4801494010001,0.6,T,H,Lose,8,5,,12,7703.0194041899995,770.301940419,0.5,H,H,Win,7,6,,12,7703.0194041899995,770.301940419,0.6,H,H,Win,8,5,,12,6302.470421609999,630.247042161,0.5,T,T,Win,7,6,,12,9414.80149401,941.4801494010001,0.4,T,T,Win,5,8,,12,14064.086182410003,1406.4086182410003,0.2,T,T,Win,3,10,,12,7703.0194041899995,770.301940419,0.7,H,H,Win,9,4,,12,5156.5667085899995,515.656670859,0.6,H,H,Win,8,5,,12,9414.801494009998,941.4801494009998,0.4,T,T,Win,5,8,,12,11506.97960379,1150.697960379,0.3,T,T,Win,4,9,,12,7703.0194041899995,770.301940419,0.6,T,H,Lose,8,5,,12,17189.438667390004,1718.9438667390004,0.7,H,T,Lose,9,4,,12,14064.08618241,1406.408618241,0.6,H,T,Lose,8,5,,12,17189.438667390004,1718.9438667390004,0.4,T,H,Lose,5,8,,12,9414.801494009998,941.4801494009998,0.5,H,H,Win,7,6,,12,7703.019404190001,770.3019404190002,0.5,T,T,Win,7,6,,12,7703.0194041899995,770.301940419,0.6,T,H,Lose,8,5,,12,11506.979603790001,1150.6979603790003,0.5,T,T,Win,6,7,,12,14064.086182410001,1406.408618241,0.8,H,H,Win,10,3,,12,7703.0194041899995,770.301940419,0.7,H,H,Win,9,4,,12,11506.97960379,1150.697960379,0.5,T,H,Lose,6,7,,12,9414.801494009998,941.4801494009998,0.5,T,H,Lose,6,7,,12,9414.80149401,941.4801494010001,0.4,T,T,Win,5,8,,12,7703.0194041899995,770.301940419,0.6,H,T,Lose,8,5,,12,6302.470421610001,630.2470421610001,0.6,H,H,Win,8,5,,12,9414.80149401,941.4801494010001,0.5,T,T,Win,7,6,,12,11506.97960379,1150.697960379,0.3,T,T,Win,4,9,,12,7703.01940419,770.3019404190001,0.4,T,T,Win,5,8,,12,7703.0194041899995,770.301940419,0.5,T,T,Win,7,6,,12,11506.979603790001,1150.6979603790003,0.7,H,T,Lose,9,4,,12,7703.019404189999,770.301940419,0.5,H,H,Win,7,6,,12,11506.979603789998,1150.6979603789998,0.4,T,H,Lose,5,8,,12,11506.979603790001,1150.6979603790003,0.5,T,H,Lose,6,7,,12,9414.801494009998,941.4801494009998,0.5,T,T,Win,7,6,,12,17189.43866739,1718.9438667390002,0.2,T,T,Win,3,10,,12,6302.47042161,630.2470421610001,0.5,H,T,Lose,7,6,,12,7703.0194041899995,770.301940419,0.4,T,T,Win,5,8,,12,5156.56670859,515.6566708590001,0.6,T,H,Lose,8,5,,12,11506.97960379,1150.697960379,0.7,H,H,Win,9,4,,12,14064.086182410001,1406.408618241,0.4,T,T,Win,5,8,,12,9414.801494010002,941.4801494010003,0.5,T,H,Lose,6,7,,12,5156.5667085899995,515.656670859,0.6,T,H,Lose,8,5,,12,6302.470421609999,630.247042161,0.5,T,T,Win,7,6,,12,17189.438667389997,1718.9438667389998,0.8,H,H,Win,10,3,,12,11506.97960379,1150.697960379,0.7,H,H,Win,9,4,,12,11506.97960379,1150.697960379,0.4,T,H,Lose,5,8,,12,17189.438667389997,1718.9438667389998,0.3,T,T,Win,4,9,,12,7703.019404189998,770.3019404189998,0.5,H,T,Lose,6,7,,12,7703.0194041899995,770.301940419,0.5,T,T,Win,6,7,,12,7703.01940419,770.3019404190001,0.6,H,T,Lose,8,5,,12,7703.019404189999,770.301940419,0.6,H,H,Win,8,5,,12,9414.801494009998,941.4801494009998,0.4,T,T,Win,5,8,,12,21009.31392681,2100.931392681,0.3,T,H,Lose,4,9,,12,11506.979603789998,1150.6979603789998,0.3,T,T,Win,4,9,,12,5156.56670859,515.6566708590001,0.6,H,H,Win,8,5,,12,6302.47042161,630.2470421610001,0.5,H,T,Lose,6,7,,12,11506.97960379,1150.697960379,0.5,T,H,Lose,6,7,,12,17189.438667389997,1718.9438667389998,0.7,H,T,Lose,9,4,,12,6302.47042161,630.2470421610001,0.5,T,T,Win,6,7,,12,5156.566708589999,515.6566708589999,0.6,H,T,Lose,8,5,,12,7703.019404190001,770.3019404190002,0.5,T,H,Lose,6,7,,12,7703.019404190001,770.3019404190002,0.4,T,T,Win,5,8,,12,6302.470421610001,630.2470421610001,0.7,H,H,Win,9,4,,12,6302.470421609999,630.247042161,0.5,T,T,Win,7,6,,12,14064.086182410001,1406.408618241,0.7,H,T,Lose,9,4,,12,6302.470421610001,630.2470421610001,0.5,H,T,Lose,6,7,,12,7703.01940419,770.3019404190001,0.4,T,T,Win,5,8,,12,9414.80149401,941.4801494010001,0.6,H,T,Lose,8,5,,12,6302.470421609999,630.247042161,0.5,T,T,Win,6,7,,12,11506.979603790001,1150.6979603790003,0.5,H,T,Lose,6,7,,12,9414.801494009998,941.4801494009998,0.6,H,H,Win,8,5,,12,17189.43866739,1718.9438667390002,0.4,T,H,Lose,5,8,,12,11506.97960379,1150.697960379,0.5,T,H,Lose,7,6,,12,17189.438667390004,1718.9438667390004,0.7,H,T,Lose,9,4,,12,6302.470421609999,630.247042161,0.5,H,T,Lose,7,6,,12,7703.0194041899995,770.301940419,0.6,T,H,Lose,8,5,,12,11506.97960379,1150.697960379,0.3,T,T,Win,4,9,,12,7703.0194041899995,770.301940419,0.5,T,T,Win,6,7,,12,9414.801494009998,941.4801494009998,0.7,H,H,Win,9,4,,12,7703.019404190001,770.3019404190002,0.5,T,H,Lose,7,6,,12,9414.801494010002,941.4801494010003,0.5,T,H,Lose,6,7,,12,11506.979603790001,1150.6979603790003,0.3,T,T,Win,4,9,,12,9414.80149401,941.4801494010001,0.4,T,H,Lose,5,8,
13,15470.494800650999,1547.0494800651,0.7,H,H,Win,10,4,,13,18908.382534128996,1890.8382534128996,0.3,T,H,Lose,4,10,,13,5672.223379449,567.2223379449,0.4,T,T,Win,6,8,,13,8473.321344609001,847.3321344609002,0.5,T,H,Lose,7,7,,13,10356.281643411,1035.6281643411,0.4,T,T,Win,5,9,,13,12657.677564168998,1265.7677564168998,0.5,H,T,Lose,7,7,,13,8473.321344609,847.3321344609,0.5,T,T,Win,7,7,,13,6932.717463771001,693.2717463771002,0.5,H,T,Lose,7,7,,13,12657.677564169,1265.7677564169,0.3,T,T,Win,4,10,,13,6932.717463770998,693.2717463770998,0.6,H,T,Lose,8,6,,13,10356.281643411,1035.6281643411,0.6,H,H,Win,9,5,,13,12657.677564169,1265.7677564169,0.4,T,H,Lose,5,9,,13,8473.321344609,847.3321344609,0.6,H,H,Win,8,6,,13,18908.382534129007,1890.8382534129007,0.3,T,T,Win,4,10,,13,5672.2233794489985,567.2223379448999,0.4,T,T,Win,5,9,,13,8473.321344608998,847.3321344608999,0.6,H,H,Win,9,5,,13,10356.281643410997,1035.6281643410998,0.4,T,T,Win,5,9,,13,10356.281643411001,1035.6281643411,0.6,H,T,Lose,9,5,,13,8473.321344609,847.3321344609,0.6,H,H,Win,9,5,,13,10356.281643411001,1035.6281643411,0.4,T,T,Win,5,9,,13,4640.910037731,464.0910037731,0.6,H,H,Win,8,6,,13,8473.321344609,847.3321344609,0.4,T,T,Win,6,8,,13,10356.281643411,1035.6281643411,0.4,T,T,Win,6,8,,13,15470.494800651004,1547.0494800651004,0.8,H,H,Win,11,3,,13,15470.494800651004,1547.0494800651004,0.8,H,T,Lose,11,3,,13,10356.281643411,1035.6281643411,0.4,T,T,Win,5,9,,13,12657.677564169,1265.7677564169,0.5,T,T,Win,7,7,,13,18908.382534129,1890.8382534129,0.1,T,T,Win,2,12,,13,8473.321344609,847.3321344609,0.4,T,H,Lose,6,8,,13,6932.717463771001,693.2717463771002,0.6,H,T,Lose,8,6,,13,10356.281643410997,1035.6281643410998,0.6,H,T,Lose,9,5,,13,8473.321344609,847.3321344609,0.6,H,T,Lose,8,6,,13,8473.321344609,847.3321344609,0.4,T,T,Win,6,8,,13,10356.281643411,1035.6281643411,0.4,T,T,Win,6,8,,13,6932.717463770999,693.2717463770999,0.6,H,T,Lose,8,6,,13,10356.281643411001,1035.6281643411,0.4,T,T,Win,6,8,,13,10356.281643411001,1035.6281643411,0.4,T,T,Win,5,9,,13,10356.281643411,1035.6281643411,0.4,T,H,Lose,6,8,,13,12657.677564169002,1265.7677564169003,0.6,H,T,Lose,8,6,,13,10356.281643411001,1035.6281643411,0.4,T,T,Win,6,8,,13,18908.382534129,1890.8382534129,0.4,T,H,Lose,5,9,,13,10356.281643411001,1035.6281643411,0.4,T,T,Win,6,8,,13,8473.321344609,847.3321344609,0.4,T,T,Win,6,8,,13,6932.717463770999,693.2717463770999,0.4,T,T,Win,6,8,,13,6932.717463770999,693.2717463770999,0.5,T,H,Lose,7,7,,13,6932.717463771001,693.2717463771002,0.6,H,H,Win,9,5,,13,12657.677564169002,1265.7677564169003,0.6,H,T,Lose,9,5,,13,4640.910037731,464.0910037731,0.4,T,T,Win,6,8,,13,10356.281643411,1035.6281643411,0.5,T,H,Lose,7,7,,13,12657.677564169002,1265.7677564169003,0.4,T,H,Lose,5,9,,13,6932.7174637709995,693.2717463771,0.4,T,T,Win,6,8,,13,12657.677564169002,1265.7677564169003,0.3,T,T,Win,4,10,,13,8473.321344609001,847.3321344609002,0.4,T,T,Win,6,8,,13,12657.677564169,1265.7677564169,0.4,T,T,Win,6,8,,13,8473.321344608998,847.3321344608999,0.4,T,T,Win,6,8,,13,12657.677564169002,1265.7677564169003,0.3,T,T,Win,4,10,,13,12657.677564169,1265.7677564169,0.4,T,T,Win,5,9,,13,12657.677564169002,1265.7677564169003,0.4,T,H,Lose,5,9,,13,6932.7174637709995,693.2717463771,0.6,H,H,Win,9,5,,13,12657.677564169,1265.7677564169,0.8,H,H,Win,11,3,,13,6932.717463770999,693.2717463770999,0.6,H,T,Lose,8,6,,13,8473.321344609,847.3321344609,0.6,H,H,Win,9,5,,13,10356.281643411,1035.6281643411,0.6,H,T,Lose,8,6,,13,18908.382534129,1890.8382534129,0.2,T,H,Lose,3,11,,13,10356.281643411,1035.6281643411,0.5,H,T,Lose,7,7,,13,8473.321344608998,847.3321344608999,0.7,H,H,Win,10,4,,13,5672.223379449,567.2223379449,0.5,T,H,Lose,7,7,,13,5672.223379449,567.2223379449,0.4,T,T,Win,6,8,,13,12657.677564169,1265.7677564169,0.8,H,H,Win,11,3,,13,4640.910037731,464.0910037731,0.5,T,T,Win,7,7,,13,8473.321344608998,847.3321344608999,0.6,H,T,Lose,8,6,,13,8473.321344608998,847.3321344608999,0.4,T,T,Win,6,8,,13,5672.223379449,567.2223379449,0.6,T,H,Lose,8,6,,13,12657.677564168996,1265.7677564168998,0.3,T,T,Win,4,10,,13,8473.321344609001,847.3321344609002,0.5,H,T,Lose,7,7,,13,5672.223379448999,567.2223379449,0.5,T,T,Win,7,7,,13,6932.717463771001,693.2717463771002,0.5,T,H,Lose,7,7,,13,12657.677564169002,1265.7677564169003,0.4,T,H,Lose,5,9,,13,12657.677564169002,1265.7677564169003,0.6,H,H,Win,9,5,,13,12657.677564169002,1265.7677564169003,0.6,H,T,Lose,9,5,,13,8473.321344609001,847.3321344609002,0.4,T,T,Win,5,9,,13,8473.321344609001,847.3321344609002,0.5,T,T,Win,7,7,,13,12657.677564169002,1265.7677564169003,0.4,T,H,Lose,5,9,,13,8473.321344609001,847.3321344609002,0.6,H,T,Lose,8,6,,13,8473.321344609,847.3321344609,0.5,T,H,Lose,7,7,,13,5672.223379449,567.2223379449,0.5,T,H,Lose,7,7,,13,10356.281643411,1035.6281643411,0.6,H,H,Win,9,5,,13,8473.321344609001,847.3321344609002,0.6,H,T,Lose,8,6,,13,10356.281643410997,1035.6281643410998,0.7,H,H,Win,10,4,,13,15470.494800650997,1547.0494800650997,0.3,T,H,Lose,4,10,,13,8473.321344609001,847.3321344609002,0.4,T,T,Win,6,8,,13,6932.717463771001,693.2717463771002,0.5,T,H,Lose,7,7,,13,10356.281643411,1035.6281643411,0.4,T,H,Lose,6,8,,13,10356.281643411003,1035.6281643411003,0.4,T,T,Win,5,9,,13,8473.321344609,847.3321344609,0.4,T,H,Lose,6,8,,13,18908.382534128996,1890.8382534128996,0.1,T,T,Win,2,12,,13,12657.677564169002,1265.7677564169003,0.6,H,H,Win,9,5,,13,5672.223379448999,567.2223379449,0.6,H,T,Lose,9,5,,13,6932.7174637709995,693.2717463771,0.5,T,T,Win,7,7,,13,10356.281643411,1035.6281643411,0.4,T,H,Lose,6,8,,13,5672.223379449,567.2223379449,0.6,H,H,Win,9,5,,13,15470.494800650999,1547.0494800651,0.6,H,T,Lose,9,5,,13,8473.321344609,847.3321344609,0.6,H,H,Win,8,6,,13,8473.321344609,847.3321344609,0.6,T,H,Lose,8,6,,13,18908.382534129,1890.8382534129,0.7,H,T,Lose,10,4,,13,8473.321344608998,847.3321344608999,0.6,T,H,Lose,8,6,,13,8473.321344608998,847.3321344608999,0.6,H,T,Lose,8,6,,13,10356.281643411,1035.6281643411,0.4,T,T,Win,6,8,,13,8473.321344609001,847.3321344609002,0.6,H,T,Lose,9,5,,13,12657.677564168998,1265.7677564168998,0.6,T,H,Lose,8,6,,13,12657.677564169,1265.7677564169,0.3,T,T,Win,4,10,,13,6932.7174637709995,693.2717463771,0.6,H,T,Lose,8,6,,13,5672.223379448999,567.2223379449,0.6,H,H,Win,9,5,,13,4640.910037731,464.0910037731,0.6,H,H,Win,8,6,,13,12657.677564169,1265.7677564169,0.4,T,T,Win,5,9,,13,8473.321344609001,847.3321344609002,0.5,T,H,Lose,7,7,,13,8473.321344609,847.3321344609,0.4,T,H,Lose,6,8,,13,6932.717463771001,693.2717463771002,0.6,H,T,Lose,8,6,,13,8473.321344608998,847.3321344608999,0.6,H,T,Lose,9,5,,13,6932.7174637709995,693.2717463771,0.6,T,H,Lose,8,6,,13,8473.321344609001,847.3321344609002,0.7,H,H,Win,10,4,,13,15470.494800651002,1547.0494800651004,0.3,T,H,Lose,4,10,,13,6932.7174637709995,693.2717463771,0.4,T,T,Win,6,8,,13,10356.281643411,1035.6281643411,0.4,T,H,Lose,6,8,,13,15470.494800651,1547.0494800651002,0.2,T,T,Win,3,11,,13,8473.321344608998,847.3321344608999,0.6,T,H,Lose,8,6,,13,5672.223379448999,567.2223379449,0.5,T,H,Lose,7,7,,13,8473.321344609,847.3321344609,0.6,H,H,Win,8,6,,13,6932.7174637709995,693.2717463771,0.4,T,T,Win,6,8,,13,8473.321344608998,847.3321344608999,0.6,H,T,Lose,9,5,,13,8473.321344609001,847.3321344609002,0.7,H,H,Win,10,4,,13,10356.281643411,1035.6281643411,0.4,T,T,Win,5,9,,13,8473.321344609,847.3321344609,0.6,H,H,Win,9,5,,13,12657.677564169,1265.7677564169,0.5,T,H,Lose,7,7,,13,12657.677564168998,1265.7677564168998,0.8,H,H,Win,11,3,,13,8473.321344608998,847.3321344608999,0.5,T,T,Win,7,7,,13,8473.321344609,847.3321344609,0.5,H,T,Lose,7,7,,13,3797.108212689001,379.71082126890013,0.5,T,H,Lose,7,7,,13,8473.321344609,847.3321344609,0.4,T,T,Win,6,8,,13,10356.281643410997,1035.6281643410998,0.6,T,H,Lose,8,6,,13,12657.677564169,1265.7677564169,0.4,T,T,Win,5,9,,13,8473.321344608998,847.3321344608999,0.6,T,H,Lose,8,6,,13,4640.9100377310015,464.09100377310017,0.5,H,T,Lose,7,7,,13,8473.321344608998,847.3321344608999,0.4,T,T,Win,6,8,,13,10356.281643411003,1035.6281643411003,0.7,H,H,Win,10,4,,13,10356.281643411,1035.6281643411,0.4,T,H,Lose,6,8,,13,10356.281643411001,1035.6281643411,0.7,H,H,Win,10,4,,13,8473.321344608998,847.3321344608999,0.5,T,H,Lose,7,7,,13,5672.223379448999,567.2223379449,0.6,H,T,Lose,9,5,,13,6932.7174637709995,693.2717463771,0.4,T,T,Win,6,8,,13,12657.677564169002,1265.7677564169003,0.6,H,T,Lose,8,6,,13,8473.321344609001,847.3321344609002,0.6,T,H,Lose,8,6,,13,12657.677564169002,1265.7677564169003,0.6,H,T,Lose,9,5,,13,10356.281643411,1035.6281643411,0.6,H,T,Lose,8,6,,13,12657.677564169,1265.7677564169,0.4,T,H,Lose,5,9,,13,4640.910037731001,464.09100377310006,0.5,T,H,Lose,7,7,,13,6932.717463771,693.2717463771,0.6,H,T,Lose,8,6,,13,6932.7174637709995,693.2717463771,0.6,H,H,Win,8,6,,13,6932.7174637709995,693.2717463771,0.6,H,H,Win,9,5,,13,15470.494800650999,1547.0494800651,0.8,H,H,Win,11,3,,13,15470.494800651004,1547.0494800651004,0.3,T,T,Win,4,10,,13,6932.7174637709995,693.2717463771,0.5,H,T,Lose,7,7,,13,12657.677564169,1265.7677564169,0.4,T,T,Win,5,9,,13,5672.223379448999,567.2223379449,0.6,T,H,Lose,8,6,,13,6932.717463771001,693.2717463771002,0.5,T,H,Lose,7,7,,13,8473.321344609,847.3321344609,0.6,H,T,Lose,8,6,,13,12657.677564169,1265.7677564169,0.6,H,T,Lose,9,5,,13,6932.717463770999,693.2717463770999,0.6,H,H,Win,8,6,,13,8473.321344609001,847.3321344609002,0.6,H,T,Lose,8,6,,13,10356.281643410997,1035.6281643410998,0.6,T,H,Lose,8,6,,13,10356.281643411001,1035.6281643411,0.4,T,H,Lose,6,8,,13,10356.281643411,1035.6281643411,0.6,H,T,Lose,8,6,,13,10356.281643410995,1035.6281643410996,0.6,H,H,Win,9,5,,13,8473.321344609,847.3321344609,0.5,T,H,Lose,7,7,,13,8473.321344608998,847.3321344608999,0.6,T,H,Lose,8,6,,13,10356.281643411,1035.6281643411,0.4,T,T,Win,5,9,,13,10356.281643411003,1035.6281643411003,0.4,T,T,Win,5,9,,13,6932.717463770999,693.2717463770999,0.6,T,H,Lose,8,6,,13,8473.321344608998,847.3321344608999,0.5,H,T,Lose,7,7,,13,6932.717463771001,693.2717463771002,0.5,T,T,Win,7,7,,13,6932.717463770998,693.2717463770998,0.6,H,H,Win,9,5,,13,12657.677564168996,1265.7677564168998,0.6,H,T,Lose,9,5,,13,6932.717463771,693.2717463771,0.4,T,T,Win,6,8,,13,4640.9100377310015,464.09100377310017,0.5,H,T,Lose,7,7,,13,6932.717463771001,693.2717463771002,0.5,H,T,Lose,7,7,,13,10356.281643411,1035.6281643411,0.6,H,T,Lose,9,5,,13,10356.281643411,1035.6281643411,0.6,H,T,Lose,8,6,,13,18908.382534129,1890.8382534129,0.2,T,T,Win,3,11,,13,5672.223379448999,567.2223379449,0.6,H,T,Lose,8,6,,13,6932.717463770999,693.2717463770999,0.6,H,H,Win,9,5,,13,6932.7174637709995,693.2717463771,0.6,H,H,Win,9,5,,13,10356.281643411001,1035.6281643411,0.4,T,T,Win,5,9,,13,6932.717463770998,693.2717463770998,0.5,T,T,Win,7,7,,13,12657.677564169,1265.7677564169,0.5,H,T,Lose,7,7,,13,10356.281643411001,1035.6281643411,0.6,T,H,Lose,8,6,,13,8473.321344609001,847.3321344609002,0.4,T,T,Win,6,8,,13,10356.281643411001,1035.6281643411,0.4,T,H,Lose,6,8,,13,10356.281643410997,1035.6281643410998,0.7,H,H,Win,10,4,,13,12657.677564169,1265.7677564169,0.3,T,T,Win,4,10,,13,12657.677564169,1265.7677564169,0.4,T,T,Win,5,9,,13,18908.382534129007,1890.8382534129007,0.3,T,T,Win,4,10,,13,15470.494800651002,1547.0494800651004,0.7,H,T,Lose,10,4,,13,8473.321344608998,847.3321344608999,0.6,T,H,Lose,8,6,,13,12657.677564169,1265.7677564169,0.6,H,H,Win,9,5,,13,4640.910037731,464.0910037731,0.6,H,T,Lose,8,6,,13,12657.677564168998,1265.7677564168998,0.4,T,H,Lose,5,9,,13,8473.321344608998,847.3321344608999,0.4,T,H,Lose,6,8,,13,12657.677564168996,1265.7677564168998,0.4,T,H,Lose,5,9,,13,12657.677564169002,1265.7677564169003,0.3,T,T,Win,4,10,,13,8473.321344609,847.3321344609,0.7,H,H,Win,10,4,,13,10356.281643411001,1035.6281643411,0.8,H,H,Win,11,3,,13,8473.321344609,847.3321344609,0.6,H,T,Lose,9,5,,13,15470.494800651002,1547.0494800651004,0.3,T,H,Lose,4,10,,13,12657.677564169,1265.7677564169,0.3,T,T,Win,4,10,,13,4640.910037731001,464.09100377310006,0.5,H,T,Lose,7,7,,13,10356.281643411,1035.6281643411,0.6,H,T,Lose,8,6,,13,6932.7174637709995,693.2717463771,0.5,T,H,Lose,7,7,,13,18908.382534128996,1890.8382534128996,0.4,T,H,Lose,5,9,,13,18908.382534129,1890.8382534129,0.7,H,T,Lose,10,4,,13,10356.281643411,1035.6281643411,0.7,H,H,Win,10,4,,13,10356.281643411,1035.6281643411,0.4,T,H,Lose,6,8,,13,5672.223379449,567.2223379449,0.6,H,H,Win,9,5,,13,3797.108212688999,379.71082126889996,0.4,T,T,Win,6,8,,13,8473.321344608998,847.3321344608999,0.5,T,H,Lose,7,7,,13,6932.7174637709995,693.2717463771,0.6,H,T,Lose,8,6,,13,12657.677564169,1265.7677564169,0.3,T,T,Win,4,10,,13,8473.321344609001,847.3321344609002,0.6,H,H,Win,8,6,,13,8473.321344609,847.3321344609,0.6,H,T,Lose,8,6,,13,8473.321344608998,847.3321344608999,0.6,H,H,Win,9,5,,13,12657.677564168998,1265.7677564168998,0.5,T,H,Lose,7,7,,13,23110.245319491,2311.0245319491,0.9,H,H,Win,12,2,,13,6932.7174637709995,693.2717463771,0.6,H,H,Win,9,5,,13,10356.281643411001,1035.6281643411,0.7,H,T,Lose,10,4,,13,8473.321344609001,847.3321344609002,0.4,T,H,Lose,6,8,,13,4640.910037731,464.0910037731,0.6,H,T,Lose,8,6,,13,12657.677564169,1265.7677564169,0.6,H,T,Lose,9,5,,13,6932.717463770999,693.2717463770999,0.6,H,H,Win,9,5,,13,15470.494800651002,1547.0494800651004,0.2,T,T,Win,3,11,,13,12657.677564169,1265.7677564169,0.7,H,H,Win,10,4,,13,8473.321344609001,847.3321344609002,0.6,H,T,Lose,8,6,,13,10356.281643411,1035.6281643411,0.7,H,H,Win,10,4,,13,6932.717463770999,693.2717463770999,0.6,H,H,Win,8,6,,13,8473.321344609,847.3321344609,0.6,H,T,Lose,9,5,,13,12657.677564169,1265.7677564169,0.5,T,H,Lose,7,7,,13,8473.321344609,847.3321344609,0.6,H,H,Win,9,5,,13,6932.717463771,693.2717463771,0.6,H,H,Win,9,5,,13,8473.321344609,847.3321344609,0.6,H,T,Lose,9,5,,13,10356.281643411001,1035.6281643411,0.6,H,T,Lose,8,6,,13,8473.321344608998,847.3321344608999,0.5,H,T,Lose,7,7,,13,12657.677564169002,1265.7677564169003,0.6,H,H,Win,8,6,,13,15470.494800651,1547.0494800651002,0.4,T,T,Win,5,9,,13,15470.494800650999,1547.0494800651,0.7,H,H,Win,10,4,,13,5672.223379449,567.2223379449,0.5,T,H,Lose,7,7,,13,6932.7174637709995,693.2717463771,0.6,H,H,Win,8,6,,13,5672.223379448999,567.2223379449,0.6,H,H,Win,9,5,,13,10356.281643411001,1035.6281643411,0.6,H,T,Lose,9,5,,13,5672.223379448999,567.2223379449,0.4,T,T,Win,6,8,,13,6932.7174637709995,693.2717463771,0.6,T,H,Lose,8,6,,13,8473.321344609,847.3321344609,0.6,H,H,Win,8,6,,13,10356.281643411001,1035.6281643411,0.4,T,H,Lose,6,8,,13,6932.717463770998,693.2717463770998,0.5,T,H,Lose,7,7,,13,12657.677564169002,1265.7677564169003,0.4,T,H,Lose,5,9,,13,8473.321344609,847.3321344609,0.6,H,H,Win,8,6,,13,12657.677564169,1265.7677564169,0.4,T,H,Lose,5,9,,13,6932.7174637709995,693.2717463771,0.4,T,T,Win,6,8,,13,6932.7174637709995,693.2717463771,0.5,T,T,Win,7,7,,13,8473.321344609,847.3321344609,0.6,H,H,Win,9,5,,13,8473.321344608998,847.3321344608999,0.5,T,H,Lose,7,7,,13,6932.7174637709995,693.2717463771,0.5,T,H,Lose,7,7,,13,15470.494800651,1547.0494800651002,0.3,T,H,Lose,4,10,,13,10356.281643411001,1035.6281643411,0.6,H,H,Win,9,5,,13,10356.281643411,1035.6281643411,0.4,T,H,Lose,6,8,,13,12657.677564169002,1265.7677564169003,0.6,H,H,Win,8,6,,13,12657.677564169,1265.7677564169,0.6,H,H,Win,9,5,,13,6932.717463771,693.2717463771,0.5,T,H,Lose,7,7,,13,8473.321344609001,847.3321344609002,0.4,T,H,Lose,5,9,,13,8473.321344609001,847.3321344609002,0.3,T,T,Win,4,10,,13,12657.677564169,1265.7677564169,0.3,T,T,Win,4,10,,13,8473.321344608998,847.3321344608999,0.6,H,T,Lose,8,6,,13,15470.494800650999,1547.0494800651,0.7,H,H,Win,10,4,,13,6932.7174637709995,693.2717463771,0.4,T,T,Win,6,8,,13,10356.281643411003,1035.6281643411003,0.7,H,H,Win,10,4,,13,8473.321344609,847.3321344609,0.5,T,H,Lose,7,7,,13,6932.7174637709995,693.2717463771,0.6,H,T,Lose,9,5,,13,8473.321344608998,847.3321344608999,0.4,T,T,Win,6,8,,13,12657.677564169,1265.7677564169,0.3,T,T,Win,4,10,,13,12657.677564169,1265.7677564169,0.3,T,T,Win,4,10,,13,6932.7174637709995,693.2717463771,0.5,T,T,Win,7,7,,13,5672.223379449,567.2223379449,0.5,T,H,Lose,7,7,,13,12657.677564169,1265.7677564169,0.5,T,T,Win,7,7,,13,6932.717463770998,693.2717463770998,0.5,T,T,Win,7,7,,13,10356.281643411,1035.6281643411,0.5,T,H,Lose,7,7,,13,10356.281643411001,1035.6281643411,0.4,T,H,Lose,5,9,,13,5672.223379449,567.2223379449,0.6,H,H,Win,9,5,,13,10356.281643411,1035.6281643411,0.5,H,T,Lose,7,7,,13,10356.281643410997,1035.6281643410998,0.6,H,T,Lose,8,6,,13,4640.910037731001,464.09100377310006,0.6,T,H,Lose,8,6,,13,8473.321344608998,847.3321344608999,0.6,H,T,Lose,9,5,,13,10356.281643411001,1035.6281643411,0.4,T,T,Win,5,9,,13,8473.321344609,847.3321344609,0.4,T,T,Win,6,8,,13,15470.494800651002,1547.0494800651004,0.2,T,T,Win,3,11,,13,8473.321344609001,847.3321344609002,0.4,T,T,Win,5,9,,13,15470.494800651002,1547.0494800651004,0.2,T,T,Win,3,11,,13,15470.494800651004,1547.0494800651004,0.3,T,H,Lose,4,10,,13,8473.321344608998,847.3321344608999,0.5,T,H,Lose,7,7,,13,12657.677564169002,1265.7677564169003,0.7,H,H,Win,10,4,,13,12657.677564169,1265.7677564169,0.3,T,T,Win,4,10,,13,10356.281643411,1035.6281643411,0.4,T,T,Win,6,8,,13,5672.223379449,567.2223379449,0.5,T,H,Lose,7,7,,13,6932.7174637709995,693.2717463771,0.5,H,T,Lose,7,7,,13,15470.494800651,1547.0494800651002,0.3,T,H,Lose,4,10,,13,6932.7174637709995,693.2717463771,0.6,H,H,Win,9,5,,13,12657.677564169,1265.7677564169,0.6,H,H,Win,9,5,,13,6932.7174637709995,693.2717463771,0.5,H,T,Lose,7,7,,13,10356.281643411001,1035.6281643411,0.4,T,H,Lose,6,8,,13,5672.223379448999,567.2223379449,0.6,H,T,Lose,8,6,,13,10356.281643411,1035.6281643411,0.5,H,T,Lose,7,7,,13,23110.245319491,2311.0245319491,0.9,H,H,Win,12,2,,13,8473.321344608998,847.3321344608999,0.5,H,T,Lose,7,7,,13,8473.321344609,847.3321344609,0.5,T,H,Lose,7,7,,13,15470.494800651004,1547.0494800651004,0.3,T,H,Lose,4,10,,13,8473.321344608998,847.3321344608999,0.5,T,H,Lose,7,7,,13,12657.677564169,1265.7677564169,0.8,H,H,Win,11,3,,13,5672.223379448999,567.2223379449,0.5,H,T,Lose,7,7,,13,10356.281643411001,1035.6281643411,0.4,T,H,Lose,6,8,,13,12657.677564168996,1265.7677564168998,0.7,H,H,Win,10,4,,13,12657.677564169,1265.7677564169,0.3,T,T,Win,4,10,,13,10356.281643411001,1035.6281643411,0.7,H,H,Win,10,4,,13,5672.223379449,567.2223379449,0.6,H,H,Win,8,6,,13,6932.717463771001,693.2717463771002,0.6,H,T,Lose,8,6,,13,15470.494800651002,1547.0494800651004,0.4,T,T,Win,6,8,,13,5672.223379449,567.2223379449,0.6,H,H,Win,9,5,,13,12657.677564169,1265.7677564169,0.4,T,H,Lose,6,8,,13,8473.321344609,847.3321344609,0.7,H,H,Win,10,4,,13,12657.677564168998,1265.7677564168998,0.3,T,T,Win,4,10,,13,12657.677564169,1265.7677564169,0.4,T,T,Win,5,9,,13,12657.677564169,1265.7677564169,0.4,T,H,Lose,5,9,,13,6932.717463770998,693.2717463770998,0.6,H,H,Win,9,5,,13,10356.281643411,1035.6281643411,0.4,T,T,Win,5,9,,13,3797.108212689,379.7108212689,0.5,H,T,Lose,7,7,,13,15470.494800651004,1547.0494800651004,0.2,T,T,Win,3,11,,13,5672.2233794489985,567.2223379448999,0.6,T,H,Lose,8,6,,13,10356.281643411001,1035.6281643411,0.4,T,H,Lose,6,8,,13,12657.677564169,1265.7677564169,0.3,T,T,Win,4,10,,13,8473.321344609,847.3321344609,0.4,T,T,Win,6,8,,13,6932.7174637709995,693.2717463771,0.5,T,T,Win,7,7,,13,8473.321344608998,847.3321344608999,0.6,T,H,Lose,8,6,,13,5672.223379449,567.2223379449,0.6,H,H,Win,9,5,,13,23110.245319491,2311.0245319491,0.9,H,H,Win,12,2,,13,8473.321344609001,847.3321344609002,0.4,T,T,Win,5,9,,13,8473.321344609001,847.3321344609002,0.4,T,T,Win,5,9,,13,6932.717463770999,693.2717463770999,0.6,H,H,Win,8,6,,13,15470.494800650995,1547.0494800650995,0.3,T,H,Lose,4,10,,13,15470.494800651002,1547.0494800651004,0.3,T,H,Lose,4,10,,13,8473.321344609,847.3321344609,0.5,T,T,Win,7,7,,13,8473.321344608998,847.3321344608999,0.6,H,H,Win,8,6,,13,6932.7174637709995,693.2717463771,0.6,H,H,Win,8,6,,13,12657.677564169,1265.7677564169,0.6,H,T,Lose,8,6,,13,4640.910037731001,464.09100377310006,0.6,H,H,Win,8,6,,13,6932.717463771001,693.2717463771002,0.6,H,H,Win,9,5,,13,6932.717463771001,693.2717463771002,0.5,T,T,Win,7,7,,13,15470.494800651002,1547.0494800651004,0.3,T,H,Lose,4,10,,13,8473.321344608998,847.3321344608999,0.6,H,H,Win,9,5,,13,8473.321344609,847.3321344609,0.6,H,T,Lose,8,6,,13,15470.494800651002,1547.0494800651004,0.7,H,T,Lose,10,4,,13,12657.677564168996,1265.7677564168998,0.3,T,T,Win,4,10,,13,4640.910037731,464.0910037731,0.6,H,H,Win,9,5,,13,12657.677564169,1265.7677564169,0.3,T,T,Win,4,10,,13,12657.677564168998,1265.7677564168998,0.5,T,T,Win,7,7,,13,8473.321344608998,847.3321344608999,0.6,H,T,Lose,8,6,,13,8473.321344608998,847.3321344608999,0.6,H,T,Lose,9,5,,13,6932.717463771,693.2717463771,0.5,T,H,Lose,7,7,,13,10356.281643411,1035.6281643411,0.5,H,T,Lose,7,7,,13,10356.281643411,1035.6281643411,0.4,T,H,Lose,6,8,,13,5672.223379449,567.2223379449,0.6,H,T,Lose,8,6,,13,12657.677564169,1265.7677564169,0.7,H,H,Win,10,4,,13,12657.677564169,1265.7677564169,0.4,T,H,Lose,5,9,,13,10356.281643411001,1035.6281643411,0.4,T,H,Lose,6,8,,13,8473.321344609001,847.3321344609002,0.6,H,H,Win,9,5,,13,10356.281643411001,1035.6281643411,0.6,T,H,Lose,8,6,,13,15470.494800651002,1547.0494800651004,0.6,H,T,Lose,9,5,,13,8473.321344608998,847.3321344608999,0.6,H,T,Lose,8,6,,13,10356.281643411,1035.6281643411,0.5,T,H,Lose,7,7,,13,10356.281643410997,1035.6281643410998,0.4,T,T,Win,5,9,,13,10356.281643411,1035.6281643411,0.6,H,H,Win,9,5,,13,12657.677564169,1265.7677564169,0.4,T,T,Win,5,9,,13,4640.910037731001,464.09100377310006,0.6,H,H,Win,9,5,,13,6932.7174637709995,693.2717463771,0.4,T,T,Win,6,8,,13,15470.494800651004,1547.0494800651004,0.3,T,H,Lose,4,10,,13,8473.321344608998,847.3321344608999,0.6,H,T,Lose,8,6,,13,12657.677564169002,1265.7677564169003,0.3,T,T,Win,4,10,,13,6932.717463770998,693.2717463770998,0.6,T,H,Lose,8,6,,13,8473.321344609,847.3321344609,0.5,T,H,Lose,7,7,,13,12657.677564169002,1265.7677564169003,0.7,H,H,Win,10,4,,13,23110.245319491,2311.0245319491,0.8,H,T,Lose,11,3,,13,15470.494800651004,1547.0494800651004,0.4,T,H,Lose,6,8,,13,4640.910037731001,464.09100377310006,0.6,H,H,Win,9,5,,13,8473.321344609,847.3321344609,0.5,T,H,Lose,7,7,,13,12657.677564169,1265.7677564169,0.8,H,H,Win,11,3,,13,6932.717463771001,693.2717463771002,0.6,H,H,Win,9,5,,13,12657.677564169002,1265.7677564169003,0.4,T,H,Lose,5,9,,13,15470.494800650995,1547.0494800650995,0.3,T,H,Lose,4,10,,13,8473.321344609,847.3321344609,0.6,H,T,Lose,8,6,,13,4640.910037730999,464.0910037730999,0.6,H,H,Win,8,6,,13,10356.281643411001,1035.6281643411,0.4,T,T,Win,5,9,,13,10356.281643411,1035.6281643411,0.6,H,T,Lose,9,5,,13,6932.717463770999,693.2717463770999,0.4,T,T,Win,6,8,,13,8473.321344609,847.3321344609,0.6,H,T,Lose,8,6,,13,10356.281643411001,1035.6281643411,0.4,T,H,Lose,6,8,,13,4640.910037730999,464.0910037730999,0.4,T,T,Win,6,8,,13,10356.281643411,1035.6281643411,0.4,T,T,Win,5,9,,13,12657.677564169,1265.7677564169,0.4,T,H,Lose,5,9,,13,6932.7174637709995,693.2717463771,0.6,H,H,Win,8,6,,13,12657.677564169,1265.7677564169,0.7,H,T,Lose,10,4,,13,12657.677564169,1265.7677564169,0.7,H,H,Win,10,4,,13,10356.281643411003,1035.6281643411003,0.5,H,T,Lose,7,7,,13,8473.321344608998,847.3321344608999,0.4,T,T,Win,6,8,,13,8473.321344609,847.3321344609,0.5,T,H,Lose,7,7,,13,6932.7174637709995,693.2717463771,0.5,H,T,Lose,7,7,,13,12657.677564169,1265.7677564169,0.7,H,T,Lose,10,4,,13,10356.281643411001,1035.6281643411,0.7,H,T,Lose,10,4,,13,6932.717463771001,693.2717463771002,0.5,T,T,Win,7,7,,13,15470.494800650995,1547.0494800650995,0.2,T,T,Win,3,11,,13,8473.321344609001,847.3321344609002,0.6,H,H,Win,8,6,,13,8473.321344609,847.3321344609,0.4,T,T,Win,6,8,,13,12657.677564169,1265.7677564169,0.4,T,H,Lose,6,8,,13,5672.223379449,567.2223379449,0.5,T,H,Lose,7,7,,13,8473.321344608998,847.3321344608999,0.6,T,H,Lose,8,6,,13,8473.321344609,847.3321344609,0.5,T,T,Win,7,7,,13,6932.717463771,693.2717463771,0.5,T,H,Lose,7,7,,13,12657.677564169,1265.7677564169,0.4,T,T,Win,5,9,,13,6932.717463771,693.2717463771,0.6,H,T,Lose,8,6,,13,5672.223379449,567.2223379449,0.5,T,H,Lose,7,7,,13,10356.281643411001,1035.6281643411,0.7,H,H,Win,10,4,,13,5672.223379448999,567.2223379449,0.4,T,T,Win,6,8,,13,6932.7174637709995,693.2717463771,0.4,T,H,Lose,6,8,,13,8473.321344609,847.3321344609,0.5,H,T,Lose,7,7,,13,15470.494800651002,1547.0494800651004,0.9,H,H,Win,12,2,,13,5672.223379448999,567.2223379449,0.6,H,H,Win,8,6,,13,10356.281643411,1035.6281643411,0.4,T,H,Lose,6,8,,13,18908.382534129,1890.8382534129,0.8,H,H,Win,11,3,,13,8473.321344609,847.3321344609,0.4,T,T,Win,6,8,,13,6932.7174637709995,693.2717463771,0.6,H,T,Lose,9,5,,13,5672.223379449,567.2223379449,0.5,T,H,Lose,7,7,,13,12657.677564169,1265.7677564169,0.7,H,T,Lose,10,4,,13,8473.321344609,847.3321344609,0.6,H,H,Win,8,6,,13,8473.321344609001,847.3321344609002,0.4,T,T,Win,6,8,,13,8473.321344608998,847.3321344608999,0.4,T,T,Win,5,9,,13,10356.281643411001,1035.6281643411,0.7,H,H,Win,10,4,,13,10356.281643411,1035.6281643411,0.5,T,H,Lose,7,7,,13,12657.677564169,1265.7677564169,0.4,T,H,Lose,5,9,,13,6932.7174637709995,693.2717463771,0.5,T,H,Lose,7,7,,13,8473.321344608998,847.3321344608999,0.4,T,T,Win,6,8,,13,23110.245319491,2311.0245319491,0.9,H,H,Win,12,2,,13,10356.281643411001,1035.6281643411,0.4,T,T,Win,6,8,,13,5672.223379448999,567.2223379449,0.5,T,H,Lose,7,7,,13,10356.281643411,1035.6281643411,0.4,T,T,Win,5,9,,13,10356.281643411,1035.6281643411,0.4,T,T,Win,6,8,,13,4640.910037731,464.0910037731,0.6,H,H,Win,9,5,,13,10356.281643411001,1035.6281643411,0.6,H,T,Lose,9,5,,13,8473.321344609001,847.3321344609002,0.6,H,H,Win,8,6,,13,5672.223379449,567.2223379449,0.6,H,H,Win,9,5,,13,12657.677564169002,1265.7677564169003,0.6,H,T,Lose,8,6,,13,8473.321344608998,847.3321344608999,0.5,T,H,Lose,7,7,,13,12657.677564169,1265.7677564169,0.4,T,H,Lose,6,8,,13,10356.281643411,1035.6281643411,0.6,H,T,Lose,9,5,,13,6932.717463770998,693.2717463770998,0.6,T,H,Lose,8,6,,13,8473.321344608998,847.3321344608999,0.6,H,H,Win,9,5,,13,8473.321344608998,847.3321344608999,0.6,T,H,Lose,8,6,,13,6932.717463771,693.2717463771,0.6,H,H,Win,9,5,,13,6932.717463770998,693.2717463770998,0.5,H,T,Lose,7,7,,13,8473.321344609,847.3321344609,0.5,T,T,Win,7,7,,13,15470.494800651,1547.0494800651002,0.3,T,T,Win,4,10,,13,4640.910037731001,464.09100377310006,0.5,T,T,Win,7,7,,13,15470.494800651004,1547.0494800651004,0.2,T,T,Win,3,11,,13,12657.677564169002,1265.7677564169003,0.6,H,H,Win,9,5,,13,10356.281643411001,1035.6281643411,0.4,T,T,Win,5,9,,13,6932.717463770999,693.2717463770999,0.5,T,H,Lose,7,7,,13,12657.677564169002,1265.7677564169003,0.4,T,H,Lose,5,9,,13,10356.281643411001,1035.6281643411,0.3,T,T,Win,4,10,,13,12657.677564169,1265.7677564169,0.4,T,H,Lose,5,9,,13,5672.223379449,567.2223379449,0.6,H,T,Lose,8,6,,13,6932.7174637709995,693.2717463771,0.6,H,T,Lose,8,6,,13,15470.494800651004,1547.0494800651004,0.4,T,T,Win,5,9,,13,12657.677564168998,1265.7677564168998,0.4,T,H,Lose,5,9,,13,8473.321344608998,847.3321344608999,0.6,H,H,Win,9,5,,13,12657.677564169,1265.7677564169,0.5,T,H,Lose,7,7,,13,15470.494800651004,1547.0494800651004,0.2,T,T,Win,3,11,,13,12657.677564169,1265.7677564169,0.4,T,H,Lose,5,9,,13,10356.281643411,1035.6281643411,0.4,T,T,Win,6,8,,13,8473.321344608998,847.3321344608999,0.5,T,H,Lose,7,7,,13,10356.281643411001,1035.6281643411,0.8,H,H,Win,11,3,,13,8473.321344609001,847.3321344609002,0.4,T,H,Lose,6,8,,13,12657.677564169002,1265.7677564169003,0.7,H,H,Win,10,4,,13,12657.677564169,1265.7677564169,0.4,T,H,Lose,5,9,,13,8473.321344609001,847.3321344609002,0.6,H,H,Win,9,5,,13,12657.677564169,1265.7677564169,0.6,H,T,Lose,8,6,,13,12657.677564169,1265.7677564169,0.7,H,H,Win,10,4,,13,6932.7174637709995,693.2717463771,0.5,T,H,Lose,7,7,,13,6932.7174637709995,693.2717463771,0.6,H,T,Lose,8,6,,13,10356.281643411001,1035.6281643411,0.4,T,H,Lose,6,8,,13,18908.382534129,1890.8382534129,0.9,H,H,Win,12,2,,13,10356.281643411,1035.6281643411,0.6,H,T,Lose,8,6,,13,6932.717463770999,693.2717463770999,0.6,H,T,Lose,8,6,,13,12657.677564169002,1265.7677564169003,0.4,T,H,Lose,5,9,,13,6932.717463770998,693.2717463770998,0.4,T,T,Win,6,8,,13,8473.321344609,847.3321344609,0.7,H,H,Win,10,4,,13,6932.717463771,693.2717463771,0.7,H,H,Win,10,4,,13,8473.321344609001,847.3321344609002,0.5,T,H,Lose,7,7,,13,12657.677564169,1265.7677564169,0.3,T,T,Win,4,10,,13,18908.382534129,1890.8382534129,0.7,H,T,Lose,10,4,,13,15470.494800651002,1547.0494800651004,0.4,T,H,Lose,5,9,,13,6932.7174637709995,693.2717463771,0.6,T,H,Lose,8,6,,13,8473.321344609001,847.3321344609002,0.6,H,H,Win,8,6,,13,4640.910037731,464.0910037731,0.6,H,H,Win,8,6,,13,15470.494800650999,1547.0494800651,0.4,T,H,Lose,6,8,,13,12657.677564169002,1265.7677564169003,0.6,H,H,Win,9,5,,13,23110.245319491,2311.0245319491,0.1,T,T,Win,2,12,,13,8473.321344608998,847.3321344608999,0.5,H,T,Lose,7,7,,13,15470.494800651002,1547.0494800651004,0.4,T,T,Win,5,9,,13,4640.910037731001,464.09100377310006,0.4,T,T,Win,6,8,,13,6932.717463770999,693.2717463770999,0.4,T,T,Win,6,8,,13,12657.677564169,1265.7677564169,0.5,T,T,Win,7,7,,13,15470.494800651002,1547.0494800651004,0.2,T,T,Win,3,11,,13,15470.494800651004,1547.0494800651004,0.3,T,H,Lose,4,10,,13,6932.7174637709995,693.2717463771,0.5,T,H,Lose,7,7,,13,15470.494800651,1547.0494800651002,0.6,H,T,Lose,9,5,,13,15470.494800651004,1547.0494800651004,0.4,T,H,Lose,6,8,,13,10356.281643410997,1035.6281643410998,0.6,H,H,Win,9,5,,13,8473.321344608998,847.3321344608999,0.5,T,T,Win,7,7,,13,10356.281643411001,1035.6281643411,0.5,T,H,Lose,7,7,,13,4640.910037731,464.0910037731,0.5,T,H,Lose,7,7,,13,10356.281643411,1035.6281643411,0.4,T,H,Lose,6,8,,13,8473.321344608998,847.3321344608999,0.5,T,H,Lose,7,7,,13,4640.910037731001,464.09100377310006,0.6,H,H,Win,9,5,,13,10356.281643411,1035.6281643411,0.4,T,H,Lose,6,8,,13,10356.281643411,1035.6281643411,0.4,T,H,Lose,6,8,,13,18908.382534129,1890.8382534129,0.9,H,H,Win,12,2,,13,8473.321344609,847.3321344609,0.6,T,H,Lose,8,6,,13,5672.223379449,567.2223379449,0.5,T,T,Win,7,7,,13,10356.281643411001,1035.6281643411,0.4,T,T,Win,5,9,,13,23110.245319490998,2311.0245319491,0.2,T,T,Win,3,11,,13,6932.717463770999,693.2717463770999,0.5,T,H,Lose,7,7,,13,12657.677564169,1265.7677564169,0.4,T,H,Lose,5,9,,13,8473.321344609,847.3321344609,0.6,H,H,Win,8,6,,13,15470.494800651,1547.0494800651002,0.3,T,H,Lose,4,10,,13,10356.281643411003,1035.6281643411003,0.5,T,H,Lose,7,7,,13,10356.281643411,1035.6281643411,0.6,H,T,Lose,8,6,,13,3106.724901291,310.6724901291,0.4,T,T,Win,6,8,,13,10356.281643411,1035.6281643411,0.6,H,H,Win,8,6,,13,12657.677564168996,1265.7677564168998,0.4,T,H,Lose,5,9,,13,10356.281643411003,1035.6281643411003,0.7,H,H,Win,10,4,,13,8473.321344608998,847.3321344608999,0.5,T,H,Lose,7,7,,13,8473.321344609001,847.3321344609002,0.6,H,T,Lose,8,6,,13,18908.382534128996,1890.8382534128996,0.8,H,T,Lose,11,3,,13,12657.677564169,1265.7677564169,0.3,T,T,Win,4,10,,13,10356.281643411,1035.6281643411,0.4,T,H,Lose,6,8,,13,10356.281643411001,1035.6281643411,0.4,T,T,Win,5,9,,13,5672.223379448999,567.2223379449,0.4,T,T,Win,6,8,,13,8473.321344609,847.3321344609,0.6,H,T,Lose,9,5,,13,10356.281643411,1035.6281643411,0.4,T,T,Win,5,9,,13,5672.223379449,567.2223379449,0.5,H,T,Lose,7,7,,13,18908.382534129007,1890.8382534129007,0.4,T,H,Lose,5,9,,13,3797.1082126889996,379.71082126889996,0.6,H,H,Win,9,5,,13,6932.717463771,693.2717463771,0.5,H,T,Lose,7,7,,13,10356.281643410995,1035.6281643410996,0.4,T,T,Win,6,8,,13,10356.281643411,1035.6281643411,0.5,T,T,Win,7,7,,13,10356.281643411001,1035.6281643411,0.6,H,H,Win,9,5,,13,6932.717463770998,693.2717463770998,0.6,H,H,Win,9,5,,13,12657.677564168998,1265.7677564168998,0.4,T,H,Lose,5,9,,13,5672.223379449,567.2223379449,0.5,H,T,Lose,7,7,,13,8473.321344608998,847.3321344608999,0.5,T,H,Lose,7,7,,13,8473.321344609,847.3321344609,0.6,H,H,Win,9,5,,13,8473.321344609,847.3321344609,0.5,T,T,Win,7,7,,13,8473.321344609001,847.3321344609002,0.6,H,T,Lose,8,6,,13,8473.321344609,847.3321344609,0.6,H,T,Lose,9,5,,13,10356.281643411,1035.6281643411,0.4,T,T,Win,6,8,,13,5672.223379449001,567.2223379449001,0.6,H,H,Win,9,5,,13,6932.717463771001,693.2717463771002,0.6,T,H,Lose,8,6,,13,23110.245319491,2311.0245319491,0.8,H,T,Lose,11,3,,13,12657.677564169,1265.7677564169,0.6,H,T,Lose,9,5,,13,10356.281643411,1035.6281643411,0.4,T,H,Lose,6,8,,13,12657.677564169002,1265.7677564169003,0.6,H,T,Lose,8,6,,13,8473.321344609,847.3321344609,0.5,T,H,Lose,7,7,,13,10356.281643411001,1035.6281643411,0.4,T,T,Win,5,9,,13,12657.677564169,1265.7677564169,0.3,T,T,Win,4,10,,13,8473.321344608998,847.3321344608999,0.7,H,H,Win,10,4,,13,10356.281643411,1035.6281643411,0.5,H,T,Lose,7,7,,13,6932.717463771001,693.2717463771002,0.6,H,H,Win,9,5,,13,12657.677564169,1265.7677564169,0.3,T,T,Win,4,10,,13,15470.494800651002,1547.0494800651004,0.9,H,H,Win,12,2,,13,15470.494800650999,1547.0494800651,0.6,H,T,Lose,9,5,,13,6932.717463771,693.2717463771,0.4,T,T,Win,6,8,,13,8473.321344608998,847.3321344608999,0.4,T,T,Win,6,8,,13,18908.382534129003,1890.8382534129005,0.7,H,T,Lose,10,4,,13,6932.717463770999,693.2717463770999,0.5,T,H,Lose,7,7,,13,15470.494800651002,1547.0494800651004,0.7,H,T,Lose,10,4,,13,5672.223379449,567.2223379449,0.5,T,T,Win,7,7,,13,10356.281643411,1035.6281643411,0.4,T,H,Lose,6,8,,13,15470.494800651004,1547.0494800651004,0.7,H,H,Win,10,4,,13,12657.677564169,1265.7677564169,0.3,T,T,Win,4,10,,13,18908.382534128996,1890.8382534128996,0.2,T,H,Lose,3,11,,13,18908.382534128996,1890.8382534128996,0.4,T,H,Lose,5,9,,13,5672.2233794489985,567.2223379448999,0.5,T,T,Win,7,7,,13,5672.223379449,567.2223379449,0.4,T,T,Win,6,8,,13,15470.494800651002,1547.0494800651004,0.2,T,T,Win,3,11,,13,12657.677564169002,1265.7677564169003,0.4,T,T,Win,5,9,,13,6932.7174637709995,693.2717463771,0.6,H,T,Lose,8,6,,13,8473.321344608998,847.3321344608999,0.5,T,T,Win,7,7,,13,6932.7174637709995,693.2717463771,0.5,H,T,Lose,7,7,,13,8473.321344609,847.3321344609,0.6,T,H,Lose,8,6,,13,4640.910037731001,464.09100377310006,0.5,T,T,Win,7,7,,13,8473.321344609,847.3321344609,0.6,T,H,Lose,8,6,,13,5672.223379448999,567.2223379449,0.4,T,T,Win,5,9,,13,10356.281643411001,1035.6281643411,0.4,T,T,Win,5,9,,13,10356.281643411,1035.6281643411,0.5,T,H,Lose,7,7,,13,15470.494800651004,1547.0494800651004,0.4,T,T,Win,5,9,,13,10356.281643411001,1035.6281643411,0.4,T,T,Win,5,9,,13,5672.223379449,567.2223379449,0.5,T,H,Lose,7,7,,13,10356.281643411,1035.6281643411,0.6,T,H,Lose,8,6,,13,10356.281643411001,1035.6281643411,0.5,T,H,Lose,7,7,,13,8473.321344609001,847.3321344609002,0.7,H,H,Win,10,4,,13,12657.677564169002,1265.7677564169003,0.6,H,T,Lose,9,5,,13,12657.677564169,1265.7677564169,0.5,T,H,Lose,7,7,,13,10356.281643411001,1035.6281643411,0.4,T,T,Win,5,9,,13,8473.321344609,847.3321344609,0.6,H,H,Win,9,5,,13,6932.717463770998,693.2717463770998,0.5,T,H,Lose,7,7,,13,8473.321344609,847.3321344609,0.4,T,T,Win,5,9,,13,10356.281643411,1035.6281643411,0.4,T,H,Lose,5,9,,13,10356.281643411,1035.6281643411,0.4,T,H,Lose,6,8,,13,12657.677564169,1265.7677564169,0.4,T,H,Lose,5,9,,13,23110.245319491,2311.0245319491,0.2,T,H,Lose,3,11,,13,10356.281643411001,1035.6281643411,0.4,T,H,Lose,6,8,,13,8473.321344608998,847.3321344608999,0.4,T,T,Win,6,8,,13,18908.382534129007,1890.8382534129007,0.1,T,T,Win,2,12,,13,8473.321344609,847.3321344609,0.6,H,T,Lose,8,6,,13,6932.7174637709995,693.2717463771,0.4,T,T,Win,6,8,,13,12657.677564169,1265.7677564169,0.4,T,T,Win,5,9,,13,6932.717463771001,693.2717463771002,0.5,T,H,Lose,7,7,,13,8473.321344609,847.3321344609,0.4,T,T,Win,6,8,,13,6932.717463770998,693.2717463770998,0.6,H,H,Win,8,6,,13,12657.677564169,1265.7677564169,0.4,T,H,Lose,6,8,,13,10356.281643411,1035.6281643411,0.6,H,T,Lose,8,6,,13,15470.494800651004,1547.0494800651004,0.3,T,H,Lose,4,10,,13,6932.717463771,693.2717463771,0.6,H,T,Lose,8,6,,13,8473.321344608998,847.3321344608999,0.4,T,T,Win,6,8,,13,12657.677564169,1265.7677564169,0.4,T,H,Lose,5,9,,13,4640.910037730999,464.0910037730999,0.6,T,H,Lose,8,6,,13,6932.7174637709995,693.2717463771,0.5,T,T,Win,7,7,,13,15470.494800650997,1547.0494800650997,0.7,H,T,Lose,10,4,,13,8473.321344608998,847.3321344608999,0.4,T,T,Win,6,8,,13,6932.717463771,693.2717463771,0.6,H,T,Lose,9,5,,13,12657.677564169,1265.7677564169,0.5,T,H,Lose,7,7,,13,10356.281643411001,1035.6281643411,0.4,T,H,Lose,6,8,,13,10356.281643411,1035.6281643411,0.4,T,T,Win,6,8,,13,6932.717463771001,693.2717463771002,0.5,H,T,Lose,7,7,,13,6932.7174637709995,693.2717463771,0.5,H,T,Lose,7,7,,13,4640.910037731,464.0910037731,0.5,T,T,Win,7,7,,13,15470.494800650999,1547.0494800651,0.6,H,T,Lose,9,5,,13,10356.281643411,1035.6281643411,0.6,T,H,Lose,8,6,,13,18908.382534129,1890.8382534129,0.7,H,T,Lose,10,4,,13,6932.717463771,693.2717463771,0.6,H,H,Win,8,6,,13,18908.382534129,1890.8382534129,0.3,T,T,Win,4,10,,13,6932.717463771001,693.2717463771002,0.5,H,T,Lose,7,7,,13,6932.717463771001,693.2717463771002,0.5,T,H,Lose,7,7,,13,10356.281643411001,1035.6281643411,0.6,H,T,Lose,9,5,,13,10356.281643411001,1035.6281643411,0.5,T,H,Lose,7,7,,13,8473.321344609,847.3321344609,0.5,T,H,Lose,7,7,,13,10356.281643411001,1035.6281643411,0.6,H,T,Lose,8,6,,13,10356.281643411,1035.6281643411,0.5,T,H,Lose,7,7,,13,8473.321344608998,847.3321344608999,0.5,T,H,Lose,7,7,,13,12657.677564169,1265.7677564169,0.5,T,H,Lose,7,7,,13,6932.717463771,693.2717463771,0.4,T,T,Win,6,8,,13,12657.677564169,1265.7677564169,0.7,H,H,Win,10,4,,13,15470.494800651002,1547.0494800651004,0.4,T,H,Lose,5,9,,13,12657.677564168998,1265.7677564168998,0.6,T,H,Lose,8,6,,13,10356.281643411001,1035.6281643411,0.4,T,H,Lose,5,9,,13,8473.321344609,847.3321344609,0.5,T,H,Lose,7,7,,13,10356.281643411001,1035.6281643411,0.4,T,T,Win,5,9,,13,15470.494800651002,1547.0494800651004,0.7,H,H,Win,10,4,,13,12657.677564169,1265.7677564169,0.6,H,T,Lose,8,6,,13,18908.382534129,1890.8382534129,0.2,T,H,Lose,3,11,,13,10356.281643411001,1035.6281643411,0.6,H,H,Win,9,5,,13,15470.494800651,1547.0494800651002,0.3,T,H,Lose,4,10,,13,12657.677564169002,1265.7677564169003,0.3,T,T,Win,4,10,,13,8473.321344609001,847.3321344609002,0.6,H,T,Lose,9,5,,13,18908.382534129,1890.8382534129,0.4,T,H,Lose,5,9,,13,8473.321344608998,847.3321344608999,0.6,T,H,Lose,8,6,,13,6932.717463770999,693.2717463770999,0.5,T,T,Win,7,7,,13,15470.494800651002,1547.0494800651004,0.2,T,T,Win,3,11,,13,8473.321344608998,847.3321344608999,0.5,T,H,Lose,7,7,,13,6932.7174637709995,693.2717463771,0.5,T,H,Lose,7,7,,13,5672.223379449,567.2223379449,0.5,T,H,Lose,7,7,,13,10356.281643411,1035.6281643411,0.4,T,H,Lose,6,8,,13,5672.223379449,567.2223379449,0.6,H,T,Lose,8,6,,13,12657.677564169002,1265.7677564169003,0.7,H,H,Win,10,4,,13,6932.7174637709995,693.2717463771,0.6,H,H,Win,8,6,,13,5672.223379449,567.2223379449,0.5,H,T,Lose,7,7,,13,15470.494800651002,1547.0494800651004,0.7,H,T,Lose,10,4,,13,10356.281643411,1035.6281643411,0.6,H,H,Win,9,5,,13,5672.223379449,567.2223379449,0.6,H,T,Lose,8,6,,13,8473.321344609,847.3321344609,0.6,H,T,Lose,8,6,,13,10356.281643411,1035.6281643411,0.5,T,H,Lose,7,7,,13,5672.223379448999,567.2223379449,0.4,T,T,Win,6,8,,13,10356.281643411001,1035.6281643411,0.7,H,H,Win,10,4,,13,8473.321344609001,847.3321344609002,0.6,H,H,Win,8,6,,13,12657.677564169002,1265.7677564169003,0.4,T,T,Win,6,8,,13,15470.494800650997,1547.0494800650997,0.2,T,T,Win,3,11,,13,15470.494800651,1547.0494800651002,0.8,H,H,Win,11,3,,13,5672.223379449,567.2223379449,0.5,T,T,Win,7,7,,13,15470.494800651,1547.0494800651002,0.7,H,T,Lose,10,4,,13,8473.321344608998,847.3321344608999,0.5,T,H,Lose,7,7,,13,18908.382534129007,1890.8382534129007,0.1,T,T,Win,2,12,,13,8473.321344609001,847.3321344609002,0.5,T,H,Lose,7,7,,13,6932.717463770999,693.2717463770999,0.6,H,H,Win,8,6,,13,15470.494800651002,1547.0494800651004,0.4,T,H,Lose,6,8,,13,6932.717463771,693.2717463771,0.6,H,H,Win,9,5,,13,10356.281643410997,1035.6281643410998,0.4,T,T,Win,6,8,,13,10356.281643411001,1035.6281643411,0.4,T,T,Win,5,9,,13,6932.7174637709995,693.2717463771,0.5,T,H,Lose,7,7,,13,6932.717463771001,693.2717463771002,0.6,H,T,Lose,8,6,,13,5672.223379448999,567.2223379449,0.5,T,T,Win,7,7,,13,8473.321344609,847.3321344609,0.4,T,T,Win,6,8,,13,10356.281643411001,1035.6281643411,0.6,H,T,Lose,8,6,,13,12657.677564169002,1265.7677564169003,0.6,H,T,Lose,9,5,,13,10356.281643411003,1035.6281643411003,0.6,T,H,Lose,8,6,,13,8473.321344609001,847.3321344609002,0.4,T,T,Win,6,8,,13,12657.677564169002,1265.7677564169003,0.4,T,H,Lose,5,9,,13,8473.321344609,847.3321344609,0.4,T,T,Win,6,8,,13,23110.245319490994,2311.0245319490996,0.3,T,H,Lose,4,10,,13,18908.382534129,1890.8382534129,0.3,T,T,Win,4,10,,13,8473.321344608998,847.3321344608999,0.5,T,T,Win,7,7,,13,8473.321344609001,847.3321344609002,0.6,H,H,Win,9,5,,13,12657.677564169,1265.7677564169,0.4,T,H,Lose,5,9,,13,5672.223379449,567.2223379449,0.5,T,H,Lose,7,7,,13,5672.223379448999,567.2223379449,0.5,T,T,Win,7,7,,13,8473.321344609,847.3321344609,0.6,H,T,Lose,8,6,,13,4640.910037731,464.0910037731,0.6,H,H,Win,8,6,,13,5672.223379448999,567.2223379449,0.6,H,H,Win,9,5,,13,8473.321344609,847.3321344609,0.5,T,H,Lose,7,7,,13,3797.108212688999,379.71082126889996,0.4,T,T,Win,6,8,,13,6932.717463770999,693.2717463770999,0.5,T,H,Lose,7,7,,13,12657.677564169,1265.7677564169,0.4,T,T,Win,5,9,,13,8473.321344609001,847.3321344609002,0.4,T,H,Lose,6,8,,13,15470.494800651002,1547.0494800651004,0.7,H,T,Lose,10,4,,13,5672.2233794489985,567.2223379448999,0.4,T,H,Lose,6,8,,13,10356.281643411,1035.6281643411,0.4,T,T,Win,6,8,,13,10356.281643411,1035.6281643411,0.6,H,H,Win,8,6,,13,10356.281643411,1035.6281643411,0.6,H,H,Win,8,6,,13,12657.677564169,1265.7677564169,0.3,T,T,Win,4,10,,13,10356.281643411,1035.6281643411,0.6,H,H,Win,8,6,,13,6932.7174637709995,693.2717463771,0.6,T,H,Lose,8,6,,13,5672.223379448999,567.2223379449,0.6,H,T,Lose,8,6,,13,10356.281643411001,1035.6281643411,0.6,H,T,Lose,9,5,,13,6932.7174637709995,693.2717463771,0.5,H,T,Lose,7,7,,13,18908.382534129,1890.8382534129,0.3,T,T,Win,4,10,,13,6932.7174637709995,693.2717463771,0.4,T,T,Win,5,9,,13,12657.677564168996,1265.7677564168998,0.6,H,T,Lose,9,5,,13,10356.281643411,1035.6281643411,0.4,T,H,Lose,6,8,,13,8473.321344609,847.3321344609,0.6,H,T,Lose,8,6,,13,15470.494800651004,1547.0494800651004,0.3,T,H,Lose,4,10,,13,10356.281643411,1035.6281643411,0.4,T,H,Lose,6,8,,13,4640.910037731,464.0910037731,0.6,T,H,Lose,8,6,,13,12657.677564169,1265.7677564169,0.5,T,T,Win,7,7,,13,6932.717463771001,693.2717463771002,0.6,T,H,Lose,8,6,,13,10356.281643411001,1035.6281643411,0.6,H,T,Lose,8,6,,13,15470.494800651,1547.0494800651002,0.7,H,H,Win,10,4,,13,10356.281643411,1035.6281643411,0.4,T,H,Lose,6,8,,13,10356.281643411,1035.6281643411,0.4,T,H,Lose,6,8,,13,12657.677564169,1265.7677564169,0.3,T,T,Win,4,10,,13,8473.321344609001,847.3321344609002,0.4,T,T,Win,5,9,,13,8473.321344608998,847.3321344608999,0.4,T,T,Win,6,8,,13,15470.494800651004,1547.0494800651004,0.3,T,H,Lose,4,10,,13,8473.321344608998,847.3321344608999,0.4,T,T,Win,6,8,,13,10356.281643411,1035.6281643411,0.8,H,H,Win,11,3,,13,12657.677564169002,1265.7677564169003,0.4,T,T,Win,5,9,,13,10356.281643411001,1035.6281643411,0.5,T,H,Lose,7,7,,13,15470.494800651002,1547.0494800651004,0.5,H,T,Lose,7,7,,13,5672.223379448999,567.2223379449,0.4,T,T,Win,6,8,,13,4640.910037731,464.0910037731,0.6,H,H,Win,9,5,,13,12657.677564169,1265.7677564169,0.4,T,H,Lose,5,9,,13,10356.281643411,1035.6281643411,0.4,T,H,Lose,6,8,,13,5672.2233794489985,567.2223379448999,0.6,H,H,Win,8,6,,13,6932.7174637709995,693.2717463771,0.6,H,H,Win,8,6,,13,10356.281643410997,1035.6281643410998,0.6,H,T,Lose,9,5,,13,8473.321344609001,847.3321344609002,0.4,T,T,Win,6,8,,13,8473.321344609,847.3321344609,0.4,T,T,Win,6,8,,13,8473.321344608998,847.3321344608999,0.5,H,T,Lose,7,7,,13,5672.223379449,567.2223379449,0.5,H,T,Lose,7,7,,13,18908.382534128996,1890.8382534128996,0.3,T,T,Win,4,10,,13,12657.677564169,1265.7677564169,0.6,H,H,Win,9,5,,13,10356.281643411001,1035.6281643411,0.6,H,T,Lose,8,6,,13,15470.494800651004,1547.0494800651004,0.3,T,H,Lose,4,10,,13,12657.677564169,1265.7677564169,0.5,T,H,Lose,7,7,,13,10356.281643411001,1035.6281643411,0.6,H,H,Win,9,5,,13,8473.321344609,847.3321344609,0.5,T,T,Win,7,7,,13,12657.677564169002,1265.7677564169003,0.3,T,T,Win,4,10,,13,15470.494800651004,1547.0494800651004,0.3,T,H,Lose,4,10,,13,10356.281643411,1035.6281643411,0.4,T,T,Win,5,9,,13,4640.910037730999,464.0910037730999,0.5,T,T,Win,7,7,,13,5672.223379448999,567.2223379449,0.5,T,H,Lose,7,7,,13,8473.321344609001,847.3321344609002,0.6,H,H,Win,8,6,,13,8473.321344608998,847.3321344608999,0.5,T,H,Lose,7,7,,13,10356.281643411,1035.6281643411,0.4,T,H,Lose,6,8,,13,5672.223379448999,567.2223379449,0.6,H,T,Lose,8,6,,13,6932.7174637709995,693.2717463771,0.6,H,T,Lose,8,6,,13,10356.281643410995,1035.6281643410996,0.5,T,T,Win,7,7,,13,6932.7174637709995,693.2717463771,0.4,T,T,Win,6,8,,13,8473.321344609,847.3321344609,0.4,T,T,Win,6,8,,13,12657.677564169002,1265.7677564169003,0.6,H,T,Lose,9,5,,13,23110.245319490998,2311.0245319491,0.1,T,H,Lose,2,12,,13,8473.321344609001,847.3321344609002,0.6,H,T,Lose,8,6,,13,5672.223379449,567.2223379449,0.6,H,H,Win,9,5,,13,15470.494800651002,1547.0494800651004,0.3,T,H,Lose,4,10,,13,12657.677564169,1265.7677564169,0.4,T,H,Lose,6,8,,13,12657.677564169,1265.7677564169,0.4,T,T,Win,5,9,,13,6932.7174637709995,693.2717463771,0.6,H,H,Win,9,5,,13,6932.7174637709995,693.2717463771,0.5,H,T,Lose,7,7,,13,8473.321344609,847.3321344609,0.6,T,H,Lose,8,6,,13,12657.677564169,1265.7677564169,0.4,T,H,Lose,5,9,,13,8473.321344608998,847.3321344608999,0.4,T,T,Win,6,8,,13,8473.321344608998,847.3321344608999,0.6,H,H,Win,8,6,,13,5672.223379449,567.2223379449,0.5,T,H,Lose,7,7,,13,10356.281643411001,1035.6281643411,0.4,T,T,Win,5,9,,13,6932.7174637709995,693.2717463771,0.6,H,H,Win,9,5,,13,8473.321344609001,847.3321344609002,0.6,H,H,Win,9,5,,13,12657.677564169002,1265.7677564169003,0.4,T,H,Lose,5,9,,13,12657.677564169,1265.7677564169,0.4,T,H,Lose,6,8,,13,10356.281643411,1035.6281643411,0.4,T,T,Win,5,9,,13,12657.677564168996,1265.7677564168998,0.4,T,H,Lose,5,9,,13,8473.321344608998,847.3321344608999,0.4,T,T,Win,5,9,,13,5672.223379448999,567.2223379449,0.4,T,T,Win,6,8,,13,18908.382534129007,1890.8382534129007,0.8,H,H,Win,11,3,,13,12657.677564169,1265.7677564169,0.3,T,T,Win,4,10,,13,12657.677564169,1265.7677564169,0.5,H,T,Lose,7,7,,13,12657.677564169,1265.7677564169,0.6,H,T,Lose,9,5,,13,6932.7174637709995,693.2717463771,0.6,H,H,Win,9,5,,13,4640.910037731001,464.09100377310006,0.6,H,T,Lose,8,6,,13,12657.677564168998,1265.7677564168998,0.6,H,T,Lose,8,6,,13,15470.494800651,1547.0494800651002,0.2,T,T,Win,3,11,,13,10356.281643411001,1035.6281643411,0.6,H,T,Lose,8,6,,13,8473.321344609,847.3321344609,0.4,T,T,Win,6,8,,13,6932.717463771,693.2717463771,0.6,H,T,Lose,8,6,,13,8473.321344609,847.3321344609,0.4,T,T,Win,6,8,,13,10356.281643411001,1035.6281643411,0.4,T,H,Lose,6,8,,13,15470.494800651004,1547.0494800651004,0.4,T,H,Lose,5,9,,13,10356.281643411,1035.6281643411,0.6,H,T,Lose,9,5,,13,10356.281643410997,1035.6281643410998,0.6,H,T,Lose,9,5,,13,18908.382534128996,1890.8382534128996,0.9,H,H,Win,12,2,,13,10356.281643411001,1035.6281643411,0.6,H,H,Win,8,6,,13,5672.223379448999,567.2223379449,0.4,T,T,Win,6,8,,13,8473.321344609,847.3321344609,0.4,T,T,Win,6,8,,13,10356.281643411,1035.6281643411,0.4,T,T,Win,6,8,,13,4640.9100377310015,464.09100377310017,0.6,H,H,Win,8,6,,13,12657.677564169002,1265.7677564169003,0.4,T,T,Win,6,8,,13,5672.223379449,567.2223379449,0.6,H,T,Lose,8,6,,13,4640.910037731,464.0910037731,0.5,H,T,Lose,7,7,,13,8473.321344609,847.3321344609,0.6,T,H,Lose,8,6,,13,12657.677564169,1265.7677564169,0.4,T,H,Lose,5,9,,13,4640.910037731001,464.09100377310006,0.6,H,H,Win,8,6,,13,12657.677564169002,1265.7677564169003,0.6,H,H,Win,9,5,,13,4640.910037731001,464.09100377310006,0.6,H,H,Win,8,6,,13,10356.281643411,1035.6281643411,0.7,H,H,Win,10,4,,13,10356.281643411001,1035.6281643411,0.6,H,H,Win,8,6,,13,12657.677564169,1265.7677564169,0.7,H,H,Win,10,4,,13,6932.7174637709995,693.2717463771,0.5,T,T,Win,7,7,,13,15470.494800651002,1547.0494800651004,0.3,T,T,Win,4,10,,13,12657.677564169002,1265.7677564169003,0.3,T,T,Win,4,10,,13,18908.382534128996,1890.8382534128996,0.2,T,H,Lose,3,11,,13,8473.321344608998,847.3321344608999,0.4,T,T,Win,6,8,,13,18908.382534129007,1890.8382534129007,0.1,T,T,Win,2,12,,13,10356.281643411,1035.6281643411,0.4,T,T,Win,5,9,,13,15470.494800651002,1547.0494800651004,0.4,T,H,Lose,5,9,,13,10356.281643411001,1035.6281643411,0.5,T,H,Lose,7,7,,13,15470.494800651,1547.0494800651002,0.7,H,T,Lose,10,4,,13,10356.281643411003,1035.6281643411003,0.7,H,H,Win,10,4,,13,18908.382534129003,1890.8382534129005,0.4,T,H,Lose,5,9,,13,10356.281643411001,1035.6281643411,0.5,T,H,Lose,7,7,,13,10356.281643411,1035.6281643411,0.4,T,H,Lose,6,8,,13,5672.223379448999,567.2223379449,0.6,H,T,Lose,8,6,,13,10356.281643411,1035.6281643411,0.6,H,H,Win,8,6,,13,6932.717463770998,693.2717463770998,0.6,H,H,Win,8,6,,13,10356.281643411001,1035.6281643411,0.4,T,H,Lose,6,8,,13,8473.321344609,847.3321344609,0.5,T,T,Win,7,7,,13,10356.281643411001,1035.6281643411,0.8,H,H,Win,11,3,,13,10356.281643411001,1035.6281643411,0.4,T,H,Lose,6,8,,13,12657.677564168998,1265.7677564168998,0.4,T,H,Lose,5,9,,13,15470.494800651002,1547.0494800651004,0.7,H,H,Win,10,4,,13,10356.281643411,1035.6281643411,0.6,H,H,Win,9,5,,13,10356.281643410997,1035.6281643410998,0.6,H,H,Win,8,6,,13,10356.281643411,1035.6281643411,0.4,T,H,Lose,6,8,,13,8473.321344608998,847.3321344608999,0.4,T,T,Win,6,8,,13,10356.281643410997,1035.6281643410998,0.4,T,T,Win,6,8,,13,15470.494800651002,1547.0494800651004,0.2,T,T,Win,3,11,,13,15470.494800651,1547.0494800651002,0.4,T,H,Lose,5,9,,13,5672.223379448999,567.2223379449,0.4,T,T,Win,6,8,,13,12657.677564168998,1265.7677564168998,0.5,T,T,Win,7,7,,13,15470.494800651,1547.0494800651002,0.7,H,H,Win,10,4,,13,12657.677564169002,1265.7677564169003,0.4,T,T,Win,5,9,,13,10356.281643411,1035.6281643411,0.4,T,T,Win,5,9,,13,6932.717463770999,693.2717463770999,0.6,H,H,Win,9,5,,13,10356.281643411,1035.6281643411,0.4,T,T,Win,5,9,,13,15470.494800650999,1547.0494800651,0.4,T,T,Win,5,9,,13,10356.281643411,1035.6281643411,0.4,T,T,Win,5,9,,13,6932.717463771001,693.2717463771002,0.5,H,T,Lose,7,7,,13,12657.677564169,1265.7677564169,0.3,T,T,Win,4,10,,13,6932.7174637709995,693.2717463771,0.6,T,H,Lose,8,6,,13,5672.223379449,567.2223379449,0.6,H,H,Win,8,6,,13,10356.281643411,1035.6281643411,0.4,T,H,Lose,6,8,,13,12657.677564169,1265.7677564169,0.6,H,T,Lose,9,5,,13,12657.677564169,1265.7677564169,0.4,T,T,Win,6,8,,13,10356.281643411,1035.6281643411,0.4,T,T,Win,5,9,,13,10356.281643411001,1035.6281643411,0.6,H,T,Lose,9,5,,13,5672.2233794489985,567.2223379448999,0.5,T,H,Lose,7,7,,13,10356.281643411001,1035.6281643411,0.6,H,H,Win,9,5,,13,5672.223379449,567.2223379449,0.6,T,H,Lose,8,6,,13,15470.494800651,1547.0494800651002,0.7,H,H,Win,10,4,,13,8473.321344609,847.3321344609,0.6,H,H,Win,9,5,,13,8473.321344609,847.3321344609,0.6,T,H,Lose,8,6,,13,8473.321344609,847.3321344609,0.6,H,T,Lose,8,6,,13,6932.717463770999,693.2717463770999,0.6,H,H,Win,8,6,,13,10356.281643411001,1035.6281643411,0.4,T,H,Lose,6,8,,13,15470.494800651004,1547.0494800651004,0.2,T,T,Win,3,11,,13,8473.321344609,847.3321344609,0.6,H,T,Lose,9,5,,13,5672.223379448999,567.2223379449,0.6,H,T,Lose,8,6,,13,10356.281643411,1035.6281643411,0.4,T,T,Win,5,9,,13,12657.677564169,1265.7677564169,0.3,T,T,Win,4,10,,13,6932.7174637709995,693.2717463771,0.6,H,H,Win,9,5,,13,15470.494800651004,1547.0494800651004,0.7,H,H,Win,10,4,,13,12657.677564169,1265.7677564169,0.6,H,T,Lose,8,6,,13,15470.494800651004,1547.0494800651004,0.4,T,T,Win,5,9,,13,10356.281643411,1035.6281643411,0.6,H,H,Win,8,6,,13,8473.321344609001,847.3321344609002,0.6,H,H,Win,8,6,,13,6932.7174637709995,693.2717463771,0.6,H,H,Win,9,5,,13,12657.677564169002,1265.7677564169003,0.5,T,H,Lose,7,7,,13,15470.494800651002,1547.0494800651004,0.7,H,T,Lose,10,4,,13,8473.321344609,847.3321344609,0.6,H,T,Lose,9,5,,13,10356.281643411,1035.6281643411,0.4,T,T,Win,6,8,,13,8473.321344608998,847.3321344608999,0.5,T,H,Lose,7,7,,13,10356.281643411001,1035.6281643411,0.4,T,H,Lose,6,8,,13,6932.7174637709995,693.2717463771,0.6,H,H,Win,9,5,,13,6932.717463771001,693.2717463771002,0.6,H,T,Lose,8,6,,13,10356.281643411001,1035.6281643411,0.6,H,H,Win,8,6,,13,12657.677564169,1265.7677564169,0.3,T,T,Win,4,10,,13,8473.321344609001,847.3321344609002,0.4,T,T,Win,5,9,,13,8473.321344609,847.3321344609,0.5,T,T,Win,7,7,,13,10356.281643411001,1035.6281643411,0.6,H,T,Lose,9,5,,13,8473.321344608998,847.3321344608999,0.5,H,T,Lose,7,7,,13,10356.281643410997,1035.6281643410998,0.4,T,T,Win,5,9,,13,10356.281643411001,1035.6281643411,0.5,T,H,Lose,7,7,,13,10356.281643411,1035.6281643411,0.6,T,H,Lose,8,6,,13,18908.382534129,1890.8382534129,0.2,T,T,Win,3,11,,13,5672.223379449,567.2223379449,0.5,H,T,Lose,7,7,,13,8473.321344609,847.3321344609,0.4,T,T,Win,5,9,,13,4640.910037731001,464.09100377310006,0.6,H,T,Lose,8,6,,13,12657.677564169,1265.7677564169,0.6,H,T,Lose,9,5,,13,15470.494800651002,1547.0494800651004,0.4,T,T,Win,5,9,,13,8473.321344609001,847.3321344609002,0.5,T,H,Lose,7,7,,13,4640.910037731,464.0910037731,0.6,H,H,Win,9,5,,13,6932.717463770999,693.2717463770999,0.5,H,T,Lose,7,7,,13,18908.382534128996,1890.8382534128996,0.8,H,H,Win,11,3,,13,12657.677564169,1265.7677564169,0.7,H,H,Win,10,4,,13,10356.281643411,1035.6281643411,0.4,T,H,Lose,6,8,,13,18908.382534128996,1890.8382534128996,0.3,T,T,Win,4,10,,13,6932.717463770998,693.2717463770998,0.4,T,T,Win,6,8,,13,8473.321344609,847.3321344609,0.4,T,T,Win,6,8,,13,6932.717463771,693.2717463771,0.6,H,T,Lose,8,6,,13,8473.321344608998,847.3321344608999,0.6,H,H,Win,9,5,,13,10356.281643411,1035.6281643411,0.4,T,H,Lose,6,8,,13,18908.382534129,1890.8382534129,0.3,T,T,Win,4,10,,13,12657.677564168998,1265.7677564168998,0.3,T,T,Win,4,10,,13,5672.223379449,567.2223379449,0.6,H,H,Win,9,5,,13,5672.223379449,567.2223379449,0.5,T,H,Lose,7,7,,13,10356.281643411,1035.6281643411,0.5,T,H,Lose,7,7,,13,15470.494800650997,1547.0494800650997,0.6,H,T,Lose,9,5,,13,6932.7174637709995,693.2717463771,0.4,T,T,Win,6,8,,13,4640.910037730999,464.0910037730999,0.6,H,H,Win,9,5,,13,6932.717463771001,693.2717463771002,0.4,T,T,Win,6,8,,13,8473.321344609001,847.3321344609002,0.4,T,H,Lose,6,8,,13,6932.717463771001,693.2717463771002,0.6,H,T,Lose,9,5,,13,6932.717463770999,693.2717463770999,0.6,T,H,Lose,8,6,,13,12657.677564169,1265.7677564169,0.6,H,T,Lose,9,5,,13,5672.223379449,567.2223379449,0.5,T,H,Lose,7,7,,13,8473.321344609001,847.3321344609002,0.4,T,T,Win,5,9,,13,8473.321344609,847.3321344609,0.6,H,T,Lose,8,6,,13,6932.717463770999,693.2717463770999,0.4,T,T,Win,6,8,,13,10356.281643411001,1035.6281643411,0.5,T,H,Lose,7,7,,13,10356.281643411,1035.6281643411,0.6,H,T,Lose,8,6,,13,15470.494800651,1547.0494800651002,0.4,T,H,Lose,6,8,,13,10356.281643411,1035.6281643411,0.5,T,T,Win,7,7,,13,15470.494800651004,1547.0494800651004,0.6,H,T,Lose,9,5,,13,5672.223379448999,567.2223379449,0.5,H,T,Lose,7,7,,13,6932.7174637709995,693.2717463771,0.6,H,T,Lose,8,6,,13,12657.677564169,1265.7677564169,0.4,T,H,Lose,5,9,,13,8473.321344609,847.3321344609,0.4,T,T,Win,6,8,,13,10356.281643411,1035.6281643411,0.7,H,H,Win,10,4,,13,6932.717463771001,693.2717463771002,0.5,T,T,Win,7,7,,13,8473.321344609001,847.3321344609002,0.4,T,T,Win,6,8,,13,12657.677564169002,1265.7677564169003,0.3,T,T,Win,4,10,,13,8473.321344609,847.3321344609,0.4,T,T,Win,5,9,
14,17017.544280716098,1701.75442807161,0.7,H,T,Lose,10,5,,14,17017.544280716094,1701.7544280716095,0.3,T,H,Lose,5,10,,14,6239.4457173939,623.9445717393901,0.4,T,T,Win,6,9,,14,7625.989210148101,762.5989210148101,0.5,H,T,Lose,7,8,,14,11391.9098077521,1139.19098077521,0.4,T,H,Lose,6,9,,14,11391.909807752098,1139.1909807752097,0.5,T,T,Win,7,8,,14,9320.653479069899,932.0653479069899,0.5,H,T,Lose,7,8,,14,6239.445717393901,623.9445717393901,0.5,T,T,Win,7,8,,14,13923.4453205859,1392.3445320585902,0.3,T,H,Lose,5,10,,14,6239.445717393898,623.9445717393899,0.5,T,T,Win,8,7,,14,11391.9098077521,1139.19098077521,0.6,H,T,Lose,9,6,,14,11391.9098077521,1139.19098077521,0.4,T,H,Lose,6,9,,14,9320.653479069899,932.0653479069899,0.5,H,T,Lose,8,7,,14,20799.220787541908,2079.922078754191,0.3,T,T,Win,4,11,,14,6239.445717393898,623.9445717393899,0.3,T,T,Win,5,10,,14,9320.653479069897,932.0653479069897,0.7,H,H,Win,10,5,,14,11391.909807752098,1139.1909807752097,0.4,T,H,Lose,6,9,,14,9320.6534790699,932.0653479069902,0.7,H,H,Win,10,5,,14,9320.653479069899,932.0653479069899,0.6,H,T,Lose,9,6,,14,11391.909807752101,1139.1909807752102,0.4,T,H,Lose,6,9,,14,5105.0010415041,510.50010415041,0.5,H,T,Lose,8,7,,14,9320.653479069899,932.0653479069899,0.4,T,T,Win,6,9,,14,11391.9098077521,1139.19098077521,0.5,T,H,Lose,7,8,,14,17017.544280716105,1701.7544280716106,0.8,H,H,Win,12,3,,14,13923.445320585903,1392.3445320585904,0.8,H,H,Win,12,3,,14,11391.9098077521,1139.19098077521,0.3,T,T,Win,5,10,,14,13923.4453205859,1392.3445320585902,0.5,H,H,Win,8,7,,14,20799.2207875419,2079.9220787541904,0.1,T,T,Win,2,13,,14,7625.989210148099,762.59892101481,0.5,T,H,Lose,7,8,,14,6239.445717393901,623.9445717393901,0.6,T,H,Lose,9,6,,14,9320.653479069897,932.0653479069897,0.6,H,T,Lose,9,6,,14,7625.989210148099,762.59892101481,0.6,H,H,Win,9,6,,14,9320.653479069899,932.0653479069899,0.4,T,T,Win,6,9,,14,11391.9098077521,1139.19098077521,0.4,T,T,Win,6,9,,14,6239.445717393899,623.94457173939,0.6,H,H,Win,9,6,,14,11391.909807752101,1139.1909807752102,0.5,T,H,Lose,7,8,,14,11391.909807752101,1139.1909807752102,0.3,T,T,Win,5,10,,14,9320.653479069899,932.0653479069899,0.4,T,T,Win,6,9,,14,11391.909807752101,1139.1909807752102,0.5,T,T,Win,8,7,,14,11391.909807752101,1139.1909807752102,0.5,T,H,Lose,7,8,,14,17017.544280716098,1701.75442807161,0.4,T,H,Lose,6,9,,14,11391.909807752101,1139.1909807752102,0.5,T,H,Lose,7,8,,14,9320.653479069899,932.0653479069899,0.5,T,H,Lose,7,8,,14,7625.989210148098,762.5989210148099,0.4,T,T,Win,6,9,,14,6239.445717393899,623.94457173939,0.5,H,H,Win,8,7,,14,7625.989210148102,762.5989210148102,0.7,H,H,Win,10,5,,14,11391.909807752101,1139.1909807752102,0.7,H,H,Win,10,5,,14,5105.0010415041,510.50010415041,0.4,T,T,Win,6,9,,14,9320.653479069899,932.0653479069899,0.5,T,H,Lose,8,7,,14,11391.909807752101,1139.1909807752102,0.3,T,T,Win,5,10,,14,7625.9892101481,762.59892101481,0.4,T,T,Win,6,9,,14,13923.445320585903,1392.3445320585904,0.3,T,T,Win,4,11,,14,9320.6534790699,932.0653479069902,0.5,T,H,Lose,7,8,,14,13923.4453205859,1392.3445320585902,0.4,T,T,Win,6,9,,14,9320.653479069897,932.0653479069897,0.5,T,H,Lose,7,8,,14,13923.445320585903,1392.3445320585904,0.3,T,H,Lose,5,10,,14,13923.4453205859,1392.3445320585902,0.4,T,H,Lose,6,9,,14,11391.909807752101,1139.1909807752102,0.3,T,T,Win,5,10,,14,7625.9892101481,762.59892101481,0.7,H,H,Win,10,5,,14,13923.4453205859,1392.3445320585902,0.7,H,T,Lose,11,4,,14,6239.445717393899,623.94457173939,0.5,H,T,Lose,8,7,,14,9320.653479069899,932.0653479069899,0.7,H,H,Win,10,5,,14,9320.653479069899,932.0653479069899,0.6,H,H,Win,9,6,,14,17017.544280716098,1701.75442807161,0.2,T,T,Win,3,12,,14,9320.653479069899,932.0653479069899,0.5,H,T,Lose,7,8,,14,9320.653479069897,932.0653479069897,0.7,H,T,Lose,10,5,,14,5105.001041504101,510.5001041504101,0.5,H,H,Win,8,7,,14,6239.4457173939,623.9445717393901,0.4,T,T,Win,6,9,,14,13923.4453205859,1392.3445320585902,0.7,H,T,Lose,11,4,,14,5105.0010415041,510.50010415041,0.5,T,H,Lose,8,7,,14,7625.989210148098,762.5989210148099,0.5,H,T,Lose,8,7,,14,9320.653479069897,932.0653479069897,0.5,T,H,Lose,7,8,,14,5105.001041504101,510.5001041504101,0.6,T,H,Lose,9,6,,14,13923.445320585895,1392.3445320585897,0.3,T,T,Win,4,11,,14,7625.989210148101,762.5989210148101,0.5,T,H,Lose,8,7,,14,6239.445717393899,623.94457173939,0.5,T,T,Win,7,8,,14,6239.445717393901,623.9445717393901,0.5,H,T,Lose,7,8,,14,11391.909807752101,1139.1909807752102,0.3,T,T,Win,5,10,,14,13923.445320585903,1392.3445320585904,0.7,H,H,Win,10,5,,14,11391.909807752101,1139.1909807752102,0.7,H,H,Win,10,5,,14,9320.6534790699,932.0653479069902,0.4,T,H,Lose,6,9,,14,9320.6534790699,932.0653479069902,0.5,H,T,Lose,7,8,,14,11391.909807752101,1139.1909807752102,0.4,T,H,Lose,6,9,,14,7625.989210148101,762.5989210148101,0.6,H,H,Win,9,6,,14,7625.989210148099,762.59892101481,0.5,T,H,Lose,8,7,,14,5105.001041504101,510.5001041504101,0.5,H,T,Lose,7,8,,14,11391.9098077521,1139.19098077521,0.6,H,T,Lose,9,6,,14,7625.989210148101,762.5989210148101,0.6,T,H,Lose,9,6,,14,11391.909807752098,1139.1909807752097,0.7,H,H,Win,11,4,,14,13923.445320585897,1392.3445320585897,0.3,T,T,Win,4,11,,14,9320.6534790699,932.0653479069902,0.4,T,T,Win,6,9,,14,6239.445717393901,623.9445717393901,0.5,T,H,Lose,8,7,,14,9320.653479069899,932.0653479069899,0.4,T,T,Win,6,9,,14,11391.909807752103,1139.1909807752104,0.3,T,T,Win,5,10,,14,7625.989210148099,762.59892101481,0.5,T,H,Lose,7,8,,14,20799.220787541897,2079.92207875419,0.2,T,H,Lose,3,12,,14,13923.445320585903,1392.3445320585904,0.7,H,H,Win,10,5,,14,5105.0010415041,510.50010415041,0.7,H,H,Win,10,5,,14,7625.9892101481,762.59892101481,0.5,H,H,Win,8,7,,14,9320.653479069899,932.0653479069899,0.5,T,H,Lose,7,8,,14,6239.4457173939,623.9445717393901,0.7,H,H,Win,10,5,,14,13923.445320585899,1392.34453205859,0.7,H,H,Win,10,5,,14,9320.653479069899,932.0653479069899,0.5,T,T,Win,8,7,,14,7625.989210148099,762.59892101481,0.5,H,T,Lose,8,7,,14,17017.544280716098,1701.75442807161,0.7,H,T,Lose,10,5,,14,7625.989210148098,762.5989210148099,0.6,H,H,Win,9,6,,14,7625.989210148098,762.5989210148099,0.6,H,H,Win,9,6,,14,11391.9098077521,1139.19098077521,0.5,T,H,Lose,7,8,,14,7625.989210148101,762.5989210148101,0.6,H,T,Lose,9,6,,14,11391.909807752098,1139.1909807752097,0.6,H,H,Win,9,6,,14,13923.4453205859,1392.3445320585902,0.3,T,H,Lose,5,10,,14,6239.445717393899,623.94457173939,0.6,T,H,Lose,9,6,,14,6239.445717393899,623.94457173939,0.7,H,H,Win,10,5,,14,5105.0010415041,510.50010415041,0.5,T,T,Win,8,7,,14,13923.4453205859,1392.3445320585902,0.3,T,T,Win,5,10,,14,7625.989210148101,762.5989210148101,0.5,T,T,Win,7,8,,14,7625.989210148099,762.59892101481,0.4,T,T,Win,6,9,,14,6239.445717393901,623.9445717393901,0.5,T,T,Win,8,7,,14,7625.989210148098,762.5989210148099,0.6,H,T,Lose,9,6,,14,6239.445717393899,623.94457173939,0.6,T,H,Lose,9,6,,14,9320.6534790699,932.0653479069902,0.7,H,T,Lose,10,5,,14,13923.445320585903,1392.3445320585904,0.3,T,H,Lose,5,10,,14,7625.9892101481,762.59892101481,0.5,T,H,Lose,7,8,,14,9320.653479069899,932.0653479069899,0.4,T,T,Win,6,9,,14,17017.5442807161,1701.7544280716102,0.3,T,H,Lose,4,11,,14,7625.989210148098,762.5989210148099,0.6,H,H,Win,9,6,,14,5105.0010415041,510.50010415041,0.5,T,H,Lose,8,7,,14,9320.653479069899,932.0653479069899,0.5,H,T,Lose,8,7,,14,7625.9892101481,762.59892101481,0.5,T,H,Lose,7,8,,14,7625.989210148098,762.5989210148099,0.7,H,H,Win,10,5,,14,9320.6534790699,932.0653479069902,0.7,H,H,Win,11,4,,14,11391.9098077521,1139.19098077521,0.3,T,T,Win,5,10,,14,9320.653479069899,932.0653479069899,0.6,H,T,Lose,9,6,,14,11391.9098077521,1139.19098077521,0.5,T,T,Win,7,8,,14,13923.445320585899,1392.34453205859,0.7,H,T,Lose,11,4,,14,9320.653479069897,932.0653479069897,0.5,H,H,Win,8,7,,14,7625.989210148099,762.59892101481,0.5,T,H,Lose,8,7,,14,3417.397391420101,341.73973914201014,0.5,T,T,Win,7,8,,14,9320.653479069899,932.0653479069899,0.4,T,T,Win,6,9,,14,9320.653479069897,932.0653479069897,0.6,H,H,Win,9,6,,14,13923.4453205859,1392.3445320585902,0.4,T,H,Lose,6,9,,14,7625.989210148098,762.5989210148099,0.5,H,T,Lose,8,7,,14,4176.819033957901,417.6819033957902,0.5,T,T,Win,7,8,,14,9320.653479069897,932.0653479069897,0.4,T,T,Win,6,9,,14,11391.909807752103,1139.1909807752104,0.7,H,H,Win,11,4,,14,9320.653479069899,932.0653479069899,0.5,T,H,Lose,7,8,,14,11391.909807752101,1139.1909807752102,0.7,H,T,Lose,10,5,,14,7625.989210148098,762.5989210148099,0.5,T,T,Win,7,8,,14,5105.0010415041,510.50010415041,0.6,H,T,Lose,9,6,,14,7625.9892101481,762.59892101481,0.4,T,T,Win,6,9,,14,11391.909807752101,1139.1909807752102,0.5,T,T,Win,8,7,,14,7625.989210148101,762.5989210148101,0.5,H,T,Lose,8,7,,14,11391.909807752101,1139.1909807752102,0.7,H,H,Win,10,5,,14,9320.653479069899,932.0653479069899,0.6,H,H,Win,9,6,,14,11391.9098077521,1139.19098077521,0.4,T,H,Lose,6,9,,14,4176.8190339579005,417.6819033957901,0.5,T,T,Win,7,8,,14,6239.445717393901,623.9445717393901,0.6,T,H,Lose,9,6,,14,7625.9892101481,762.59892101481,0.5,T,T,Win,8,7,,14,7625.9892101481,762.59892101481,0.6,H,T,Lose,9,6,,14,17017.544280716098,1701.75442807161,0.7,H,T,Lose,11,4,,14,17017.544280716105,1701.7544280716106,0.3,T,T,Win,4,11,,14,6239.445717393899,623.94457173939,0.5,T,H,Lose,8,7,,14,13923.4453205859,1392.3445320585902,0.4,T,H,Lose,6,9,,14,5105.0010415041,510.50010415041,0.5,H,T,Lose,8,7,,14,6239.445717393901,623.9445717393901,0.5,H,T,Lose,7,8,,14,7625.989210148099,762.59892101481,0.6,T,H,Lose,9,6,,14,11391.9098077521,1139.19098077521,0.6,H,T,Lose,9,6,,14,7625.989210148098,762.5989210148099,0.5,T,T,Win,8,7,,14,7625.989210148101,762.5989210148101,0.6,H,H,Win,9,6,,14,9320.653479069897,932.0653479069897,0.5,T,T,Win,8,7,,14,9320.6534790699,932.0653479069902,0.5,T,H,Lose,7,8,,14,9320.653479069899,932.0653479069899,0.6,T,H,Lose,9,6,,14,11391.909807752096,1139.1909807752097,0.7,H,H,Win,10,5,,14,7625.989210148099,762.59892101481,0.5,T,H,Lose,8,7,,14,7625.989210148098,762.5989210148099,0.5,T,T,Win,8,7,,14,11391.9098077521,1139.19098077521,0.3,T,T,Win,5,10,,14,11391.909807752103,1139.1909807752104,0.4,T,H,Lose,6,9,,14,6239.445717393899,623.94457173939,0.5,H,T,Lose,8,7,,14,7625.989210148098,762.5989210148099,0.5,H,H,Win,8,7,,14,7625.989210148102,762.5989210148102,0.5,T,H,Lose,8,7,,14,7625.989210148097,762.5989210148098,0.7,H,H,Win,10,5,,14,11391.909807752098,1139.1909807752097,0.6,H,T,Lose,9,6,,14,7625.9892101481,762.59892101481,0.5,T,H,Lose,7,8,,14,4176.819033957901,417.6819033957902,0.5,T,T,Win,7,8,,14,6239.445717393901,623.9445717393901,0.5,T,H,Lose,8,7,,14,9320.653479069899,932.0653479069899,0.7,H,H,Win,10,5,,14,9320.653479069899,932.0653479069899,0.6,H,H,Win,9,6,,14,20799.2207875419,2079.9220787541904,0.2,T,T,Win,3,12,,14,5105.0010415041,510.50010415041,0.5,H,T,Lose,8,7,,14,7625.989210148098,762.5989210148099,0.7,H,H,Win,10,5,,14,7625.9892101481,762.59892101481,0.7,H,H,Win,10,5,,14,11391.909807752101,1139.1909807752102,0.4,T,H,Lose,6,9,,14,7625.989210148097,762.5989210148098,0.5,H,H,Win,8,7,,14,11391.9098077521,1139.19098077521,0.5,T,T,Win,7,8,,14,9320.6534790699,932.0653479069902,0.6,T,H,Lose,9,6,,14,9320.6534790699,932.0653479069902,0.4,T,T,Win,6,9,,14,9320.6534790699,932.0653479069902,0.4,T,T,Win,6,9,,14,11391.909807752098,1139.1909807752097,0.7,H,T,Lose,10,5,,14,13923.4453205859,1392.3445320585902,0.3,T,T,Win,4,11,,14,13923.4453205859,1392.3445320585902,0.3,T,T,Win,5,10,,14,20799.220787541908,2079.922078754191,0.3,T,T,Win,4,11,,14,13923.445320585903,1392.3445320585904,0.7,H,H,Win,11,4,,14,7625.989210148098,762.5989210148099,0.5,H,T,Lose,8,7,,14,13923.4453205859,1392.3445320585902,0.7,H,H,Win,10,5,,14,4176.8190339579,417.68190339578996,0.6,H,H,Win,9,6,,14,11391.909807752098,1139.1909807752097,0.4,T,H,Lose,6,9,,14,7625.989210148098,762.5989210148099,0.4,T,T,Win,6,9,,14,11391.909807752098,1139.1909807752097,0.4,T,H,Lose,6,9,,14,13923.445320585903,1392.3445320585904,0.3,T,T,Win,4,11,,14,9320.653479069899,932.0653479069899,0.7,H,T,Lose,10,5,,14,11391.909807752101,1139.1909807752102,0.7,H,T,Lose,11,4,,14,7625.989210148099,762.59892101481,0.6,H,T,Lose,9,6,,14,13923.445320585903,1392.3445320585904,0.3,T,T,Win,4,11,,14,13923.4453205859,1392.3445320585902,0.3,T,T,Win,4,11,,14,4176.8190339579005,417.6819033957901,0.5,H,H,Win,8,7,,14,9320.653479069899,932.0653479069899,0.5,T,T,Win,8,7,,14,6239.445717393899,623.94457173939,0.5,T,H,Lose,8,7,,14,17017.544280716094,1701.7544280716095,0.3,T,T,Win,5,10,,14,17017.544280716098,1701.75442807161,0.7,H,H,Win,11,4,,14,11391.9098077521,1139.19098077521,0.7,H,T,Lose,10,5,,14,9320.653479069899,932.0653479069899,0.5,T,H,Lose,7,8,,14,6239.4457173939,623.9445717393901,0.6,H,T,Lose,9,6,,14,4176.8190339579,417.68190339578996,0.4,T,T,Win,6,9,,14,7625.989210148098,762.5989210148099,0.5,H,T,Lose,7,8,,14,6239.445717393899,623.94457173939,0.5,T,T,Win,8,7,,14,13923.4453205859,1392.3445320585902,0.3,T,T,Win,4,11,,14,9320.6534790699,932.0653479069902,0.5,H,T,Lose,8,7,,14,7625.989210148099,762.59892101481,0.6,H,H,Win,9,6,,14,9320.653479069897,932.0653479069897,0.6,H,T,Lose,9,6,,14,11391.909807752098,1139.1909807752097,0.5,H,H,Win,8,7,,14,25421.2698514401,2542.12698514401,0.8,H,T,Lose,12,3,,14,7625.9892101481,762.59892101481,0.6,H,T,Lose,9,6,,14,9320.6534790699,932.0653479069902,0.7,H,T,Lose,10,5,,14,7625.989210148101,762.5989210148101,0.4,T,T,Win,6,9,,14,4176.8190339579,417.68190339578996,0.5,T,T,Win,8,7,,14,11391.9098077521,1139.19098077521,0.6,H,T,Lose,9,6,,14,7625.989210148098,762.5989210148099,0.6,H,T,Lose,9,6,,14,17017.5442807161,1701.7544280716102,0.3,T,H,Lose,4,11,,14,13923.4453205859,1392.3445320585902,0.7,H,T,Lose,10,5,,14,7625.989210148101,762.5989210148101,0.6,T,H,Lose,9,6,,14,11391.9098077521,1139.19098077521,0.7,H,T,Lose,10,5,,14,7625.989210148098,762.5989210148099,0.6,H,H,Win,9,6,,14,7625.989210148099,762.59892101481,0.6,H,T,Lose,9,6,,14,11391.9098077521,1139.19098077521,0.5,H,H,Win,8,7,,14,9320.653479069899,932.0653479069899,0.7,H,H,Win,10,5,,14,7625.9892101481,762.59892101481,0.6,H,T,Lose,9,6,,14,7625.989210148099,762.59892101481,0.7,H,H,Win,10,5,,14,9320.6534790699,932.0653479069902,0.5,T,T,Win,8,7,,14,7625.989210148098,762.5989210148099,0.5,T,H,Lose,8,7,,14,13923.445320585903,1392.3445320585904,0.5,H,T,Lose,8,7,,14,17017.5442807161,1701.7544280716102,0.3,T,T,Win,5,10,,14,17017.544280716098,1701.75442807161,0.7,H,H,Win,11,4,,14,5105.001041504101,510.5001041504101,0.5,H,H,Win,8,7,,14,7625.9892101481,762.59892101481,0.6,H,H,Win,9,6,,14,6239.445717393899,623.94457173939,0.6,H,T,Lose,9,6,,14,9320.6534790699,932.0653479069902,0.7,H,H,Win,10,5,,14,6239.445717393899,623.94457173939,0.4,T,T,Win,6,9,,14,6239.445717393899,623.94457173939,0.6,T,H,Lose,9,6,,14,9320.653479069899,932.0653479069899,0.5,H,T,Lose,8,7,,14,9320.6534790699,932.0653479069902,0.4,T,T,Win,6,9,,14,6239.445717393898,623.9445717393899,0.5,T,T,Win,7,8,,14,11391.909807752101,1139.1909807752102,0.3,T,T,Win,5,10,,14,9320.653479069899,932.0653479069899,0.6,H,H,Win,9,6,,14,11391.9098077521,1139.19098077521,0.3,T,T,Win,5,10,,14,7625.9892101481,762.59892101481,0.4,T,T,Win,6,9,,14,7625.9892101481,762.59892101481,0.5,H,T,Lose,7,8,,14,9320.653479069899,932.0653479069899,0.6,H,T,Lose,9,6,,14,7625.989210148098,762.5989210148099,0.5,T,T,Win,7,8,,14,6239.445717393899,623.94457173939,0.5,T,H,Lose,8,7,,14,13923.4453205859,1392.3445320585902,0.3,T,H,Lose,5,10,,14,11391.909807752101,1139.1909807752102,0.6,H,T,Lose,9,6,,14,9320.653479069899,932.0653479069899,0.5,T,H,Lose,7,8,,14,13923.445320585903,1392.3445320585904,0.5,T,T,Win,8,7,,14,13923.4453205859,1392.3445320585902,0.7,H,H,Win,10,5,,14,6239.445717393901,623.9445717393901,0.5,H,T,Lose,7,8,,14,7625.989210148101,762.5989210148101,0.4,T,H,Lose,6,9,,14,9320.6534790699,932.0653479069902,0.3,T,T,Win,4,11,,14,13923.4453205859,1392.3445320585902,0.3,T,H,Lose,5,10,,14,7625.989210148098,762.5989210148099,0.5,H,T,Lose,8,7,,14,17017.544280716098,1701.75442807161,0.7,H,H,Win,11,4,,14,7625.9892101481,762.59892101481,0.4,T,T,Win,6,9,,14,11391.909807752103,1139.1909807752104,0.7,H,T,Lose,10,5,,14,7625.989210148099,762.59892101481,0.5,T,T,Win,7,8,,14,6239.445717393899,623.94457173939,0.6,H,T,Lose,9,6,,14,9320.653479069897,932.0653479069897,0.5,T,H,Lose,7,8,,14,13923.4453205859,1392.3445320585902,0.3,T,T,Win,4,11,,14,13923.4453205859,1392.3445320585902,0.3,T,H,Lose,5,10,,14,7625.9892101481,762.59892101481,0.5,T,T,Win,7,8,,14,5105.001041504101,510.5001041504101,0.5,H,H,Win,8,7,,14,13923.4453205859,1392.3445320585902,0.5,H,T,Lose,7,8,,14,7625.989210148097,762.5989210148098,0.5,T,H,Lose,8,7,,14,9320.653479069899,932.0653479069899,0.5,H,H,Win,8,7,,14,9320.6534790699,932.0653479069902,0.3,T,T,Win,5,10,,14,6239.4457173939,623.9445717393901,0.6,H,T,Lose,9,6,,14,9320.653479069899,932.0653479069899,0.5,H,H,Win,8,7,,14,9320.653479069897,932.0653479069897,0.5,T,T,Win,8,7,,14,4176.8190339579005,417.6819033957901,0.5,H,T,Lose,8,7,,14,7625.989210148098,762.5989210148099,0.7,H,H,Win,10,5,,14,11391.909807752101,1139.1909807752102,0.3,T,T,Win,5,10,,14,9320.653479069899,932.0653479069899,0.4,T,T,Win,6,9,,14,17017.5442807161,1701.7544280716102,0.2,T,T,Win,3,12,,14,9320.6534790699,932.0653479069902,0.4,T,H,Lose,6,9,,14,17017.5442807161,1701.7544280716102,0.2,T,T,Win,3,12,,14,13923.445320585903,1392.3445320585904,0.3,T,T,Win,4,11,,14,7625.989210148098,762.5989210148099,0.5,H,H,Win,8,7,,14,13923.445320585903,1392.3445320585904,0.7,H,H,Win,11,4,,14,13923.4453205859,1392.3445320585902,0.3,T,T,Win,4,11,,14,11391.9098077521,1139.19098077521,0.5,T,H,Lose,7,8,,14,5105.001041504101,510.5001041504101,0.5,T,H,Lose,8,7,,14,6239.445717393899,623.94457173939,0.5,T,T,Win,7,8,,14,13923.4453205859,1392.3445320585902,0.3,T,T,Win,4,11,,14,7625.9892101481,762.59892101481,0.6,H,T,Lose,9,6,,14,13923.4453205859,1392.3445320585902,0.6,H,T,Lose,9,6,,14,6239.445717393899,623.94457173939,0.5,H,T,Lose,7,8,,14,9320.6534790699,932.0653479069902,0.5,T,H,Lose,7,8,,14,5105.0010415041,510.50010415041,0.5,H,T,Lose,8,7,,14,9320.653479069899,932.0653479069899,0.5,T,T,Win,7,8,,14,25421.2698514401,2542.12698514401,0.9,H,H,Win,13,2,,14,7625.989210148098,762.5989210148099,0.5,T,T,Win,7,8,,14,7625.989210148099,762.59892101481,0.5,T,H,Lose,8,7,,14,13923.445320585903,1392.3445320585904,0.3,T,H,Lose,5,10,,14,7625.989210148098,762.5989210148099,0.5,T,H,Lose,8,7,,14,13923.4453205859,1392.3445320585902,0.7,H,T,Lose,11,4,,14,5105.0010415041,510.50010415041,0.5,H,H,Win,8,7,,14,9320.6534790699,932.0653479069902,0.4,T,T,Win,6,9,,14,13923.445320585895,1392.3445320585897,0.7,H,H,Win,11,4,,14,13923.4453205859,1392.3445320585902,0.3,T,H,Lose,5,10,,14,11391.909807752101,1139.1909807752102,0.7,H,H,Win,11,4,,14,6239.4457173939,623.9445717393901,0.6,H,H,Win,9,6,,14,6239.445717393901,623.9445717393901,0.5,H,T,Lose,8,7,,14,17017.5442807161,1701.7544280716102,0.4,T,T,Win,6,9,,14,6239.4457173939,623.9445717393901,0.6,H,T,Lose,9,6,,14,11391.9098077521,1139.19098077521,0.5,T,H,Lose,7,8,,14,9320.653479069899,932.0653479069899,0.7,H,H,Win,11,4,,14,13923.445320585899,1392.34453205859,0.3,T,T,Win,4,11,,14,13923.4453205859,1392.3445320585902,0.4,T,H,Lose,6,9,,14,11391.9098077521,1139.19098077521,0.3,T,T,Win,5,10,,14,7625.989210148097,762.5989210148098,0.6,H,T,Lose,9,6,,14,11391.9098077521,1139.19098077521,0.3,T,T,Win,5,10,,14,3417.3973914201,341.73973914201,0.5,H,H,Win,8,7,,14,17017.544280716105,1701.7544280716106,0.2,T,T,Win,3,12,,14,5105.001041504099,510.5001041504099,0.5,T,T,Win,8,7,,14,9320.6534790699,932.0653479069902,0.4,T,T,Win,6,9,,14,13923.4453205859,1392.3445320585902,0.3,T,H,Lose,5,10,,14,9320.653479069899,932.0653479069899,0.4,T,T,Win,6,9,,14,7625.9892101481,762.59892101481,0.5,H,T,Lose,7,8,,14,7625.989210148098,762.5989210148099,0.6,T,H,Lose,9,6,,14,6239.4457173939,623.9445717393901,0.6,H,T,Lose,9,6,,14,25421.2698514401,2542.12698514401,0.8,H,T,Lose,12,3,,14,9320.6534790699,932.0653479069902,0.4,T,H,Lose,6,9,,14,9320.6534790699,932.0653479069902,0.3,T,T,Win,5,10,,14,7625.989210148098,762.5989210148099,0.5,H,T,Lose,8,7,,14,13923.445320585895,1392.3445320585897,0.3,T,T,Win,4,11,,14,13923.445320585903,1392.3445320585904,0.3,T,T,Win,4,11,,14,9320.653479069899,932.0653479069899,0.5,H,T,Lose,7,8,,14,9320.653479069897,932.0653479069897,0.5,T,T,Win,8,7,,14,7625.9892101481,762.59892101481,0.6,H,H,Win,9,6,,14,11391.9098077521,1139.19098077521,0.6,T,H,Lose,9,6,,14,5105.001041504101,510.5001041504101,0.6,T,H,Lose,9,6,,14,7625.989210148102,762.5989210148102,0.7,H,H,Win,10,5,,14,7625.989210148102,762.5989210148102,0.5,T,T,Win,7,8,,14,13923.445320585903,1392.3445320585904,0.3,T,T,Win,4,11,,14,9320.653479069897,932.0653479069897,0.7,H,H,Win,10,5,,14,7625.989210148099,762.59892101481,0.6,H,H,Win,9,6,,14,13923.445320585903,1392.3445320585904,0.7,H,H,Win,11,4,,14,13923.445320585895,1392.3445320585897,0.3,T,T,Win,4,11,,14,5105.0010415041,510.50010415041,0.6,H,T,Lose,9,6,,14,13923.4453205859,1392.3445320585902,0.3,T,T,Win,4,11,,14,13923.445320585899,1392.34453205859,0.5,H,T,Lose,7,8,,14,7625.989210148098,762.5989210148099,0.5,T,T,Win,8,7,,14,7625.989210148098,762.5989210148099,0.7,H,H,Win,10,5,,14,6239.445717393901,623.9445717393901,0.5,H,T,Lose,7,8,,14,9320.653479069899,932.0653479069899,0.5,H,H,Win,8,7,,14,9320.653479069899,932.0653479069899,0.5,T,H,Lose,7,8,,14,5105.001041504101,510.5001041504101,0.6,T,H,Lose,9,6,,14,13923.4453205859,1392.3445320585902,0.7,H,T,Lose,10,5,,14,11391.9098077521,1139.19098077521,0.3,T,T,Win,5,10,,14,9320.6534790699,932.0653479069902,0.5,T,H,Lose,7,8,,14,9320.6534790699,932.0653479069902,0.7,H,H,Win,10,5,,14,9320.6534790699,932.0653479069902,0.5,H,T,Lose,8,7,,14,13923.445320585903,1392.3445320585904,0.7,H,H,Win,10,5,,14,7625.989210148098,762.5989210148099,0.5,T,T,Win,8,7,,14,9320.653479069899,932.0653479069899,0.5,H,T,Lose,7,8,,14,11391.909807752098,1139.1909807752097,0.4,T,H,Lose,6,9,,14,11391.9098077521,1139.19098077521,0.7,H,H,Win,10,5,,14,13923.4453205859,1392.3445320585902,0.4,T,H,Lose,6,9,,14,5105.001041504101,510.5001041504101,0.6,H,T,Lose,9,6,,14,7625.9892101481,762.59892101481,0.4,T,T,Win,6,9,,14,13923.445320585903,1392.3445320585904,0.3,T,H,Lose,5,10,,14,7625.989210148098,762.5989210148099,0.5,T,T,Win,8,7,,14,13923.445320585903,1392.3445320585904,0.3,T,T,Win,4,11,,14,6239.445717393898,623.9445717393899,0.5,H,T,Lose,8,7,,14,7625.989210148099,762.59892101481,0.5,H,T,Lose,7,8,,14,13923.445320585903,1392.3445320585904,0.7,H,H,Win,11,4,,14,20799.2207875419,2079.9220787541904,0.7,H,T,Lose,11,4,,14,13923.445320585903,1392.3445320585904,0.5,T,H,Lose,7,8,,14,5105.001041504101,510.5001041504101,0.6,H,T,Lose,9,6,,14,7625.989210148099,762.59892101481,0.5,H,T,Lose,7,8,,14,13923.4453205859,1392.3445320585902,0.8,H,H,Win,12,3,,14,7625.989210148102,762.5989210148102,0.6,H,T,Lose,9,6,,14,11391.909807752101,1139.1909807752102,0.4,T,H,Lose,6,9,,14,13923.445320585895,1392.3445320585897,0.3,T,H,Lose,5,10,,14,7625.989210148099,762.59892101481,0.5,H,T,Lose,8,7,,14,5105.001041504099,510.5001041504099,0.5,T,T,Win,8,7,,14,11391.909807752101,1139.1909807752102,0.3,T,T,Win,5,10,,14,9320.653479069899,932.0653479069899,0.6,H,T,Lose,9,6,,14,7625.989210148098,762.5989210148099,0.5,T,H,Lose,7,8,,14,7625.989210148099,762.59892101481,0.6,T,H,Lose,9,6,,14,9320.6534790699,932.0653479069902,0.4,T,T,Win,6,9,,14,5105.001041504099,510.5001041504099,0.4,T,T,Win,6,9,,14,11391.9098077521,1139.19098077521,0.4,T,H,Lose,6,9,,14,11391.9098077521,1139.19098077521,0.4,T,H,Lose,6,9,,14,7625.9892101481,762.59892101481,0.5,T,T,Win,8,7,,14,11391.9098077521,1139.19098077521,0.7,H,H,Win,11,4,,14,13923.4453205859,1392.3445320585902,0.7,H,H,Win,11,4,,14,9320.653479069902,932.0653479069903,0.5,H,T,Lose,7,8,,14,9320.653479069897,932.0653479069897,0.4,T,T,Win,6,9,,14,7625.989210148099,762.59892101481,0.5,T,H,Lose,8,7,,14,6239.445717393899,623.94457173939,0.5,H,H,Win,8,7,,14,11391.9098077521,1139.19098077521,0.7,H,H,Win,11,4,,14,9320.6534790699,932.0653479069902,0.7,H,T,Lose,10,5,,14,7625.989210148102,762.5989210148102,0.5,T,H,Lose,8,7,,14,17017.544280716094,1701.7544280716095,0.3,T,H,Lose,4,11,,14,9320.6534790699,932.0653479069902,0.6,H,H,Win,9,6,,14,9320.653479069899,932.0653479069899,0.5,T,H,Lose,7,8,,14,11391.9098077521,1139.19098077521,0.5,T,H,Lose,7,8,,14,5105.001041504101,510.5001041504101,0.5,T,T,Win,7,8,,14,7625.989210148098,762.5989210148099,0.6,T,H,Lose,9,6,,14,9320.653479069899,932.0653479069899,0.5,H,T,Lose,7,8,,14,6239.445717393901,623.9445717393901,0.5,H,H,Win,8,7,,14,13923.4453205859,1392.3445320585902,0.4,T,H,Lose,6,9,,14,6239.445717393901,623.9445717393901,0.6,H,H,Win,9,6,,14,5105.001041504101,510.5001041504101,0.5,H,T,Lose,7,8,,14,11391.909807752101,1139.1909807752102,0.7,H,T,Lose,10,5,,14,6239.445717393899,623.94457173939,0.5,T,H,Lose,7,8,,14,6239.445717393899,623.94457173939,0.5,T,H,Lose,7,8,,14,7625.989210148099,762.59892101481,0.5,T,T,Win,7,8,,14,17017.5442807161,1701.7544280716102,0.8,H,T,Lose,12,3,,14,6239.445717393899,623.94457173939,0.5,H,T,Lose,8,7,,14,9320.653479069899,932.0653479069899,0.4,T,T,Win,6,9,,14,20799.2207875419,2079.9220787541904,0.8,H,H,Win,12,3,,14,9320.653479069899,932.0653479069899,0.4,T,T,Win,6,9,,14,6239.445717393899,623.94457173939,0.7,H,H,Win,10,5,,14,5105.001041504101,510.5001041504101,0.5,H,H,Win,8,7,,14,11391.9098077521,1139.19098077521,0.7,H,T,Lose,10,5,,14,9320.653479069899,932.0653479069899,0.6,H,H,Win,9,6,,14,9320.6534790699,932.0653479069902,0.5,T,H,Lose,7,8,,14,9320.653479069897,932.0653479069897,0.4,T,H,Lose,6,9,,14,11391.909807752101,1139.1909807752102,0.7,H,T,Lose,10,5,,14,9320.653479069899,932.0653479069899,0.5,H,T,Lose,7,8,,14,11391.9098077521,1139.19098077521,0.3,T,T,Win,5,10,,14,6239.445717393899,623.94457173939,0.5,H,H,Win,8,7,,14,9320.653479069897,932.0653479069897,0.5,T,H,Lose,7,8,,14,25421.2698514401,2542.12698514401,0.8,H,T,Lose,12,3,,14,11391.909807752101,1139.1909807752102,0.4,T,T,Win,6,9,,14,5105.0010415041,510.50010415041,0.5,H,H,Win,8,7,,14,11391.9098077521,1139.19098077521,0.4,T,H,Lose,6,9,,14,11391.9098077521,1139.19098077521,0.4,T,T,Win,6,9,,14,5105.0010415041,510.50010415041,0.6,H,T,Lose,9,6,,14,9320.6534790699,932.0653479069902,0.6,H,T,Lose,9,6,,14,9320.6534790699,932.0653479069902,0.5,H,T,Lose,8,7,,14,6239.4457173939,623.9445717393901,0.6,H,T,Lose,9,6,,14,11391.909807752101,1139.1909807752102,0.6,T,H,Lose,9,6,,14,7625.989210148098,762.5989210148099,0.5,T,T,Win,7,8,,14,11391.9098077521,1139.19098077521,0.5,T,H,Lose,7,8,,14,9320.653479069899,932.0653479069899,0.6,H,T,Lose,9,6,,14,6239.445717393898,623.9445717393899,0.5,T,T,Win,8,7,,14,9320.653479069897,932.0653479069897,0.7,H,H,Win,10,5,,14,7625.989210148098,762.5989210148099,0.6,H,H,Win,9,6,,14,7625.9892101481,762.59892101481,0.7,H,H,Win,10,5,,14,6239.445717393898,623.9445717393899,0.5,T,H,Lose,8,7,,14,9320.653479069899,932.0653479069899,0.5,H,H,Win,8,7,,14,17017.5442807161,1701.7544280716102,0.3,T,H,Lose,5,10,,14,5105.001041504101,510.5001041504101,0.5,T,T,Win,7,8,,14,17017.544280716105,1701.7544280716106,0.2,T,T,Win,3,12,,14,13923.445320585903,1392.3445320585904,0.6,H,T,Lose,9,6,,14,11391.909807752101,1139.1909807752102,0.4,T,H,Lose,6,9,,14,6239.445717393899,623.94457173939,0.5,H,T,Lose,7,8,,14,11391.909807752101,1139.1909807752102,0.4,T,H,Lose,6,9,,14,11391.909807752101,1139.1909807752102,0.3,T,H,Lose,5,10,,14,11391.9098077521,1139.19098077521,0.3,T,T,Win,5,10,,14,5105.001041504101,510.5001041504101,0.5,T,T,Win,8,7,,14,6239.445717393899,623.94457173939,0.5,T,T,Win,8,7,,14,17017.544280716105,1701.7544280716106,0.3,T,T,Win,5,10,,14,11391.909807752098,1139.1909807752097,0.4,T,H,Lose,6,9,,14,9320.653479069897,932.0653479069897,0.7,H,H,Win,10,5,,14,11391.9098077521,1139.19098077521,0.5,H,T,Lose,7,8,,14,17017.544280716105,1701.7544280716106,0.3,T,H,Lose,4,11,,14,11391.9098077521,1139.19098077521,0.3,T,T,Win,5,10,,14,11391.9098077521,1139.19098077521,0.5,T,H,Lose,7,8,,14,7625.989210148098,762.5989210148099,0.5,T,H,Lose,8,7,,14,11391.909807752101,1139.1909807752102,0.8,H,H,Win,12,3,,14,7625.989210148101,762.5989210148101,0.4,T,T,Win,6,9,,14,13923.445320585903,1392.3445320585904,0.7,H,H,Win,11,4,,14,11391.9098077521,1139.19098077521,0.4,T,H,Lose,6,9,,14,9320.6534790699,932.0653479069902,0.6,H,T,Lose,9,6,,14,11391.9098077521,1139.19098077521,0.5,T,T,Win,8,7,,14,13923.4453205859,1392.3445320585902,0.7,H,H,Win,11,4,,14,6239.445717393899,623.94457173939,0.5,H,H,Win,8,7,,14,6239.445717393899,623.94457173939,0.5,T,T,Win,8,7,,14,9320.6534790699,932.0653479069902,0.5,T,H,Lose,7,8,,14,20799.2207875419,2079.9220787541904,0.8,H,T,Lose,12,3,,14,9320.653479069899,932.0653479069899,0.5,H,T,Lose,8,7,,14,6239.445717393899,623.94457173939,0.6,H,H,Win,9,6,,14,11391.909807752101,1139.1909807752102,0.3,T,T,Win,5,10,,14,7625.989210148097,762.5989210148098,0.4,T,T,Win,6,9,,14,9320.653479069899,932.0653479069899,0.7,H,H,Win,11,4,,14,7625.9892101481,762.59892101481,0.7,H,T,Lose,10,5,,14,7625.989210148101,762.5989210148101,0.5,T,T,Win,7,8,,14,13923.4453205859,1392.3445320585902,0.3,T,H,Lose,5,10,,14,17017.544280716098,1701.75442807161,0.7,H,T,Lose,10,5,,14,13923.445320585903,1392.3445320585904,0.4,T,H,Lose,6,9,,14,6239.445717393899,623.94457173939,0.6,T,H,Lose,9,6,,14,9320.6534790699,932.0653479069902,0.6,T,H,Lose,9,6,,14,5105.0010415041,510.50010415041,0.5,T,T,Win,8,7,,14,13923.445320585899,1392.34453205859,0.5,T,H,Lose,7,8,,14,13923.445320585903,1392.3445320585904,0.7,H,H,Win,10,5,,14,25421.2698514401,2542.12698514401,0.1,T,T,Win,2,13,,14,7625.989210148098,762.5989210148099,0.5,H,T,Lose,7,8,,14,17017.5442807161,1701.7544280716102,0.4,T,H,Lose,6,9,,14,5105.001041504101,510.5001041504101,0.4,T,T,Win,6,9,,14,7625.989210148098,762.5989210148099,0.5,T,H,Lose,7,8,,14,13923.4453205859,1392.3445320585902,0.5,H,H,Win,8,7,,14,17017.5442807161,1701.7544280716102,0.2,T,T,Win,3,12,,14,13923.445320585903,1392.3445320585904,0.3,T,H,Lose,5,10,,14,6239.445717393899,623.94457173939,0.5,H,T,Lose,7,8,,14,13923.4453205859,1392.3445320585902,0.7,H,H,Win,10,5,,14,13923.445320585903,1392.3445320585904,0.4,T,T,Win,6,9,,14,11391.909807752098,1139.1909807752097,0.6,H,T,Lose,9,6,,14,9320.653479069897,932.0653479069897,0.5,T,H,Lose,8,7,,14,9320.6534790699,932.0653479069902,0.5,T,H,Lose,8,7,,14,4176.8190339579,417.68190339578996,0.5,H,T,Lose,7,8,,14,9320.653479069899,932.0653479069899,0.5,T,H,Lose,7,8,,14,7625.989210148098,762.5989210148099,0.5,T,H,Lose,8,7,,14,5105.001041504101,510.5001041504101,0.6,H,T,Lose,9,6,,14,9320.653479069899,932.0653479069899,0.4,T,T,Win,6,9,,14,9320.653479069899,932.0653479069899,0.4,T,T,Win,6,9,,14,20799.2207875419,2079.9220787541904,0.9,H,H,Win,13,2,,14,7625.989210148099,762.59892101481,0.5,H,T,Lose,8,7,,14,6239.4457173939,623.9445717393901,0.5,H,T,Lose,7,8,,14,11391.909807752101,1139.1909807752102,0.4,T,H,Lose,6,9,,14,25421.269851440098,2542.12698514401,0.3,T,H,Lose,4,11,,14,6239.445717393899,623.94457173939,0.5,T,T,Win,7,8,,14,11391.9098077521,1139.19098077521,0.4,T,H,Lose,6,9,,14,9320.653479069899,932.0653479069899,0.6,H,H,Win,9,6,,14,13923.4453205859,1392.3445320585902,0.3,T,H,Lose,5,10,,14,9320.653479069902,932.0653479069903,0.5,T,T,Win,7,8,,14,9320.653479069899,932.0653479069899,0.6,T,H,Lose,9,6,,14,3417.3973914201,341.73973914201,0.4,T,T,Win,6,9,,14,11391.9098077521,1139.19098077521,0.5,H,T,Lose,8,7,,14,11391.909807752098,1139.1909807752097,0.4,T,H,Lose,6,9,,14,11391.909807752103,1139.1909807752104,0.7,H,H,Win,11,4,,14,7625.989210148098,762.5989210148099,0.5,H,H,Win,8,7,,14,7625.989210148101,762.5989210148101,0.6,H,H,Win,9,6,,14,17017.544280716094,1701.7544280716095,0.8,H,H,Win,12,3,,14,13923.4453205859,1392.3445320585902,0.3,T,H,Lose,5,10,,14,9320.653479069899,932.0653479069899,0.5,T,H,Lose,7,8,,14,11391.909807752101,1139.1909807752102,0.3,T,T,Win,5,10,,14,6239.445717393899,623.94457173939,0.4,T,T,Win,6,9,,14,7625.989210148099,762.59892101481,0.7,H,H,Win,10,5,,14,11391.9098077521,1139.19098077521,0.4,T,H,Lose,6,9,,14,5105.001041504101,510.5001041504101,0.5,H,T,Lose,7,8,,14,17017.544280716105,1701.7544280716106,0.3,T,T,Win,5,10,,14,4176.8190339579,417.68190339578996,0.7,H,H,Win,10,5,,14,6239.445717393901,623.9445717393901,0.5,T,T,Win,7,8,,14,11391.909807752096,1139.1909807752097,0.5,T,H,Lose,7,8,,14,11391.9098077521,1139.19098077521,0.5,H,T,Lose,7,8,,14,11391.909807752101,1139.1909807752102,0.7,H,H,Win,10,5,,14,7625.989210148097,762.5989210148098,0.7,H,H,Win,10,5,,14,11391.909807752098,1139.1909807752097,0.4,T,H,Lose,6,9,,14,5105.001041504101,510.5001041504101,0.5,H,H,Win,8,7,,14,7625.989210148098,762.5989210148099,0.5,H,T,Lose,7,8,,14,9320.653479069899,932.0653479069899,0.7,H,H,Win,10,5,,14,9320.653479069899,932.0653479069899,0.5,H,H,Win,8,7,,14,7625.989210148101,762.5989210148101,0.6,T,H,Lose,9,6,,14,7625.989210148099,762.59892101481,0.6,H,T,Lose,9,6,,14,11391.9098077521,1139.19098077521,0.4,T,T,Win,6,9,,14,6239.445717393901,623.9445717393901,0.6,H,T,Lose,9,6,,14,6239.445717393901,623.9445717393901,0.6,H,H,Win,9,6,,14,20799.2207875419,2079.9220787541904,0.7,H,T,Lose,11,4,,14,11391.9098077521,1139.19098077521,0.6,H,T,Lose,9,6,,14,9320.653479069899,932.0653479069899,0.4,T,T,Win,6,9,,14,11391.909807752101,1139.1909807752102,0.6,T,H,Lose,9,6,,14,7625.989210148099,762.59892101481,0.5,T,H,Lose,8,7,,14,11391.909807752101,1139.1909807752102,0.3,T,T,Win,5,10,,14,13923.4453205859,1392.3445320585902,0.3,T,H,Lose,5,10,,14,9320.653479069897,932.0653479069897,0.7,H,H,Win,11,4,,14,9320.653479069899,932.0653479069899,0.5,H,H,Win,8,7,,14,7625.989210148102,762.5989210148102,0.6,H,T,Lose,9,6,,14,13923.4453205859,1392.3445320585902,0.3,T,H,Lose,5,10,,14,17017.5442807161,1701.7544280716102,0.9,H,H,Win,13,2,,14,13923.445320585899,1392.34453205859,0.6,H,T,Lose,9,6,,14,7625.9892101481,762.59892101481,0.4,T,T,Win,6,9,,14,9320.653479069897,932.0653479069897,0.4,T,T,Win,6,9,,14,17017.5442807161,1701.7544280716102,0.7,H,H,Win,11,4,,14,6239.445717393899,623.94457173939,0.5,H,T,Lose,7,8,,14,13923.445320585903,1392.3445320585904,0.7,H,H,Win,11,4,,14,6239.4457173939,623.9445717393901,0.5,T,H,Lose,8,7,,14,9320.653479069899,932.0653479069899,0.5,T,H,Lose,7,8,,14,17017.544280716105,1701.7544280716106,0.7,H,H,Win,11,4,,14,13923.4453205859,1392.3445320585902,0.3,T,T,Win,4,11,,14,17017.544280716094,1701.7544280716095,0.2,T,T,Win,3,12,,14,17017.544280716094,1701.7544280716095,0.3,T,T,Win,5,10,,14,6239.445717393898,623.9445717393899,0.5,H,T,Lose,7,8,,14,6239.4457173939,623.9445717393901,0.4,T,T,Win,6,9,,14,17017.5442807161,1701.7544280716102,0.2,T,T,Win,3,12,,14,13923.445320585903,1392.3445320585904,0.4,T,H,Lose,6,9,,14,6239.445717393899,623.94457173939,0.6,H,H,Win,9,6,,14,9320.653479069897,932.0653479069897,0.5,T,T,Win,7,8,,14,6239.445717393899,623.94457173939,0.5,H,H,Win,8,7,,14,7625.989210148099,762.59892101481,0.6,T,H,Lose,9,6,,14,5105.001041504101,510.5001041504101,0.5,H,T,Lose,7,8,,14,7625.989210148099,762.59892101481,0.6,T,H,Lose,9,6,,14,6239.445717393899,623.94457173939,0.4,T,H,Lose,6,9,,14,11391.909807752101,1139.1909807752102,0.3,T,T,Win,5,10,,14,9320.653479069899,932.0653479069899,0.5,T,T,Win,7,8,,14,17017.544280716105,1701.7544280716106,0.3,T,T,Win,5,10,,14,11391.909807752101,1139.1909807752102,0.3,T,T,Win,5,10,,14,5105.001041504101,510.5001041504101,0.5,T,H,Lose,8,7,,14,9320.653479069899,932.0653479069899,0.5,T,T,Win,8,7,,14,9320.6534790699,932.0653479069902,0.5,T,H,Lose,8,7,,14,9320.6534790699,932.0653479069902,0.7,H,H,Win,11,4,,14,11391.909807752101,1139.1909807752102,0.7,H,H,Win,10,5,,14,11391.9098077521,1139.19098077521,0.5,T,H,Lose,8,7,,14,11391.909807752101,1139.1909807752102,0.3,T,T,Win,5,10,,14,9320.653479069899,932.0653479069899,0.7,H,H,Win,10,5,,14,6239.445717393898,623.9445717393899,0.5,T,T,Win,7,8,,14,9320.653479069899,932.0653479069899,0.4,T,H,Lose,6,9,,14,9320.653479069899,932.0653479069899,0.3,T,T,Win,5,10,,14,9320.653479069899,932.0653479069899,0.4,T,T,Win,6,9,,14,11391.9098077521,1139.19098077521,0.3,T,T,Win,5,10,,14,20799.2207875419,2079.9220787541904,0.2,T,T,Win,3,12,,14,9320.6534790699,932.0653479069902,0.5,T,H,Lose,7,8,,14,9320.653479069897,932.0653479069897,0.5,T,H,Lose,7,8,,14,20799.220787541908,2079.922078754191,0.1,T,T,Win,2,13,,14,7625.989210148099,762.59892101481,0.5,T,T,Win,8,7,,14,7625.9892101481,762.59892101481,0.4,T,T,Win,6,9,,14,13923.4453205859,1392.3445320585902,0.3,T,T,Win,5,10,,14,6239.445717393901,623.9445717393901,0.5,H,H,Win,8,7,,14,9320.653479069899,932.0653479069899,0.5,T,H,Lose,7,8,,14,7625.989210148097,762.5989210148098,0.5,H,T,Lose,8,7,,14,11391.9098077521,1139.19098077521,0.5,T,H,Lose,7,8,,14,9320.653479069899,932.0653479069899,0.6,T,H,Lose,9,6,,14,13923.445320585903,1392.3445320585904,0.3,T,T,Win,4,11,,14,6239.445717393901,623.9445717393901,0.6,T,H,Lose,9,6,,14,9320.653479069897,932.0653479069897,0.5,T,H,Lose,7,8,,14,11391.9098077521,1139.19098077521,0.4,T,H,Lose,6,9,,14,4176.819033957899,417.6819033957899,0.6,T,H,Lose,9,6,,14,7625.9892101481,762.59892101481,0.5,H,H,Win,8,7,,14,13923.445320585897,1392.3445320585897,0.7,H,T,Lose,10,5,,14,9320.653479069897,932.0653479069897,0.4,T,T,Win,6,9,,14,6239.445717393901,623.9445717393901,0.6,H,T,Lose,9,6,,14,11391.9098077521,1139.19098077521,0.5,T,H,Lose,8,7,,14,9320.6534790699,932.0653479069902,0.5,T,H,Lose,7,8,,14,11391.9098077521,1139.19098077521,0.4,T,T,Win,6,9,,14,6239.445717393901,623.9445717393901,0.5,H,T,Lose,7,8,,14,6239.445717393899,623.94457173939,0.5,H,H,Win,8,7,,14,5105.0010415041,510.50010415041,0.5,H,T,Lose,7,8,,14,13923.445320585899,1392.34453205859,0.7,H,H,Win,10,5,,14,9320.653479069899,932.0653479069899,0.6,H,H,Win,9,6,,14,17017.544280716098,1701.75442807161,0.7,H,T,Lose,10,5,,14,7625.9892101481,762.59892101481,0.6,T,H,Lose,9,6,,14,20799.2207875419,2079.9220787541904,0.3,T,T,Win,4,11,,14,6239.445717393901,623.9445717393901,0.5,T,H,Lose,8,7,,14,6239.445717393901,623.9445717393901,0.5,H,T,Lose,7,8,,14,9320.6534790699,932.0653479069902,0.7,H,H,Win,10,5,,14,9320.6534790699,932.0653479069902,0.5,T,T,Win,7,8,,14,7625.989210148099,762.59892101481,0.5,H,T,Lose,7,8,,14,9320.6534790699,932.0653479069902,0.6,T,H,Lose,9,6,,14,9320.653479069899,932.0653479069899,0.5,H,H,Win,8,7,,14,7625.989210148098,762.5989210148099,0.5,T,H,Lose,8,7,,14,11391.9098077521,1139.19098077521,0.5,H,H,Win,8,7,,14,7625.9892101481,762.59892101481,0.4,T,T,Win,6,9,,14,13923.4453205859,1392.3445320585902,0.7,H,H,Win,11,4,,14,13923.445320585903,1392.3445320585904,0.4,T,H,Lose,6,9,,14,11391.909807752098,1139.1909807752097,0.6,H,H,Win,9,6,,14,9320.6534790699,932.0653479069902,0.4,T,H,Lose,6,9,,14,7625.989210148099,762.59892101481,0.5,T,H,Lose,8,7,,14,11391.909807752101,1139.1909807752102,0.3,T,T,Win,5,10,,14,17017.5442807161,1701.7544280716102,0.7,H,H,Win,11,4,,14,11391.9098077521,1139.19098077521,0.6,T,H,Lose,9,6,,14,17017.544280716098,1701.75442807161,0.3,T,H,Lose,4,11,,14,11391.909807752101,1139.1909807752102,0.6,H,T,Lose,9,6,,14,13923.4453205859,1392.3445320585902,0.3,T,H,Lose,5,10,,14,13923.445320585903,1392.3445320585904,0.3,T,H,Lose,5,10,,14,7625.989210148101,762.5989210148101,0.6,H,T,Lose,9,6,,14,17017.544280716098,1701.75442807161,0.3,T,T,Win,5,10,,14,7625.989210148098,762.5989210148099,0.6,T,H,Lose,9,6,,14,7625.989210148098,762.5989210148099,0.5,H,H,Win,8,7,,14,17017.5442807161,1701.7544280716102,0.3,T,H,Lose,4,11,,14,7625.989210148098,762.5989210148099,0.5,H,T,Lose,7,8,,14,6239.445717393899,623.94457173939,0.5,H,T,Lose,7,8,,14,5105.001041504101,510.5001041504101,0.5,T,H,Lose,8,7,,14,9320.653479069899,932.0653479069899,0.4,T,T,Win,6,9,,14,5105.001041504101,510.5001041504101,0.5,T,T,Win,8,7,,14,13923.445320585903,1392.3445320585904,0.7,H,T,Lose,10,5,,14,7625.9892101481,762.59892101481,0.5,T,T,Win,8,7,,14,5105.001041504101,510.5001041504101,0.5,H,T,Lose,7,8,,14,13923.445320585903,1392.3445320585904,0.7,H,H,Win,11,4,,14,11391.9098077521,1139.19098077521,0.7,H,H,Win,10,5,,14,5105.001041504101,510.5001041504101,0.6,T,H,Lose,9,6,,14,7625.989210148099,762.59892101481,0.6,H,H,Win,9,6,,14,9320.653479069899,932.0653479069899,0.5,T,H,Lose,8,7,,14,6239.445717393899,623.94457173939,0.5,T,H,Lose,7,8,,14,11391.909807752101,1139.1909807752102,0.7,H,T,Lose,10,5,,14,9320.6534790699,932.0653479069902,0.6,H,H,Win,9,6,,14,13923.445320585903,1392.3445320585904,0.4,T,T,Win,6,9,,14,17017.544280716098,1701.75442807161,0.2,T,T,Win,3,12,,14,17017.5442807161,1701.7544280716102,0.7,H,T,Lose,11,4,,14,6239.4457173939,623.9445717393901,0.5,H,T,Lose,7,8,,14,13923.4453205859,1392.3445320585902,0.7,H,T,Lose,10,5,,14,7625.989210148098,762.5989210148099,0.5,H,T,Lose,7,8,,14,20799.220787541908,2079.922078754191,0.1,T,T,Win,2,13,,14,7625.989210148101,762.5989210148101,0.5,T,H,Lose,8,7,,14,7625.989210148098,762.5989210148099,0.5,H,T,Lose,8,7,,14,13923.445320585903,1392.3445320585904,0.5,T,H,Lose,7,8,,14,7625.9892101481,762.59892101481,0.6,H,T,Lose,9,6,,14,11391.909807752098,1139.1909807752097,0.4,T,T,Win,6,9,,14,11391.909807752101,1139.1909807752102,0.4,T,H,Lose,6,9,,14,6239.445717393899,623.94457173939,0.5,H,H,Win,8,7,,14,6239.445717393901,623.9445717393901,0.6,H,H,Win,9,6,,14,6239.445717393899,623.94457173939,0.5,H,H,Win,8,7,,14,9320.653479069899,932.0653479069899,0.5,T,H,Lose,7,8,,14,9320.6534790699,932.0653479069902,0.5,H,T,Lose,8,7,,14,11391.909807752101,1139.1909807752102,0.6,H,T,Lose,9,6,,14,9320.653479069902,932.0653479069903,0.6,H,H,Win,9,6,,14,9320.6534790699,932.0653479069902,0.5,T,H,Lose,7,8,,14,11391.909807752101,1139.1909807752102,0.3,T,T,Win,5,10,,14,9320.653479069899,932.0653479069899,0.5,T,H,Lose,7,8,,14,20799.220787541894,2079.9220787541894,0.3,T,T,Win,4,11,,14,20799.2207875419,2079.9220787541904,0.3,T,T,Win,4,11,,14,9320.653479069897,932.0653479069897,0.5,H,T,Lose,7,8,,14,9320.6534790699,932.0653479069902,0.7,H,H,Win,10,5,,14,11391.9098077521,1139.19098077521,0.4,T,H,Lose,6,9,,14,5105.001041504101,510.5001041504101,0.5,H,H,Win,8,7,,14,6239.445717393899,623.94457173939,0.5,T,H,Lose,8,7,,14,7625.989210148099,762.59892101481,0.5,T,T,Win,8,7,,14,5105.0010415041,510.50010415041,0.6,H,H,Win,9,6,,14,6239.445717393899,623.94457173939,0.7,H,H,Win,10,5,,14,7625.989210148099,762.59892101481,0.5,T,T,Win,7,8,,14,4176.8190339579,417.68190339578996,0.5,T,H,Lose,7,8,,14,6239.445717393899,623.94457173939,0.5,H,H,Win,8,7,,14,13923.4453205859,1392.3445320585902,0.4,T,H,Lose,6,9,,14,7625.989210148101,762.5989210148101,0.4,T,T,Win,6,9,,14,13923.445320585903,1392.3445320585904,0.7,H,H,Win,11,4,,14,5105.001041504099,510.5001041504099,0.4,T,T,Win,6,9,,14,11391.9098077521,1139.19098077521,0.4,T,T,Win,6,9,,14,11391.9098077521,1139.19098077521,0.6,H,H,Win,9,6,,14,11391.9098077521,1139.19098077521,0.5,H,T,Lose,8,7,,14,13923.4453205859,1392.3445320585902,0.3,T,H,Lose,5,10,,14,11391.9098077521,1139.19098077521,0.6,T,H,Lose,9,6,,14,6239.445717393899,623.94457173939,0.5,T,T,Win,8,7,,14,5105.0010415041,510.50010415041,0.6,H,H,Win,9,6,,14,9320.6534790699,932.0653479069902,0.6,H,T,Lose,9,6,,14,6239.445717393899,623.94457173939,0.5,T,T,Win,7,8,,14,20799.2207875419,2079.9220787541904,0.3,T,T,Win,4,11,,14,7625.9892101481,762.59892101481,0.4,T,H,Lose,6,9,,14,11391.909807752098,1139.1909807752097,0.6,H,T,Lose,9,6,,14,9320.653479069899,932.0653479069899,0.4,T,T,Win,6,9,,14,7625.989210148099,762.59892101481,0.5,H,T,Lose,8,7,,14,13923.445320585903,1392.3445320585904,0.3,T,H,Lose,5,10,,14,9320.653479069899,932.0653479069899,0.5,T,H,Lose,7,8,,14,4176.8190339579,417.68190339578996,0.5,T,T,Win,8,7,,14,13923.4453205859,1392.3445320585902,0.5,T,H,Lose,8,7,,14,6239.445717393901,623.9445717393901,0.5,H,T,Lose,8,7,,14,9320.6534790699,932.0653479069902,0.6,T,H,Lose,9,6,,14,17017.5442807161,1701.7544280716102,0.7,H,T,Lose,10,5,,14,9320.653479069899,932.0653479069899,0.5,T,H,Lose,7,8,,14,9320.653479069899,932.0653479069899,0.4,T,T,Win,6,9,,14,13923.4453205859,1392.3445320585902,0.3,T,H,Lose,5,10,,14,9320.6534790699,932.0653479069902,0.4,T,H,Lose,6,9,,14,9320.653479069897,932.0653479069897,0.5,T,H,Lose,7,8,,14,13923.445320585903,1392.3445320585904,0.3,T,H,Lose,5,10,,14,9320.653479069897,932.0653479069897,0.4,T,T,Win,6,9,,14,11391.9098077521,1139.19098077521,0.7,H,T,Lose,11,4,,14,13923.445320585903,1392.3445320585904,0.3,T,T,Win,5,10,,14,9320.6534790699,932.0653479069902,0.5,T,H,Lose,8,7,,14,13923.445320585903,1392.3445320585904,0.5,T,H,Lose,8,7,,14,6239.445717393899,623.94457173939,0.4,T,T,Win,6,9,,14,5105.0010415041,510.50010415041,0.6,H,T,Lose,9,6,,14,11391.9098077521,1139.19098077521,0.3,T,T,Win,5,10,,14,9320.653479069899,932.0653479069899,0.5,T,H,Lose,7,8,,14,6239.445717393898,623.9445717393899,0.6,T,H,Lose,9,6,,14,7625.9892101481,762.59892101481,0.6,T,H,Lose,9,6,,14,9320.653479069897,932.0653479069897,0.6,H,T,Lose,9,6,,14,9320.6534790699,932.0653479069902,0.4,T,T,Win,6,9,,14,9320.653479069899,932.0653479069899,0.5,T,H,Lose,7,8,,14,7625.989210148098,762.5989210148099,0.5,H,T,Lose,7,8,,14,5105.001041504101,510.5001041504101,0.5,H,H,Win,8,7,,14,20799.220787541897,2079.92207875419,0.3,T,T,Win,4,11,,14,13923.4453205859,1392.3445320585902,0.6,H,T,Lose,9,6,,14,9320.6534790699,932.0653479069902,0.6,H,H,Win,9,6,,14,13923.445320585903,1392.3445320585904,0.3,T,H,Lose,5,10,,14,11391.9098077521,1139.19098077521,0.5,T,H,Lose,8,7,,14,11391.909807752101,1139.1909807752102,0.6,H,T,Lose,9,6,,14,9320.653479069899,932.0653479069899,0.5,T,H,Lose,8,7,,14,13923.445320585903,1392.3445320585904,0.3,T,H,Lose,5,10,,14,13923.445320585903,1392.3445320585904,0.3,T,H,Lose,5,10,,14,11391.9098077521,1139.19098077521,0.4,T,H,Lose,6,9,,14,5105.001041504099,510.5001041504099,0.5,H,T,Lose,7,8,,14,5105.0010415041,510.50010415041,0.5,T,T,Win,7,8,,14,9320.6534790699,932.0653479069902,0.5,H,T,Lose,8,7,,14,7625.989210148098,762.5989210148099,0.5,H,T,Lose,7,8,,14,9320.653479069899,932.0653479069899,0.5,T,H,Lose,7,8,,14,5105.0010415041,510.50010415041,0.6,T,H,Lose,9,6,,14,6239.445717393899,623.94457173939,0.5,T,T,Win,8,7,,14,11391.909807752096,1139.1909807752097,0.5,T,T,Win,7,8,,14,7625.9892101481,762.59892101481,0.5,T,H,Lose,7,8,,14,9320.653479069899,932.0653479069899,0.4,T,T,Win,6,9,,14,11391.909807752101,1139.1909807752102,0.6,H,T,Lose,9,6,,14,20799.220787541897,2079.92207875419,0.2,T,H,Lose,3,12,,14,7625.989210148101,762.5989210148101,0.6,T,H,Lose,9,6,,14,6239.4457173939,623.9445717393901,0.6,H,T,Lose,9,6,,14,13923.445320585903,1392.3445320585904,0.3,T,T,Win,4,11,,14,11391.9098077521,1139.19098077521,0.5,T,H,Lose,7,8,,14,13923.4453205859,1392.3445320585902,0.4,T,H,Lose,6,9,,14,7625.9892101481,762.59892101481,0.6,H,T,Lose,9,6,,14,6239.445717393899,623.94457173939,0.5,T,T,Win,7,8,,14,7625.989210148099,762.59892101481,0.6,H,H,Win,9,6,,14,11391.9098077521,1139.19098077521,0.3,T,T,Win,5,10,,14,9320.653479069897,932.0653479069897,0.4,T,T,Win,6,9,,14,9320.653479069897,932.0653479069897,0.6,T,H,Lose,9,6,,14,5105.001041504101,510.5001041504101,0.5,T,H,Lose,8,7,,14,11391.909807752101,1139.1909807752102,0.3,T,T,Win,5,10,,14,7625.9892101481,762.59892101481,0.7,H,H,Win,10,5,,14,9320.6534790699,932.0653479069902,0.6,H,T,Lose,9,6,,14,11391.909807752101,1139.1909807752102,0.3,T,T,Win,5,10,,14,11391.9098077521,1139.19098077521,0.4,T,T,Win,6,9,,14,11391.9098077521,1139.19098077521,0.3,T,T,Win,5,10,,14,11391.909807752098,1139.1909807752097,0.4,T,H,Lose,6,9,,14,9320.653479069897,932.0653479069897,0.3,T,T,Win,5,10,,14,6239.445717393899,623.94457173939,0.4,T,T,Win,6,9,,14,20799.220787541908,2079.922078754191,0.8,H,H,Win,12,3,,14,13923.4453205859,1392.3445320585902,0.3,T,T,Win,4,11,,14,11391.9098077521,1139.19098077521,0.5,T,T,Win,7,8,,14,11391.9098077521,1139.19098077521,0.7,H,H,Win,10,5,,14,7625.9892101481,762.59892101481,0.7,H,H,Win,10,5,,14,4176.8190339579005,417.6819033957901,0.6,T,H,Lose,9,6,,14,11391.909807752098,1139.1909807752097,0.5,H,T,Lose,8,7,,14,17017.5442807161,1701.7544280716102,0.2,T,T,Win,3,12,,14,9320.6534790699,932.0653479069902,0.6,H,H,Win,9,6,,14,9320.653479069899,932.0653479069899,0.4,T,T,Win,6,9,,14,6239.445717393901,623.9445717393901,0.6,H,H,Win,9,6,,14,9320.653479069899,932.0653479069899,0.5,T,H,Lose,7,8,,14,9320.6534790699,932.0653479069902,0.5,T,H,Lose,7,8,,14,13923.445320585903,1392.3445320585904,0.3,T,T,Win,5,10,,14,9320.653479069899,932.0653479069899,0.6,H,T,Lose,9,6,,14,9320.653479069897,932.0653479069897,0.6,H,T,Lose,9,6,,14,20799.220787541897,2079.92207875419,0.8,H,T,Lose,12,3,,14,11391.909807752101,1139.1909807752102,0.5,T,T,Win,8,7,,14,6239.445717393899,623.94457173939,0.5,T,H,Lose,7,8,,14,9320.653479069899,932.0653479069899,0.4,T,T,Win,6,9,,14,11391.9098077521,1139.19098077521,0.4,T,T,Win,6,9,,14,5105.0010415041015,510.50010415041015,0.5,H,T,Lose,8,7,,14,13923.445320585903,1392.3445320585904,0.5,T,H,Lose,7,8,,14,5105.001041504101,510.5001041504101,0.5,H,T,Lose,8,7,,14,4176.8190339579,417.68190339578996,0.5,T,T,Win,7,8,,14,7625.989210148099,762.59892101481,0.6,T,H,Lose,9,6,,14,11391.9098077521,1139.19098077521,0.4,T,H,Lose,6,9,,14,5105.001041504101,510.5001041504101,0.5,H,T,Lose,8,7,,14,13923.445320585903,1392.3445320585904,0.7,H,H,Win,10,5,,14,5105.001041504101,510.5001041504101,0.5,T,T,Win,8,7,,14,11391.9098077521,1139.19098077521,0.7,H,T,Lose,10,5,,14,11391.909807752101,1139.1909807752102,0.6,H,H,Win,9,6,,14,13923.4453205859,1392.3445320585902,0.7,H,T,Lose,10,5,,14,7625.9892101481,762.59892101481,0.5,H,T,Lose,7,8,,14,17017.5442807161,1701.7544280716102,0.3,T,H,Lose,5,10,,14,13923.445320585903,1392.3445320585904,0.3,T,H,Lose,5,10,,14,17017.544280716094,1701.7544280716095,0.3,T,H,Lose,4,11,,14,9320.653479069897,932.0653479069897,0.5,T,H,Lose,7,8,,14,20799.220787541908,2079.922078754191,0.2,T,H,Lose,3,12,,14,11391.9098077521,1139.19098077521,0.4,T,H,Lose,6,9,,14,13923.445320585903,1392.3445320585904,0.3,T,T,Win,5,10,,14,9320.6534790699,932.0653479069902,0.5,T,T,Win,7,8,,14,13923.4453205859,1392.3445320585902,0.7,H,H,Win,11,4,,14,11391.909807752103,1139.1909807752104,0.7,H,T,Lose,10,5,,14,17017.5442807161,1701.7544280716102,0.4,T,H,Lose,6,9,,14,9320.6534790699,932.0653479069902,0.5,H,H,Win,8,7,,14,9320.653479069899,932.0653479069899,0.4,T,T,Win,6,9,,14,5105.0010415041,510.50010415041,0.6,H,H,Win,9,6,,14,11391.9098077521,1139.19098077521,0.5,T,T,Win,8,7,,14,7625.989210148097,762.5989210148098,0.6,H,H,Win,9,6,,14,9320.6534790699,932.0653479069902,0.4,T,T,Win,6,9,,14,9320.653479069899,932.0653479069899,0.5,H,T,Lose,7,8,,14,11391.909807752101,1139.1909807752102,0.7,H,T,Lose,11,4,,14,9320.6534790699,932.0653479069902,0.4,T,T,Win,6,9,,14,11391.909807752098,1139.1909807752097,0.3,T,T,Win,5,10,,14,17017.5442807161,1701.7544280716102,0.7,H,H,Win,11,4,,14,11391.9098077521,1139.19098077521,0.6,H,T,Lose,9,6,,14,11391.909807752098,1139.1909807752097,0.5,H,T,Lose,8,7,,14,9320.653479069899,932.0653479069899,0.5,T,H,Lose,7,8,,14,9320.653479069897,932.0653479069897,0.5,T,H,Lose,7,8,,14,11391.909807752098,1139.1909807752097,0.5,T,H,Lose,7,8,,14,17017.5442807161,1701.7544280716102,0.2,T,T,Win,3,12,,14,13923.4453205859,1392.3445320585902,0.4,T,H,Lose,6,9,,14,6239.445717393899,623.94457173939,0.4,T,T,Win,6,9,,14,13923.445320585899,1392.34453205859,0.5,T,H,Lose,8,7,,14,17017.5442807161,1701.7544280716102,0.7,H,H,Win,11,4,,14,13923.445320585903,1392.3445320585904,0.4,T,H,Lose,6,9,,14,11391.9098077521,1139.19098077521,0.4,T,H,Lose,6,9,,14,7625.989210148098,762.5989210148099,0.6,H,T,Lose,9,6,,14,11391.9098077521,1139.19098077521,0.4,T,H,Lose,6,9,,14,17017.544280716098,1701.75442807161,0.3,T,T,Win,5,10,,14,11391.9098077521,1139.19098077521,0.3,T,T,Win,5,10,,14,6239.445717393901,623.9445717393901,0.5,H,H,Win,8,7,,14,13923.4453205859,1392.3445320585902,0.3,T,H,Lose,5,10,,14,6239.445717393899,623.94457173939,0.6,H,H,Win,9,6,,14,6239.4457173939,623.9445717393901,0.5,H,T,Lose,8,7,,14,9320.653479069899,932.0653479069899,0.5,T,H,Lose,7,8,,14,11391.9098077521,1139.19098077521,0.7,H,H,Win,10,5,,14,13923.4453205859,1392.3445320585902,0.4,T,T,Win,6,9,,14,11391.9098077521,1139.19098077521,0.4,T,H,Lose,6,9,,14,9320.6534790699,932.0653479069902,0.7,H,H,Win,10,5,,14,5105.001041504099,510.5001041504099,0.5,H,T,Lose,7,8,,14,11391.909807752101,1139.1909807752102,0.6,H,T,Lose,9,6,,14,5105.001041504101,510.5001041504101,0.5,T,T,Win,8,7,,14,17017.5442807161,1701.7544280716102,0.7,H,H,Win,11,4,,14,9320.653479069899,932.0653479069899,0.7,H,H,Win,10,5,,14,7625.989210148099,762.59892101481,0.6,H,H,Win,9,6,,14,7625.989210148099,762.59892101481,0.6,T,H,Lose,9,6,,14,7625.989210148098,762.5989210148099,0.5,T,T,Win,8,7,,14,9320.6534790699,932.0653479069902,0.5,T,H,Lose,7,8,,14,17017.544280716105,1701.7544280716106,0.3,T,H,Lose,4,11,,14,7625.989210148099,762.59892101481,0.7,H,H,Win,10,5,,14,5105.0010415041,510.50010415041,0.5,H,T,Lose,8,7,,14,11391.9098077521,1139.19098077521,0.4,T,H,Lose,6,9,,14,13923.4453205859,1392.3445320585902,0.3,T,H,Lose,5,10,,14,7625.9892101481,762.59892101481,0.6,H,T,Lose,9,6,,14,17017.544280716105,1701.7544280716106,0.7,H,T,Lose,10,5,,14,11391.9098077521,1139.19098077521,0.6,H,H,Win,9,6,,14,17017.544280716105,1701.7544280716106,0.3,T,T,Win,5,10,,14,11391.9098077521,1139.19098077521,0.5,T,T,Win,8,7,,14,9320.6534790699,932.0653479069902,0.6,T,H,Lose,9,6,,14,7625.9892101481,762.59892101481,0.7,H,H,Win,10,5,,14,11391.909807752101,1139.1909807752102,0.5,T,H,Lose,8,7,,14,13923.445320585903,1392.3445320585904,0.7,H,T,Lose,10,5,,14,7625.989210148099,762.59892101481,0.6,H,T,Lose,9,6,,14,11391.9098077521,1139.19098077521,0.5,T,H,Lose,7,8,,14,7625.989210148098,762.5989210148099,0.5,T,H,Lose,8,7,,14,9320.6534790699,932.0653479069902,0.5,T,H,Lose,7,8,,14,7625.9892101481,762.59892101481,0.6,H,T,Lose,9,6,,14,6239.445717393901,623.9445717393901,0.5,T,T,Win,8,7,,14,11391.909807752101,1139.1909807752102,0.5,H,T,Lose,8,7,,14,13923.4453205859,1392.3445320585902,0.3,T,T,Win,4,11,,14,9320.6534790699,932.0653479069902,0.3,T,T,Win,5,10,,14,9320.653479069899,932.0653479069899,0.5,T,H,Lose,8,7,,14,9320.6534790699,932.0653479069902,0.6,H,T,Lose,9,6,,14,7625.989210148098,762.5989210148099,0.5,H,H,Win,8,7,,14,11391.909807752098,1139.1909807752097,0.4,T,H,Lose,6,9,,14,9320.6534790699,932.0653479069902,0.5,T,T,Win,7,8,,14,9320.653479069899,932.0653479069899,0.6,H,H,Win,9,6,,14,20799.2207875419,2079.9220787541904,0.2,T,T,Win,3,12,,14,5105.001041504101,510.5001041504101,0.5,T,T,Win,7,8,,14,9320.653479069899,932.0653479069899,0.4,T,H,Lose,6,9,,14,4176.8190339579005,417.6819033957901,0.6,T,H,Lose,9,6,,14,11391.9098077521,1139.19098077521,0.7,H,H,Win,10,5,,14,17017.5442807161,1701.7544280716102,0.4,T,H,Lose,6,9,,14,7625.989210148101,762.5989210148101,0.5,T,H,Lose,8,7,,14,5105.0010415041,510.50010415041,0.6,H,T,Lose,9,6,,14,6239.445717393899,623.94457173939,0.5,H,H,Win,8,7,,14,20799.220787541897,2079.92207875419,0.8,H,H,Win,12,3,,14,13923.4453205859,1392.3445320585902,0.7,H,T,Lose,10,5,,14,9320.653479069899,932.0653479069899,0.5,T,H,Lose,7,8,,14,20799.220787541897,2079.92207875419,0.3,T,H,Lose,5,10,,14,7625.989210148097,762.5989210148098,0.4,T,T,Win,6,9,,14,9320.653479069899,932.0653479069899,0.5,T,H,Lose,7,8,,14,6239.445717393901,623.9445717393901,0.5,H,T,Lose,8,7,,14,9320.653479069897,932.0653479069897,0.6,H,T,Lose,9,6,,14,9320.653479069899,932.0653479069899,0.4,T,T,Win,6,9,,14,20799.2207875419,2079.9220787541904,0.3,T,H,Lose,5,10,,14,13923.445320585899,1392.34453205859,0.3,T,T,Win,4,11,,14,6239.4457173939,623.9445717393901,0.6,H,T,Lose,9,6,,14,5105.001041504101,510.5001041504101,0.5,H,H,Win,8,7,,14,9320.653479069899,932.0653479069899,0.5,T,T,Win,7,8,,14,13923.445320585897,1392.3445320585897,0.6,H,T,Lose,9,6,,14,7625.9892101481,762.59892101481,0.5,T,H,Lose,7,8,,14,5105.001041504099,510.5001041504099,0.6,H,T,Lose,9,6,,14,7625.989210148102,762.5989210148102,0.4,T,T,Win,6,9,,14,7625.989210148101,762.5989210148101,0.4,T,T,Win,6,9,,14,6239.445717393901,623.9445717393901,0.6,H,T,Lose,9,6,,14,6239.445717393899,623.94457173939,0.5,H,T,Lose,8,7,,14,11391.9098077521,1139.19098077521,0.7,H,H,Win,10,5,,14,5105.001041504101,510.5001041504101,0.5,T,T,Win,7,8,,14,9320.6534790699,932.0653479069902,0.3,T,T,Win,5,10,,14,7625.989210148099,762.59892101481,0.6,H,H,Win,9,6,,14,7625.989210148098,762.5989210148099,0.5,T,H,Lose,7,8,,14,9320.6534790699,932.0653479069902,0.5,T,T,Win,7,8,,14,9320.653479069899,932.0653479069899,0.6,H,H,Win,9,6,,14,13923.4453205859,1392.3445320585902,0.5,T,H,Lose,7,8,,14,11391.9098077521,1139.19098077521,0.5,T,T,Win,7,8,,14,13923.445320585903,1392.3445320585904,0.7,H,H,Win,10,5,,14,5105.0010415041,510.50010415041,0.5,T,H,Lose,8,7,,14,6239.445717393899,623.94457173939,0.5,H,T,Lose,8,7,,14,11391.9098077521,1139.19098077521,0.3,T,T,Win,5,10,,14,9320.653479069899,932.0653479069899,0.5,T,H,Lose,7,8,,14,11391.9098077521,1139.19098077521,0.7,H,H,Win,11,4,,14,7625.989210148102,762.5989210148102,0.5,H,H,Win,8,7,,14,9320.6534790699,932.0653479069902,0.5,T,H,Lose,7,8,,14,13923.445320585903,1392.3445320585904,0.3,T,T,Win,4,11,,14,9320.653479069899,932.0653479069899,0.4,T,H,Lose,6,9,
15,15315.789852644488,1531.5789852644489,0.7,H,H,Win,11,5,,15,15315.789852644484,1531.5789852644484,0.4,T,H,Lose,6,10,,15,6863.39028913329,686.339028913329,0.4,T,H,Lose,7,9,,15,6863.390289133291,686.3390289133291,0.5,T,H,Lose,8,8,,15,10252.718826976889,1025.2718826976889,0.4,T,H,Lose,7,9,,15,12531.100788527307,1253.1100788527308,0.4,T,T,Win,7,9,,15,8388.58813116291,838.858813116291,0.4,T,T,Win,7,9,,15,6863.390289133291,686.3390289133291,0.4,T,T,Win,7,9,,15,12531.10078852731,1253.110078852731,0.4,T,H,Lose,6,10,,15,6863.390289133288,686.3390289133289,0.6,T,H,Lose,9,7,,15,10252.718826976889,1025.2718826976889,0.6,H,H,Win,10,6,,15,10252.718826976889,1025.2718826976889,0.4,T,H,Lose,7,9,,15,8388.58813116291,838.858813116291,0.5,H,T,Lose,8,8,,15,22879.142866296097,2287.9142866296097,0.2,T,T,Win,4,12,,15,6863.390289133288,686.3390289133289,0.3,T,T,Win,5,11,,15,10252.718826976887,1025.2718826976886,0.7,H,H,Win,11,5,,15,10252.718826976889,1025.2718826976889,0.4,T,H,Lose,7,9,,15,10252.71882697689,1025.271882697689,0.6,H,T,Lose,10,6,,15,8388.58813116291,838.858813116291,0.6,H,T,Lose,9,7,,15,10252.71882697689,1025.271882697689,0.4,T,H,Lose,7,9,,15,4594.50093735369,459.45009373536897,0.6,H,H,Win,9,7,,15,10252.718826976889,1025.2718826976889,0.4,T,T,Win,6,10,,15,10252.718826976889,1025.2718826976889,0.5,T,H,Lose,8,8,,15,18719.298708787715,1871.9298708787717,0.8,H,T,Lose,12,4,,15,15315.789852644493,1531.5789852644493,0.8,H,T,Lose,12,4,,15,12531.10078852731,1253.110078852731,0.4,T,H,Lose,6,10,,15,15315.789852644491,1531.5789852644493,0.6,H,H,Win,9,7,,15,22879.14286629609,2287.9142866296093,0.2,T,H,Lose,3,13,,15,6863.390289133289,686.339028913329,0.5,T,H,Lose,8,8,,15,5615.501145654511,561.550114565451,0.6,H,T,Lose,9,7,,15,8388.588131162907,838.8588131162908,0.6,H,H,Win,10,6,,15,8388.58813116291,838.858813116291,0.6,H,H,Win,10,6,,15,10252.718826976889,1025.2718826976889,0.4,T,H,Lose,7,9,,15,12531.10078852731,1253.110078852731,0.4,T,H,Lose,7,9,,15,6863.390289133289,686.339028913329,0.6,H,H,Win,10,6,,15,10252.71882697689,1025.271882697689,0.5,T,H,Lose,8,8,,15,12531.100788527312,1253.1100788527312,0.4,T,H,Lose,6,10,,15,10252.718826976889,1025.2718826976889,0.4,T,H,Lose,7,9,,15,12531.100788527312,1253.1100788527312,0.6,H,H,Win,9,7,,15,10252.71882697689,1025.271882697689,0.4,T,T,Win,7,9,,15,15315.789852644488,1531.5789852644489,0.4,T,H,Lose,7,9,,15,10252.71882697689,1025.271882697689,0.5,T,H,Lose,8,8,,15,8388.58813116291,838.858813116291,0.4,T,T,Win,7,9,,15,8388.588131162907,838.8588131162908,0.4,T,H,Lose,7,9,,15,6863.390289133289,686.339028913329,0.5,T,T,Win,8,8,,15,8388.588131162913,838.8588131162913,0.6,H,T,Lose,10,6,,15,12531.100788527312,1253.1100788527312,0.7,H,H,Win,11,5,,15,5615.50114565451,561.550114565451,0.4,T,T,Win,6,10,,15,8388.58813116291,838.858813116291,0.6,T,H,Lose,9,7,,15,12531.100788527312,1253.1100788527312,0.3,T,T,Win,5,11,,15,8388.58813116291,838.858813116291,0.4,T,H,Lose,7,9,,15,15315.789852644493,1531.5789852644493,0.3,T,H,Lose,5,11,,15,8388.588131162911,838.8588131162911,0.4,T,T,Win,7,9,,15,15315.789852644491,1531.5789852644493,0.4,T,T,Win,6,10,,15,8388.588131162907,838.8588131162908,0.4,T,T,Win,7,9,,15,12531.100788527312,1253.1100788527312,0.3,T,T,Win,5,11,,15,12531.10078852731,1253.110078852731,0.4,T,T,Win,6,10,,15,12531.100788527312,1253.1100788527312,0.3,T,T,Win,5,11,,15,8388.58813116291,838.858813116291,0.6,H,T,Lose,10,6,,15,12531.10078852731,1253.110078852731,0.7,H,T,Lose,11,5,,15,5615.501145654509,561.5501145654509,0.5,T,T,Win,8,8,,15,10252.718826976889,1025.2718826976889,0.6,H,T,Lose,10,6,,15,10252.718826976889,1025.2718826976889,0.6,H,H,Win,10,6,,15,18719.298708787708,1871.929870878771,0.2,T,H,Lose,4,12,,15,8388.58813116291,838.858813116291,0.4,T,T,Win,7,9,,15,8388.588131162907,838.8588131162908,0.7,H,H,Win,11,5,,15,5615.501145654511,561.550114565451,0.5,H,T,Lose,8,8,,15,6863.39028913329,686.339028913329,0.4,T,T,Win,6,10,,15,12531.10078852731,1253.110078852731,0.8,H,H,Win,12,4,,15,4594.50093735369,459.45009373536897,0.5,T,T,Win,8,8,,15,6863.390289133288,686.3390289133289,0.6,T,H,Lose,9,7,,15,8388.588131162907,838.8588131162908,0.5,T,H,Lose,8,8,,15,4594.5009373536905,459.4500937353691,0.6,H,H,Win,10,6,,15,15315.789852644484,1531.5789852644484,0.3,T,H,Lose,5,11,,15,6863.390289133291,686.3390289133291,0.6,T,H,Lose,9,7,,15,6863.390289133289,686.339028913329,0.4,T,T,Win,7,9,,15,5615.501145654511,561.550114565451,0.5,T,H,Lose,8,8,,15,12531.100788527312,1253.1100788527312,0.3,T,T,Win,5,11,,15,15315.789852644493,1531.5789852644493,0.7,H,H,Win,11,5,,15,12531.100788527312,1253.1100788527312,0.7,H,H,Win,11,5,,15,8388.588131162911,838.8588131162911,0.4,T,T,Win,6,10,,15,8388.588131162911,838.8588131162911,0.5,T,H,Lose,8,8,,15,10252.71882697689,1025.271882697689,0.4,T,T,Win,6,10,,15,8388.588131162911,838.8588131162911,0.6,H,T,Lose,9,7,,15,6863.390289133289,686.339028913329,0.6,H,H,Win,9,7,,15,4594.5009373536905,459.4500937353691,0.5,T,H,Lose,8,8,,15,10252.718826976889,1025.2718826976889,0.6,H,H,Win,10,6,,15,6863.390289133291,686.3390289133291,0.6,H,T,Lose,9,7,,15,12531.100788527307,1253.1100788527308,0.8,H,H,Win,12,4,,15,15315.789852644488,1531.5789852644489,0.3,T,H,Lose,5,11,,15,10252.71882697689,1025.271882697689,0.4,T,H,Lose,7,9,,15,5615.501145654511,561.550114565451,0.5,H,T,Lose,8,8,,15,10252.718826976889,1025.2718826976889,0.4,T,T,Win,6,10,,15,12531.100788527314,1253.1100788527315,0.3,T,T,Win,5,11,,15,6863.390289133289,686.339028913329,0.4,T,T,Win,7,9,,15,18719.298708787708,1871.929870878771,0.2,T,T,Win,3,13,,15,15315.789852644493,1531.5789852644493,0.7,H,H,Win,11,5,,15,5615.50114565451,561.550114565451,0.7,H,H,Win,11,5,,15,8388.58813116291,838.858813116291,0.5,T,T,Win,8,8,,15,8388.58813116291,838.858813116291,0.5,T,H,Lose,8,8,,15,6863.39028913329,686.339028913329,0.7,H,H,Win,11,5,,15,15315.78985264449,1531.578985264449,0.7,H,H,Win,11,5,,15,10252.718826976889,1025.2718826976889,0.6,T,H,Lose,9,7,,15,6863.390289133289,686.339028913329,0.5,T,T,Win,8,8,,15,15315.789852644488,1531.5789852644489,0.6,H,T,Lose,10,6,,15,8388.588131162907,838.8588131162908,0.6,H,T,Lose,9,7,,15,8388.588131162907,838.8588131162908,0.6,H,H,Win,10,6,,15,10252.718826976889,1025.2718826976889,0.5,T,H,Lose,8,8,,15,6863.390289133291,686.3390289133291,0.6,H,T,Lose,9,7,,15,12531.100788527307,1253.1100788527308,0.6,H,H,Win,10,6,,15,12531.10078852731,1253.110078852731,0.3,T,T,Win,5,11,,15,5615.501145654509,561.5501145654509,0.6,H,H,Win,10,6,,15,6863.390289133289,686.339028913329,0.6,H,T,Lose,10,6,,15,5615.50114565451,561.550114565451,0.6,T,H,Lose,9,7,,15,15315.789852644491,1531.5789852644493,0.3,T,T,Win,5,11,,15,8388.588131162911,838.8588131162911,0.4,T,T,Win,7,9,,15,8388.58813116291,838.858813116291,0.4,T,H,Lose,7,9,,15,6863.390289133291,686.3390289133291,0.5,H,T,Lose,8,8,,15,6863.390289133288,686.3390289133289,0.6,H,T,Lose,9,7,,15,5615.501145654509,561.5501145654509,0.6,H,H,Win,10,6,,15,8388.588131162911,838.8588131162911,0.6,H,T,Lose,10,6,,15,12531.100788527312,1253.1100788527312,0.3,T,T,Win,5,11,,15,6863.39028913329,686.339028913329,0.4,T,T,Win,7,9,,15,10252.718826976889,1025.2718826976889,0.4,T,T,Win,6,10,,15,15315.789852644491,1531.5789852644493,0.3,T,H,Lose,5,11,,15,8388.588131162907,838.8588131162908,0.6,H,H,Win,10,6,,15,4594.50093735369,459.45009373536897,0.6,T,H,Lose,9,7,,15,8388.58813116291,838.858813116291,0.5,H,T,Lose,8,8,,15,6863.39028913329,686.339028913329,0.5,T,H,Lose,8,8,,15,8388.588131162907,838.8588131162908,0.7,H,H,Win,11,5,,15,10252.71882697689,1025.271882697689,0.8,H,H,Win,12,4,,15,12531.10078852731,1253.110078852731,0.3,T,T,Win,5,11,,15,8388.58813116291,838.858813116291,0.6,H,T,Lose,9,7,,15,12531.10078852731,1253.110078852731,0.4,T,T,Win,7,9,,15,12531.100788527308,1253.110078852731,0.8,H,H,Win,12,4,,15,10252.718826976887,1025.2718826976886,0.5,H,T,Lose,8,8,,15,6863.390289133289,686.339028913329,0.6,H,H,Win,9,7,,15,3759.137130562111,375.9137130562111,0.5,T,H,Lose,8,8,,15,10252.718826976889,1025.2718826976889,0.4,T,H,Lose,7,9,,15,10252.718826976887,1025.2718826976886,0.6,H,T,Lose,9,7,,15,12531.10078852731,1253.110078852731,0.4,T,H,Lose,7,9,,15,6863.390289133288,686.3390289133289,0.6,H,H,Win,9,7,,15,4594.500937353691,459.45009373536914,0.4,T,T,Win,7,9,,15,10252.718826976887,1025.2718826976886,0.4,T,T,Win,6,10,,15,12531.100788527314,1253.1100788527315,0.7,H,T,Lose,11,5,,15,8388.58813116291,838.858813116291,0.4,T,T,Win,7,9,,15,10252.71882697689,1025.271882697689,0.6,H,T,Lose,10,6,,15,8388.588131162907,838.8588131162908,0.4,T,T,Win,7,9,,15,4594.50093735369,459.45009373536897,0.6,H,T,Lose,9,7,,15,8388.58813116291,838.858813116291,0.4,T,H,Lose,7,9,,15,12531.100788527312,1253.1100788527312,0.5,H,T,Lose,8,8,,15,6863.390289133291,686.3390289133291,0.6,H,H,Win,9,7,,15,12531.100788527312,1253.1100788527312,0.7,H,H,Win,11,5,,15,10252.718826976889,1025.2718826976889,0.6,H,T,Lose,9,7,,15,10252.718826976889,1025.2718826976889,0.4,T,T,Win,6,10,,15,4594.5009373536905,459.4500937353691,0.5,T,H,Lose,8,8,,15,5615.501145654511,561.550114565451,0.6,H,H,Win,10,6,,15,8388.58813116291,838.858813116291,0.6,T,H,Lose,9,7,,15,6863.39028913329,686.339028913329,0.6,H,T,Lose,9,7,,15,15315.789852644488,1531.5789852644489,0.8,H,H,Win,12,4,,15,18719.298708787715,1871.9298708787717,0.3,T,H,Lose,5,11,,15,5615.501145654509,561.5501145654509,0.6,T,H,Lose,9,7,,15,12531.10078852731,1253.110078852731,0.4,T,H,Lose,7,9,,15,4594.50093735369,459.45009373536897,0.6,T,H,Lose,9,7,,15,5615.501145654511,561.550114565451,0.5,T,H,Lose,8,8,,15,6863.390289133289,686.339028913329,0.6,H,T,Lose,9,7,,15,10252.718826976889,1025.2718826976889,0.6,H,H,Win,10,6,,15,8388.588131162907,838.8588131162908,0.6,H,H,Win,9,7,,15,8388.588131162911,838.8588131162911,0.6,H,H,Win,10,6,,15,10252.718826976887,1025.2718826976886,0.6,T,H,Lose,9,7,,15,8388.588131162911,838.8588131162911,0.5,T,H,Lose,8,8,,15,8388.58813116291,838.858813116291,0.6,H,T,Lose,9,7,,15,12531.100788527305,1253.1100788527306,0.6,H,T,Lose,10,6,,15,6863.390289133289,686.339028913329,0.5,H,T,Lose,8,8,,15,8388.588131162907,838.8588131162908,0.6,T,H,Lose,9,7,,15,12531.10078852731,1253.110078852731,0.3,T,T,Win,5,11,,15,10252.718826976892,1025.2718826976893,0.4,T,T,Win,6,10,,15,5615.501145654509,561.5501145654509,0.6,H,H,Win,9,7,,15,8388.588131162907,838.8588131162908,0.5,H,T,Lose,8,8,,15,6863.390289133292,686.3390289133292,0.5,T,T,Win,8,8,,15,8388.588131162907,838.8588131162908,0.7,H,H,Win,11,5,,15,10252.718826976889,1025.2718826976889,0.6,H,H,Win,10,6,,15,6863.39028913329,686.339028913329,0.4,T,T,Win,7,9,,15,4594.500937353691,459.45009373536914,0.5,T,H,Lose,8,8,,15,5615.501145654511,561.550114565451,0.5,T,T,Win,8,8,,15,10252.718826976889,1025.2718826976889,0.7,H,H,Win,11,5,,15,10252.718826976889,1025.2718826976889,0.6,H,H,Win,10,6,,15,22879.14286629609,2287.9142866296093,0.2,T,T,Win,3,13,,15,4594.50093735369,459.45009373536897,0.5,H,T,Lose,8,8,,15,8388.588131162907,838.8588131162908,0.7,H,H,Win,11,5,,15,8388.58813116291,838.858813116291,0.7,H,H,Win,11,5,,15,10252.71882697689,1025.271882697689,0.4,T,H,Lose,7,9,,15,8388.588131162907,838.8588131162908,0.5,T,T,Win,8,8,,15,12531.10078852731,1253.110078852731,0.5,T,H,Lose,8,8,,15,8388.588131162911,838.8588131162911,0.6,H,T,Lose,9,7,,15,10252.71882697689,1025.271882697689,0.4,T,T,Win,6,10,,15,10252.71882697689,1025.271882697689,0.4,T,T,Win,6,10,,15,10252.718826976889,1025.2718826976889,0.6,H,T,Lose,10,6,,15,15315.789852644491,1531.5789852644493,0.3,T,H,Lose,5,11,,15,15315.789852644491,1531.5789852644493,0.3,T,T,Win,5,11,,15,22879.142866296097,2287.9142866296097,0.3,T,H,Lose,5,11,,15,15315.789852644493,1531.5789852644493,0.8,H,H,Win,12,4,,15,6863.390289133288,686.3390289133289,0.6,T,H,Lose,9,7,,15,15315.789852644491,1531.5789852644493,0.6,H,T,Lose,10,6,,15,4594.50093735369,459.45009373536897,0.6,H,H,Win,10,6,,15,10252.718826976889,1025.2718826976889,0.4,T,T,Win,6,10,,15,8388.588131162907,838.8588131162908,0.4,T,H,Lose,7,9,,15,10252.718826976889,1025.2718826976889,0.4,T,T,Win,6,10,,15,15315.789852644493,1531.5789852644493,0.2,T,T,Win,4,12,,15,8388.58813116291,838.858813116291,0.7,H,H,Win,11,5,,15,10252.71882697689,1025.271882697689,0.7,H,T,Lose,11,5,,15,6863.390289133289,686.339028913329,0.6,H,H,Win,10,6,,15,15315.789852644493,1531.5789852644493,0.2,T,T,Win,4,12,,15,15315.789852644491,1531.5789852644493,0.3,T,H,Lose,5,11,,15,4594.5009373536905,459.4500937353691,0.6,T,H,Lose,9,7,,15,10252.718826976889,1025.2718826976889,0.5,H,T,Lose,8,8,,15,5615.501145654509,561.5501145654509,0.5,T,T,Win,8,8,,15,18719.298708787705,1871.9298708787705,0.4,T,H,Lose,6,10,,15,18719.298708787708,1871.929870878771,0.8,H,H,Win,12,4,,15,10252.718826976889,1025.2718826976889,0.6,H,T,Lose,10,6,,15,8388.58813116291,838.858813116291,0.4,T,T,Win,7,9,,15,5615.50114565451,561.550114565451,0.6,H,H,Win,10,6,,15,4594.50093735369,459.45009373536897,0.4,T,H,Lose,7,9,,15,6863.390289133288,686.3390289133289,0.5,T,H,Lose,8,8,,15,6863.390289133289,686.339028913329,0.6,H,H,Win,9,7,,15,15315.789852644491,1531.5789852644493,0.3,T,H,Lose,5,11,,15,8388.588131162911,838.8588131162911,0.5,H,T,Lose,8,8,,15,8388.58813116291,838.858813116291,0.6,H,T,Lose,9,7,,15,8388.588131162907,838.8588131162908,0.6,H,T,Lose,9,7,,15,12531.100788527307,1253.1100788527308,0.6,T,H,Lose,9,7,,15,22879.14286629609,2287.9142866296093,0.8,H,T,Lose,12,4,,15,6863.39028913329,686.339028913329,0.6,H,T,Lose,9,7,,15,8388.588131162911,838.8588131162911,0.7,H,H,Win,11,5,,15,8388.588131162911,838.8588131162911,0.4,T,T,Win,6,10,,15,4594.50093735369,459.45009373536897,0.6,T,H,Lose,9,7,,15,10252.718826976889,1025.2718826976889,0.6,H,H,Win,10,6,,15,6863.390289133288,686.3390289133289,0.6,H,H,Win,10,6,,15,15315.789852644491,1531.5789852644493,0.2,T,T,Win,4,12,,15,12531.10078852731,1253.110078852731,0.7,H,H,Win,11,5,,15,6863.390289133291,686.3390289133291,0.6,H,T,Lose,9,7,,15,10252.718826976889,1025.2718826976889,0.7,H,H,Win,11,5,,15,8388.588131162907,838.8588131162908,0.6,H,T,Lose,9,7,,15,6863.390289133289,686.339028913329,0.6,H,H,Win,10,6,,15,12531.10078852731,1253.110078852731,0.5,H,T,Lose,8,8,,15,10252.718826976889,1025.2718826976889,0.7,H,H,Win,11,5,,15,6863.39028913329,686.339028913329,0.6,H,H,Win,10,6,,15,8388.58813116291,838.858813116291,0.6,H,T,Lose,10,6,,15,10252.71882697689,1025.271882697689,0.6,T,H,Lose,9,7,,15,6863.390289133288,686.3390289133289,0.6,T,H,Lose,9,7,,15,12531.100788527312,1253.1100788527312,0.5,H,T,Lose,8,8,,15,18719.29870878771,1871.9298708787712,0.3,T,T,Win,5,11,,15,18719.298708787708,1871.929870878771,0.7,H,T,Lose,11,5,,15,5615.501145654511,561.550114565451,0.5,T,T,Win,8,8,,15,8388.58813116291,838.858813116291,0.6,H,T,Lose,9,7,,15,5615.501145654509,561.5501145654509,0.6,H,H,Win,10,6,,15,10252.71882697689,1025.271882697689,0.6,H,T,Lose,10,6,,15,6863.390289133289,686.339028913329,0.4,T,T,Win,6,10,,15,5615.501145654509,561.5501145654509,0.6,H,T,Lose,9,7,,15,8388.58813116291,838.858813116291,0.5,H,T,Lose,8,8,,15,10252.71882697689,1025.271882697689,0.4,T,T,Win,6,10,,15,6863.390289133288,686.3390289133289,0.4,T,T,Win,7,9,,15,12531.100788527312,1253.1100788527312,0.3,T,T,Win,5,11,,15,10252.718826976889,1025.2718826976889,0.6,H,T,Lose,9,7,,15,12531.10078852731,1253.110078852731,0.3,T,T,Win,5,11,,15,8388.58813116291,838.858813116291,0.4,T,T,Win,6,10,,15,6863.39028913329,686.339028913329,0.5,T,H,Lose,8,8,,15,8388.58813116291,838.858813116291,0.6,H,H,Win,10,6,,15,8388.588131162907,838.8588131162908,0.4,T,T,Win,7,9,,15,5615.501145654509,561.5501145654509,0.5,T,T,Win,8,8,,15,12531.10078852731,1253.110078852731,0.3,T,T,Win,5,11,,15,10252.71882697689,1025.271882697689,0.6,H,H,Win,10,6,,15,8388.58813116291,838.858813116291,0.5,T,H,Lose,8,8,,15,15315.789852644493,1531.5789852644493,0.5,T,T,Win,8,8,,15,15315.789852644491,1531.5789852644493,0.6,H,T,Lose,10,6,,15,5615.501145654511,561.550114565451,0.5,T,H,Lose,8,8,,15,6863.390289133291,686.3390289133291,0.4,T,T,Win,6,10,,15,10252.71882697689,1025.271882697689,0.3,T,H,Lose,5,11,,15,12531.10078852731,1253.110078852731,0.4,T,H,Lose,6,10,,15,6863.390289133288,686.3390289133289,0.6,T,H,Lose,9,7,,15,18719.298708787708,1871.929870878771,0.8,H,H,Win,12,4,,15,8388.58813116291,838.858813116291,0.4,T,T,Win,6,10,,15,10252.718826976892,1025.2718826976893,0.6,H,T,Lose,10,6,,15,8388.58813116291,838.858813116291,0.4,T,T,Win,7,9,,15,5615.501145654509,561.5501145654509,0.6,H,T,Lose,9,7,,15,8388.588131162907,838.8588131162908,0.4,T,T,Win,7,9,,15,15315.789852644491,1531.5789852644493,0.3,T,H,Lose,5,11,,15,12531.10078852731,1253.110078852731,0.4,T,H,Lose,6,10,,15,8388.58813116291,838.858813116291,0.4,T,T,Win,7,9,,15,5615.501145654511,561.550114565451,0.6,H,H,Win,9,7,,15,12531.10078852731,1253.110078852731,0.4,T,T,Win,7,9,,15,6863.390289133287,686.3390289133288,0.6,T,H,Lose,9,7,,15,10252.718826976889,1025.2718826976889,0.6,T,H,Lose,9,7,,15,10252.71882697689,1025.271882697689,0.3,T,T,Win,5,11,,15,5615.50114565451,561.550114565451,0.6,H,T,Lose,9,7,,15,10252.718826976889,1025.2718826976889,0.5,T,T,Win,8,8,,15,10252.718826976887,1025.2718826976886,0.6,T,H,Lose,9,7,,15,3759.1371305621105,375.91371305621107,0.5,H,T,Lose,8,8,,15,8388.588131162907,838.8588131162908,0.6,H,T,Lose,10,6,,15,12531.100788527312,1253.1100788527312,0.4,T,H,Lose,6,10,,15,10252.718826976889,1025.2718826976889,0.4,T,H,Lose,7,9,,15,18719.29870878771,1871.9298708787712,0.2,T,H,Lose,4,12,,15,8388.588131162911,838.8588131162911,0.4,T,T,Win,6,10,,15,18719.29870878771,1871.9298708787712,0.2,T,T,Win,3,13,,15,15315.789852644493,1531.5789852644493,0.2,T,T,Win,4,12,,15,8388.588131162907,838.8588131162908,0.5,H,T,Lose,8,8,,15,15315.789852644493,1531.5789852644493,0.8,H,H,Win,12,4,,15,15315.789852644491,1531.5789852644493,0.3,T,H,Lose,5,11,,15,10252.718826976889,1025.2718826976889,0.5,T,H,Lose,8,8,,15,4594.5009373536905,459.4500937353691,0.5,H,T,Lose,8,8,,15,6863.390289133289,686.339028913329,0.4,T,T,Win,7,9,,15,15315.789852644491,1531.5789852644493,0.3,T,H,Lose,5,11,,15,6863.39028913329,686.339028913329,0.6,H,T,Lose,9,7,,15,12531.10078852731,1253.110078852731,0.6,H,T,Lose,9,7,,15,5615.501145654509,561.5501145654509,0.5,T,H,Lose,8,8,,15,8388.588131162911,838.8588131162911,0.5,T,H,Lose,8,8,,15,4594.50093735369,459.45009373536897,0.6,H,H,Win,9,7,,15,10252.718826976889,1025.2718826976889,0.5,T,H,Lose,8,8,,15,27963.396836584114,2796.3396836584116,0.9,H,H,Win,14,2,,15,8388.588131162907,838.8588131162908,0.4,T,T,Win,7,9,,15,6863.390289133289,686.339028913329,0.5,T,T,Win,8,8,,15,12531.100788527312,1253.1100788527312,0.4,T,H,Lose,6,10,,15,6863.390289133288,686.3390289133289,0.6,H,H,Win,9,7,,15,12531.10078852731,1253.110078852731,0.8,H,H,Win,12,4,,15,5615.50114565451,561.550114565451,0.5,T,T,Win,8,8,,15,10252.71882697689,1025.271882697689,0.4,T,T,Win,6,10,,15,15315.789852644484,1531.5789852644484,0.7,H,T,Lose,11,5,,15,12531.10078852731,1253.110078852731,0.4,T,H,Lose,6,10,,15,12531.100788527312,1253.1100788527312,0.8,H,H,Win,12,4,,15,6863.39028913329,686.339028913329,0.6,H,T,Lose,9,7,,15,5615.501145654511,561.550114565451,0.6,T,H,Lose,9,7,,15,18719.29870878771,1871.9298708787712,0.4,T,H,Lose,7,9,,15,5615.50114565451,561.550114565451,0.6,H,T,Lose,9,7,,15,10252.718826976889,1025.2718826976889,0.5,T,H,Lose,8,8,,15,10252.718826976889,1025.2718826976889,0.8,H,H,Win,12,4,,15,15315.78985264449,1531.578985264449,0.2,T,T,Win,4,12,,15,12531.10078852731,1253.110078852731,0.4,T,T,Win,6,10,,15,12531.10078852731,1253.110078852731,0.3,T,T,Win,5,11,,15,6863.390289133287,686.3390289133288,0.6,H,T,Lose,9,7,,15,12531.10078852731,1253.110078852731,0.4,T,H,Lose,6,10,,15,3759.13713056211,375.913713056211,0.5,H,T,Lose,8,8,,15,18719.298708787715,1871.9298708787717,0.2,T,T,Win,3,13,,15,5615.501145654509,561.5501145654509,0.5,H,T,Lose,8,8,,15,10252.71882697689,1025.271882697689,0.4,T,H,Lose,7,9,,15,12531.10078852731,1253.110078852731,0.3,T,T,Win,5,11,,15,10252.718826976889,1025.2718826976889,0.4,T,H,Lose,7,9,,15,6863.39028913329,686.339028913329,0.5,T,H,Lose,8,8,,15,6863.390289133288,686.3390289133289,0.6,H,H,Win,10,6,,15,5615.50114565451,561.550114565451,0.6,H,T,Lose,9,7,,15,22879.14286629609,2287.9142866296093,0.8,H,H,Win,13,3,,15,8388.588131162911,838.8588131162911,0.4,T,H,Lose,7,9,,15,10252.71882697689,1025.271882697689,0.4,T,H,Lose,6,10,,15,6863.390289133288,686.3390289133289,0.6,H,H,Win,9,7,,15,15315.789852644484,1531.5789852644484,0.2,T,T,Win,4,12,,15,15315.789852644493,1531.5789852644493,0.2,T,T,Win,4,12,,15,8388.58813116291,838.858813116291,0.5,T,H,Lose,8,8,,15,10252.718826976887,1025.2718826976886,0.5,H,T,Lose,8,8,,15,8388.58813116291,838.858813116291,0.6,H,T,Lose,9,7,,15,10252.718826976889,1025.2718826976889,0.6,H,H,Win,10,6,,15,4594.5009373536905,459.4500937353691,0.6,H,T,Lose,9,7,,15,8388.588131162913,838.8588131162913,0.6,H,T,Lose,10,6,,15,8388.588131162913,838.8588131162913,0.4,T,T,Win,7,9,,15,15315.789852644493,1531.5789852644493,0.2,T,T,Win,4,12,,15,10252.718826976887,1025.2718826976886,0.7,H,H,Win,11,5,,15,8388.58813116291,838.858813116291,0.6,H,H,Win,10,6,,15,15315.789852644493,1531.5789852644493,0.7,H,T,Lose,11,5,,15,15315.789852644484,1531.5789852644484,0.3,T,H,Lose,5,11,,15,4594.50093735369,459.45009373536897,0.6,H,H,Win,10,6,,15,15315.789852644491,1531.5789852644493,0.3,T,H,Lose,5,11,,15,12531.100788527308,1253.110078852731,0.4,T,T,Win,7,9,,15,8388.588131162907,838.8588131162908,0.5,H,T,Lose,8,8,,15,8388.588131162907,838.8588131162908,0.7,H,H,Win,11,5,,15,5615.501145654511,561.550114565451,0.4,T,T,Win,7,9,,15,10252.718826976889,1025.2718826976889,0.5,T,T,Win,8,8,,15,8388.58813116291,838.858813116291,0.4,T,T,Win,7,9,,15,4594.5009373536905,459.4500937353691,0.6,H,H,Win,10,6,,15,12531.10078852731,1253.110078852731,0.6,H,T,Lose,10,6,,15,12531.10078852731,1253.110078852731,0.3,T,T,Win,5,11,,15,8388.588131162911,838.8588131162911,0.4,T,T,Win,7,9,,15,10252.71882697689,1025.271882697689,0.6,H,T,Lose,10,6,,15,8388.588131162911,838.8588131162911,0.6,T,H,Lose,9,7,,15,15315.789852644493,1531.5789852644493,0.7,H,H,Win,11,5,,15,8388.588131162907,838.8588131162908,0.5,T,T,Win,8,8,,15,8388.58813116291,838.858813116291,0.4,T,T,Win,7,9,,15,10252.718826976889,1025.2718826976889,0.4,T,T,Win,6,10,,15,12531.10078852731,1253.110078852731,0.7,H,H,Win,11,5,,15,12531.10078852731,1253.110078852731,0.4,T,H,Lose,7,9,,15,4594.5009373536905,459.4500937353691,0.6,H,T,Lose,9,7,,15,8388.58813116291,838.858813116291,0.4,T,H,Lose,7,9,,15,12531.100788527312,1253.1100788527312,0.3,T,T,Win,5,11,,15,8388.588131162907,838.8588131162908,0.5,H,T,Lose,8,8,,15,15315.789852644493,1531.5789852644493,0.3,T,H,Lose,5,11,,15,5615.501145654508,561.5501145654508,0.6,T,H,Lose,9,7,,15,6863.390289133289,686.339028913329,0.4,T,T,Win,7,9,,15,15315.789852644493,1531.5789852644493,0.8,H,H,Win,12,4,,15,18719.29870878771,1871.9298708787712,0.7,H,T,Lose,11,5,,15,12531.100788527312,1253.1100788527312,0.5,T,H,Lose,8,8,,15,4594.5009373536905,459.4500937353691,0.6,H,T,Lose,9,7,,15,6863.390289133289,686.339028913329,0.4,T,T,Win,7,9,,15,15315.789852644491,1531.5789852644493,0.8,H,T,Lose,12,4,,15,6863.390289133292,686.3390289133292,0.6,H,H,Win,10,6,,15,10252.71882697689,1025.271882697689,0.4,T,T,Win,6,10,,15,12531.100788527307,1253.1100788527308,0.4,T,H,Lose,6,10,,15,6863.390289133289,686.339028913329,0.5,T,T,Win,8,8,,15,5615.501145654509,561.5501145654509,0.6,T,H,Lose,9,7,,15,12531.100788527312,1253.1100788527312,0.4,T,H,Lose,6,10,,15,8388.58813116291,838.858813116291,0.6,H,H,Win,10,6,,15,6863.390289133288,686.3390289133289,0.5,T,H,Lose,8,8,,15,6863.390289133289,686.339028913329,0.6,H,H,Win,10,6,,15,10252.71882697689,1025.271882697689,0.4,T,H,Lose,7,9,,15,5615.501145654509,561.5501145654509,0.4,T,T,Win,6,10,,15,10252.718826976889,1025.2718826976889,0.4,T,H,Lose,7,9,,15,10252.718826976889,1025.2718826976889,0.4,T,H,Lose,7,9,,15,8388.58813116291,838.858813116291,0.5,H,T,Lose,8,8,,15,12531.10078852731,1253.110078852731,0.7,H,T,Lose,11,5,,15,15315.789852644491,1531.5789852644493,0.7,H,T,Lose,11,5,,15,8388.588131162913,838.8588131162913,0.5,T,H,Lose,8,8,,15,10252.718826976887,1025.2718826976886,0.4,T,H,Lose,7,9,,15,6863.390289133289,686.339028913329,0.5,T,T,Win,8,8,,15,6863.390289133289,686.339028913329,0.6,T,H,Lose,9,7,,15,12531.10078852731,1253.110078852731,0.7,H,T,Lose,11,5,,15,8388.588131162911,838.8588131162911,0.7,H,H,Win,11,5,,15,6863.390289133292,686.3390289133292,0.6,T,H,Lose,9,7,,15,15315.789852644484,1531.5789852644484,0.2,T,T,Win,4,12,,15,10252.71882697689,1025.271882697689,0.6,H,T,Lose,9,7,,15,8388.58813116291,838.858813116291,0.5,T,H,Lose,8,8,,15,10252.718826976889,1025.2718826976889,0.5,T,H,Lose,8,8,,15,5615.501145654511,561.550114565451,0.4,T,T,Win,7,9,,15,6863.390289133288,686.3390289133289,0.6,H,H,Win,10,6,,15,8388.58813116291,838.858813116291,0.5,T,H,Lose,8,8,,15,6863.390289133291,686.3390289133291,0.6,H,H,Win,9,7,,15,12531.10078852731,1253.110078852731,0.4,T,H,Lose,7,9,,15,6863.390289133291,686.3390289133291,0.6,H,H,Win,10,6,,15,4594.5009373536905,459.4500937353691,0.5,T,H,Lose,8,8,,15,10252.71882697689,1025.271882697689,0.6,H,T,Lose,10,6,,15,5615.501145654509,561.5501145654509,0.4,T,T,Win,7,9,,15,5615.501145654509,561.5501145654509,0.4,T,T,Win,7,9,,15,8388.58813116291,838.858813116291,0.5,T,H,Lose,8,8,,15,15315.789852644491,1531.5789852644493,0.8,H,H,Win,13,3,,15,5615.501145654509,561.5501145654509,0.5,H,T,Lose,8,8,,15,10252.718826976889,1025.2718826976889,0.4,T,T,Win,6,10,,15,22879.14286629609,2287.9142866296093,0.8,H,T,Lose,12,4,,15,10252.718826976889,1025.2718826976889,0.4,T,T,Win,6,10,,15,6863.390289133289,686.339028913329,0.6,H,T,Lose,10,6,,15,5615.501145654511,561.550114565451,0.6,T,H,Lose,9,7,,15,10252.718826976889,1025.2718826976889,0.6,H,T,Lose,10,6,,15,10252.718826976889,1025.2718826976889,0.6,H,T,Lose,9,7,,15,8388.588131162911,838.8588131162911,0.4,T,T,Win,7,9,,15,8388.588131162907,838.8588131162908,0.4,T,H,Lose,7,9,,15,10252.71882697689,1025.271882697689,0.6,H,T,Lose,10,6,,15,8388.58813116291,838.858813116291,0.5,T,H,Lose,8,8,,15,12531.10078852731,1253.110078852731,0.4,T,H,Lose,6,10,,15,6863.390289133289,686.339028913329,0.6,T,H,Lose,9,7,,15,8388.588131162907,838.8588131162908,0.5,T,H,Lose,8,8,,15,22879.14286629609,2287.9142866296093,0.8,H,T,Lose,12,4,,15,12531.100788527312,1253.1100788527312,0.4,T,T,Win,6,10,,15,5615.50114565451,561.550114565451,0.5,H,T,Lose,8,8,,15,10252.718826976889,1025.2718826976889,0.4,T,H,Lose,7,9,,15,12531.10078852731,1253.110078852731,0.4,T,H,Lose,7,9,,15,4594.50093735369,459.45009373536897,0.6,H,H,Win,10,6,,15,8388.588131162911,838.8588131162911,0.6,H,T,Lose,9,7,,15,8388.588131162911,838.8588131162911,0.6,T,H,Lose,9,7,,15,5615.50114565451,561.550114565451,0.6,H,H,Win,10,6,,15,10252.71882697689,1025.271882697689,0.6,H,H,Win,10,6,,15,8388.588131162907,838.8588131162908,0.5,T,H,Lose,8,8,,15,10252.718826976889,1025.2718826976889,0.4,T,T,Win,7,9,,15,8388.58813116291,838.858813116291,0.6,H,H,Win,10,6,,15,6863.390289133288,686.3390289133289,0.5,T,T,Win,8,8,,15,10252.718826976887,1025.2718826976886,0.6,H,T,Lose,10,6,,15,8388.588131162907,838.8588131162908,0.6,H,H,Win,10,6,,15,8388.58813116291,838.858813116291,0.7,H,H,Win,11,5,,15,5615.501145654508,561.5501145654508,0.5,H,T,Lose,8,8,,15,10252.718826976889,1025.2718826976889,0.6,T,H,Lose,9,7,,15,15315.789852644491,1531.5789852644493,0.3,T,T,Win,5,11,,15,5615.501145654511,561.550114565451,0.5,T,H,Lose,8,8,,15,18719.298708787715,1871.9298708787717,0.2,T,H,Lose,4,12,,15,12531.100788527312,1253.1100788527312,0.6,H,T,Lose,9,7,,15,10252.71882697689,1025.271882697689,0.4,T,T,Win,6,10,,15,5615.501145654509,561.5501145654509,0.5,T,H,Lose,8,8,,15,10252.71882697689,1025.271882697689,0.4,T,H,Lose,7,9,,15,10252.71882697689,1025.271882697689,0.3,T,T,Win,5,11,,15,12531.10078852731,1253.110078852731,0.4,T,H,Lose,6,10,,15,5615.501145654511,561.550114565451,0.6,H,H,Win,9,7,,15,6863.390289133289,686.339028913329,0.6,T,H,Lose,9,7,,15,18719.298708787715,1871.9298708787717,0.4,T,H,Lose,6,10,,15,10252.718826976889,1025.2718826976889,0.4,T,H,Lose,7,9,,15,10252.718826976887,1025.2718826976886,0.7,H,H,Win,11,5,,15,10252.718826976889,1025.2718826976889,0.4,T,T,Win,7,9,,15,15315.789852644495,1531.5789852644496,0.2,T,T,Win,4,12,,15,12531.10078852731,1253.110078852731,0.3,T,T,Win,5,11,,15,10252.718826976889,1025.2718826976889,0.4,T,T,Win,7,9,,15,6863.390289133288,686.3390289133289,0.6,T,H,Lose,9,7,,15,12531.100788527312,1253.1100788527312,0.8,H,T,Lose,12,4,,15,8388.588131162911,838.8588131162911,0.4,T,T,Win,6,10,,15,15315.789852644493,1531.5789852644493,0.8,H,H,Win,12,4,,15,10252.718826976889,1025.2718826976889,0.4,T,H,Lose,7,9,,15,8388.588131162911,838.8588131162911,0.6,H,T,Lose,9,7,,15,12531.10078852731,1253.110078852731,0.6,H,H,Win,9,7,,15,15315.789852644491,1531.5789852644493,0.7,H,T,Lose,11,5,,15,6863.390289133289,686.339028913329,0.5,H,T,Lose,8,8,,15,6863.390289133289,686.339028913329,0.6,T,H,Lose,9,7,,15,8388.588131162911,838.8588131162911,0.5,T,H,Lose,8,8,,15,18719.29870878771,1871.9298708787712,0.8,H,T,Lose,12,4,,15,8388.58813116291,838.858813116291,0.5,H,T,Lose,8,8,,15,6863.390289133289,686.339028913329,0.6,H,T,Lose,9,7,,15,12531.100788527312,1253.1100788527312,0.4,T,H,Lose,6,10,,15,8388.588131162907,838.8588131162908,0.4,T,T,Win,6,10,,15,10252.718826976889,1025.2718826976889,0.8,H,H,Win,12,4,,15,6863.39028913329,686.339028913329,0.6,H,T,Lose,10,6,,15,8388.588131162911,838.8588131162911,0.5,T,H,Lose,8,8,,15,12531.10078852731,1253.110078852731,0.3,T,T,Win,5,11,,15,15315.789852644488,1531.5789852644489,0.6,H,T,Lose,10,6,,15,12531.100788527312,1253.1100788527312,0.4,T,T,Win,6,10,,15,5615.501145654509,561.5501145654509,0.6,H,T,Lose,9,7,,15,8388.588131162911,838.8588131162911,0.6,H,T,Lose,9,7,,15,5615.50114565451,561.550114565451,0.5,H,T,Lose,8,8,,15,12531.100788527308,1253.110078852731,0.4,T,T,Win,7,9,,15,15315.789852644493,1531.5789852644493,0.7,H,H,Win,11,5,,15,27963.396836584114,2796.3396836584116,0.2,T,H,Lose,3,13,,15,6863.390289133288,686.3390289133289,0.4,T,T,Win,7,9,,15,15315.789852644491,1531.5789852644493,0.4,T,T,Win,6,10,,15,5615.501145654511,561.550114565451,0.4,T,T,Win,6,10,,15,6863.390289133288,686.3390289133289,0.4,T,T,Win,7,9,,15,15315.789852644491,1531.5789852644493,0.5,H,T,Lose,8,8,,15,18719.29870878771,1871.9298708787712,0.2,T,H,Lose,4,12,,15,12531.100788527312,1253.1100788527312,0.3,T,T,Win,5,11,,15,5615.501145654509,561.5501145654509,0.5,T,H,Lose,8,8,,15,15315.789852644491,1531.5789852644493,0.6,H,T,Lose,10,6,,15,15315.789852644493,1531.5789852644493,0.4,T,T,Win,6,10,,15,10252.718826976889,1025.2718826976889,0.6,H,H,Win,10,6,,15,8388.588131162907,838.8588131162908,0.6,H,H,Win,9,7,,15,8388.588131162911,838.8588131162911,0.6,H,H,Win,9,7,,15,3759.1371305621096,375.913713056211,0.5,T,H,Lose,8,8,,15,8388.58813116291,838.858813116291,0.4,T,T,Win,7,9,,15,6863.390289133288,686.3390289133289,0.6,T,H,Lose,9,7,,15,4594.5009373536905,459.4500937353691,0.6,H,T,Lose,9,7,,15,10252.718826976889,1025.2718826976889,0.4,T,T,Win,6,10,,15,10252.718826976889,1025.2718826976889,0.4,T,H,Lose,7,9,,15,22879.14286629609,2287.9142866296093,0.9,H,H,Win,14,2,,15,6863.390289133289,686.339028913329,0.5,H,T,Lose,8,8,,15,5615.50114565451,561.550114565451,0.4,T,T,Win,7,9,,15,10252.71882697689,1025.271882697689,0.4,T,T,Win,6,10,,15,22879.14286629609,2287.9142866296093,0.2,T,T,Win,4,12,,15,6863.390289133289,686.339028913329,0.4,T,T,Win,7,9,,15,10252.718826976889,1025.2718826976889,0.4,T,T,Win,6,10,,15,10252.718826976889,1025.2718826976889,0.6,H,H,Win,10,6,,15,12531.10078852731,1253.110078852731,0.4,T,H,Lose,6,10,,15,10252.718826976892,1025.2718826976893,0.4,T,T,Win,7,9,,15,8388.58813116291,838.858813116291,0.6,H,H,Win,10,6,,15,3759.13713056211,375.913713056211,0.4,T,H,Lose,7,9,,15,10252.718826976889,1025.2718826976889,0.5,H,T,Lose,8,8,,15,10252.718826976889,1025.2718826976889,0.4,T,T,Win,6,10,,15,12531.100788527314,1253.1100788527315,0.8,H,H,Win,12,4,,15,8388.588131162907,838.8588131162908,0.5,T,T,Win,8,8,,15,8388.588131162911,838.8588131162911,0.6,H,H,Win,10,6,,15,18719.298708787705,1871.9298708787705,0.8,H,T,Lose,12,4,,15,12531.10078852731,1253.110078852731,0.4,T,H,Lose,6,10,,15,8388.58813116291,838.858813116291,0.5,T,H,Lose,8,8,,15,12531.100788527312,1253.1100788527312,0.4,T,H,Lose,6,10,,15,6863.390289133289,686.339028913329,0.4,T,H,Lose,7,9,,15,8388.58813116291,838.858813116291,0.7,H,H,Win,11,5,,15,10252.718826976889,1025.2718826976889,0.4,T,T,Win,6,10,,15,4594.5009373536905,459.4500937353691,0.4,T,T,Win,7,9,,15,18719.298708787715,1871.9298708787717,0.3,T,T,Win,5,11,,15,4594.50093735369,459.45009373536897,0.7,H,H,Win,11,5,,15,6863.390289133291,686.3390289133291,0.4,T,T,Win,7,9,,15,10252.718826976887,1025.2718826976886,0.5,T,H,Lose,8,8,,15,10252.718826976889,1025.2718826976889,0.4,T,T,Win,7,9,,15,12531.100788527312,1253.1100788527312,0.6,H,T,Lose,10,6,,15,8388.588131162907,838.8588131162908,0.7,H,H,Win,11,5,,15,10252.718826976889,1025.2718826976889,0.4,T,T,Win,6,10,,15,5615.501145654511,561.550114565451,0.6,H,H,Win,9,7,,15,6863.390289133288,686.3390289133289,0.5,T,H,Lose,8,8,,15,10252.718826976889,1025.2718826976889,0.7,H,H,Win,11,5,,15,10252.718826976889,1025.2718826976889,0.6,T,H,Lose,9,7,,15,6863.390289133291,686.3390289133291,0.6,H,T,Lose,9,7,,15,6863.390289133289,686.339028913329,0.6,H,T,Lose,9,7,,15,12531.10078852731,1253.110078852731,0.4,T,T,Win,6,10,,15,5615.501145654511,561.550114565451,0.6,H,H,Win,10,6,,15,6863.390289133291,686.3390289133291,0.6,H,T,Lose,9,7,,15,18719.29870878771,1871.9298708787712,0.7,H,T,Lose,11,5,,15,10252.718826976889,1025.2718826976889,0.6,H,T,Lose,9,7,,15,10252.718826976889,1025.2718826976889,0.4,T,H,Lose,7,9,,15,10252.71882697689,1025.271882697689,0.6,H,T,Lose,9,7,,15,6863.390289133289,686.339028913329,0.5,H,T,Lose,8,8,,15,12531.100788527312,1253.1100788527312,0.3,T,T,Win,5,11,,15,12531.10078852731,1253.110078852731,0.4,T,H,Lose,6,10,,15,10252.718826976887,1025.2718826976886,0.7,H,T,Lose,11,5,,15,10252.718826976889,1025.2718826976889,0.6,H,H,Win,9,7,,15,6863.390289133292,686.3390289133292,0.6,H,H,Win,10,6,,15,12531.10078852731,1253.110078852731,0.4,T,H,Lose,6,10,,15,18719.29870878771,1871.9298708787712,0.8,H,T,Lose,13,3,,15,12531.100788527308,1253.110078852731,0.6,H,H,Win,10,6,,15,8388.58813116291,838.858813116291,0.4,T,T,Win,6,10,,15,10252.718826976887,1025.2718826976886,0.4,T,H,Lose,7,9,,15,18719.29870878771,1871.9298708787712,0.8,H,H,Win,12,4,,15,5615.501145654509,561.5501145654509,0.5,T,H,Lose,8,8,,15,15315.789852644493,1531.5789852644493,0.8,H,H,Win,12,4,,15,5615.50114565451,561.550114565451,0.6,T,H,Lose,9,7,,15,8388.58813116291,838.858813116291,0.5,T,H,Lose,8,8,,15,18719.298708787715,1871.9298708787717,0.8,H,H,Win,12,4,,15,15315.789852644491,1531.5789852644493,0.3,T,H,Lose,5,11,,15,18719.298708787705,1871.9298708787705,0.2,T,T,Win,3,13,,15,18719.298708787705,1871.9298708787705,0.4,T,H,Lose,6,10,,15,5615.501145654508,561.5501145654508,0.5,T,H,Lose,8,8,,15,6863.39028913329,686.339028913329,0.4,T,H,Lose,7,9,,15,18719.29870878771,1871.9298708787712,0.2,T,H,Lose,4,12,,15,12531.100788527312,1253.1100788527312,0.4,T,H,Lose,7,9,,15,6863.390289133289,686.339028913329,0.6,H,H,Win,10,6,,15,10252.718826976887,1025.2718826976886,0.5,T,H,Lose,8,8,,15,6863.390289133289,686.339028913329,0.6,T,H,Lose,9,7,,15,6863.390289133289,686.339028913329,0.6,H,H,Win,10,6,,15,4594.5009373536905,459.4500937353691,0.5,T,H,Lose,8,8,,15,6863.390289133289,686.339028913329,0.6,H,H,Win,10,6,,15,5615.501145654509,561.5501145654509,0.4,T,H,Lose,7,9,,15,12531.100788527312,1253.1100788527312,0.4,T,H,Lose,6,10,,15,10252.718826976889,1025.2718826976889,0.4,T,T,Win,7,9,,15,18719.298708787715,1871.9298708787717,0.3,T,T,Win,5,11,,15,12531.100788527312,1253.1100788527312,0.3,T,T,Win,5,11,,15,4594.5009373536905,459.4500937353691,0.5,H,T,Lose,8,8,,15,10252.718826976889,1025.2718826976889,0.5,T,T,Win,8,8,,15,8388.588131162911,838.8588131162911,0.5,H,T,Lose,8,8,,15,10252.71882697689,1025.271882697689,0.7,H,T,Lose,11,5,,15,12531.100788527312,1253.1100788527312,0.7,H,H,Win,11,5,,15,10252.718826976889,1025.2718826976889,0.6,T,H,Lose,9,7,,15,12531.100788527312,1253.1100788527312,0.3,T,T,Win,5,11,,15,10252.718826976889,1025.2718826976889,0.7,H,H,Win,11,5,,15,6863.390289133288,686.3390289133289,0.5,T,H,Lose,8,8,,15,8388.58813116291,838.858813116291,0.4,T,H,Lose,7,9,,15,10252.718826976889,1025.2718826976889,0.3,T,T,Win,5,11,,15,10252.718826976889,1025.2718826976889,0.4,T,T,Win,6,10,,15,12531.10078852731,1253.110078852731,0.3,T,T,Win,5,11,,15,22879.14286629609,2287.9142866296093,0.2,T,H,Lose,4,12,,15,8388.588131162911,838.8588131162911,0.4,T,T,Win,7,9,,15,8388.588131162907,838.8588131162908,0.4,T,T,Win,7,9,,15,22879.142866296097,2287.9142866296097,0.1,T,T,Win,2,14,,15,8388.58813116291,838.858813116291,0.6,T,H,Lose,9,7,,15,8388.58813116291,838.858813116291,0.4,T,T,Win,6,10,,15,15315.789852644491,1531.5789852644493,0.3,T,T,Win,5,11,,15,6863.390289133291,686.3390289133291,0.5,H,T,Lose,8,8,,15,8388.58813116291,838.858813116291,0.4,T,T,Win,7,9,,15,6863.390289133287,686.3390289133288,0.5,H,T,Lose,8,8,,15,10252.718826976889,1025.2718826976889,0.4,T,T,Win,7,9,,15,8388.58813116291,838.858813116291,0.6,H,T,Lose,9,7,,15,15315.789852644493,1531.5789852644493,0.3,T,H,Lose,5,11,,15,5615.501145654511,561.550114565451,0.6,H,T,Lose,9,7,,15,8388.588131162907,838.8588131162908,0.4,T,T,Win,7,9,,15,10252.718826976889,1025.2718826976889,0.4,T,T,Win,6,10,,15,3759.1371305621087,375.9137130562109,0.6,H,T,Lose,9,7,,15,8388.58813116291,838.858813116291,0.6,T,H,Lose,9,7,,15,12531.100788527307,1253.1100788527308,0.6,H,T,Lose,10,6,,15,10252.718826976887,1025.2718826976886,0.4,T,T,Win,6,10,,15,5615.501145654511,561.550114565451,0.6,H,T,Lose,9,7,,15,10252.718826976889,1025.2718826976889,0.6,T,H,Lose,9,7,,15,8388.588131162911,838.8588131162911,0.5,T,H,Lose,8,8,,15,12531.10078852731,1253.110078852731,0.4,T,T,Win,6,10,,15,5615.501145654511,561.550114565451,0.4,T,T,Win,7,9,,15,6863.390289133289,686.339028913329,0.5,T,T,Win,8,8,,15,4594.50093735369,459.45009373536897,0.5,T,H,Lose,8,8,,15,15315.78985264449,1531.578985264449,0.6,H,T,Lose,10,6,,15,10252.718826976889,1025.2718826976889,0.6,H,T,Lose,9,7,,15,15315.789852644488,1531.5789852644489,0.7,H,H,Win,11,5,,15,6863.39028913329,686.339028913329,0.6,H,T,Lose,9,7,,15,22879.14286629609,2287.9142866296093,0.3,T,H,Lose,5,11,,15,5615.501145654511,561.550114565451,0.6,H,H,Win,9,7,,15,5615.501145654511,561.550114565451,0.4,T,T,Win,7,9,,15,10252.71882697689,1025.271882697689,0.6,H,T,Lose,10,6,,15,10252.71882697689,1025.271882697689,0.4,T,T,Win,7,9,,15,6863.390289133289,686.339028913329,0.5,T,H,Lose,8,8,,15,8388.588131162911,838.8588131162911,0.6,H,H,Win,10,6,,15,10252.718826976889,1025.2718826976889,0.6,T,H,Lose,9,7,,15,6863.390289133288,686.3390289133289,0.5,H,T,Lose,8,8,,15,12531.10078852731,1253.110078852731,0.6,T,H,Lose,9,7,,15,8388.58813116291,838.858813116291,0.4,T,H,Lose,7,9,,15,15315.789852644491,1531.5789852644493,0.7,H,T,Lose,11,5,,15,12531.100788527312,1253.1100788527312,0.4,T,T,Win,6,10,,15,12531.100788527307,1253.1100788527308,0.6,H,H,Win,10,6,,15,8388.588131162911,838.8588131162911,0.4,T,H,Lose,7,9,,15,6863.390289133289,686.339028913329,0.6,H,H,Win,9,7,,15,12531.100788527312,1253.1100788527312,0.4,T,H,Lose,6,10,,15,18719.29870878771,1871.9298708787712,0.8,H,H,Win,12,4,,15,10252.718826976889,1025.2718826976889,0.6,H,T,Lose,9,7,,15,15315.789852644488,1531.5789852644489,0.2,T,T,Win,4,12,,15,10252.71882697689,1025.271882697689,0.6,H,T,Lose,9,7,,15,12531.10078852731,1253.110078852731,0.4,T,H,Lose,6,10,,15,12531.100788527312,1253.1100788527312,0.3,T,T,Win,5,11,,15,6863.390289133291,686.3390289133291,0.6,H,T,Lose,9,7,,15,18719.298708787708,1871.929870878771,0.3,T,T,Win,5,11,,15,6863.390289133288,686.3390289133289,0.6,H,T,Lose,9,7,,15,8388.588131162907,838.8588131162908,0.5,T,T,Win,8,8,,15,15315.789852644491,1531.5789852644493,0.2,T,T,Win,4,12,,15,6863.390289133288,686.3390289133289,0.5,T,H,Lose,8,8,,15,5615.501145654509,561.5501145654509,0.4,T,T,Win,7,9,,15,4594.5009373536905,459.4500937353691,0.6,H,H,Win,9,7,,15,10252.718826976889,1025.2718826976889,0.4,T,H,Lose,7,9,,15,5615.501145654511,561.550114565451,0.5,T,T,Win,8,8,,15,12531.100788527312,1253.1100788527312,0.6,H,T,Lose,10,6,,15,8388.58813116291,838.858813116291,0.5,T,T,Win,8,8,,15,4594.5009373536905,459.4500937353691,0.4,T,T,Win,7,9,,15,15315.789852644493,1531.5789852644493,0.7,H,T,Lose,11,5,,15,12531.10078852731,1253.110078852731,0.6,H,T,Lose,10,6,,15,4594.5009373536905,459.4500937353691,0.6,H,H,Win,10,6,,15,8388.58813116291,838.858813116291,0.6,H,H,Win,10,6,,15,8388.58813116291,838.858813116291,0.5,H,T,Lose,8,8,,15,5615.501145654509,561.5501145654509,0.5,T,H,Lose,8,8,,15,10252.71882697689,1025.271882697689,0.6,H,T,Lose,10,6,,15,10252.71882697689,1025.271882697689,0.6,H,H,Win,10,6,,15,15315.789852644493,1531.5789852644493,0.4,T,H,Lose,7,9,,15,18719.298708787708,1871.929870878771,0.2,T,H,Lose,4,12,,15,15315.789852644491,1531.5789852644493,0.7,H,T,Lose,11,5,,15,5615.50114565451,561.550114565451,0.4,T,T,Win,7,9,,15,12531.10078852731,1253.110078852731,0.7,H,H,Win,11,5,,15,6863.390289133288,686.3390289133289,0.4,T,T,Win,7,9,,15,22879.142866296097,2287.9142866296097,0.1,T,T,Win,2,14,,15,6863.390289133291,686.3390289133291,0.6,H,H,Win,9,7,,15,6863.390289133288,686.3390289133289,0.5,H,T,Lose,8,8,,15,12531.100788527312,1253.1100788527312,0.5,T,H,Lose,8,8,,15,6863.39028913329,686.339028913329,0.6,H,T,Lose,9,7,,15,12531.100788527307,1253.1100788527308,0.4,T,T,Win,6,10,,15,10252.71882697689,1025.271882697689,0.4,T,H,Lose,7,9,,15,6863.390289133289,686.339028913329,0.6,H,H,Win,9,7,,15,6863.390289133291,686.3390289133291,0.6,H,T,Lose,9,7,,15,6863.390289133289,686.339028913329,0.5,H,T,Lose,8,8,,15,8388.58813116291,838.858813116291,0.5,T,H,Lose,8,8,,15,8388.588131162911,838.8588131162911,0.6,H,H,Win,9,7,,15,10252.71882697689,1025.271882697689,0.6,H,T,Lose,9,7,,15,10252.718826976892,1025.2718826976893,0.6,H,T,Lose,9,7,,15,8388.588131162911,838.8588131162911,0.4,T,T,Win,7,9,,15,12531.100788527312,1253.1100788527312,0.4,T,H,Lose,6,10,,15,8388.58813116291,838.858813116291,0.5,T,H,Lose,8,8,,15,22879.142866296083,2287.9142866296083,0.3,T,H,Lose,5,11,,15,22879.14286629609,2287.9142866296093,0.3,T,H,Lose,5,11,,15,8388.588131162907,838.8588131162908,0.4,T,T,Win,7,9,,15,10252.71882697689,1025.271882697689,0.6,H,T,Lose,10,6,,15,10252.718826976889,1025.2718826976889,0.4,T,T,Win,6,10,,15,5615.501145654511,561.550114565451,0.6,H,H,Win,9,7,,15,5615.501145654509,561.5501145654509,0.5,T,T,Win,8,8,,15,8388.58813116291,838.858813116291,0.5,T,T,Win,8,8,,15,5615.50114565451,561.550114565451,0.6,H,T,Lose,9,7,,15,6863.390289133289,686.339028913329,0.6,H,T,Lose,10,6,,15,8388.58813116291,838.858813116291,0.4,T,T,Win,7,9,,15,3759.1371305621096,375.913713056211,0.5,T,H,Lose,8,8,,15,6863.390289133289,686.339028913329,0.6,T,H,Lose,9,7,,15,12531.10078852731,1253.110078852731,0.4,T,T,Win,6,10,,15,8388.588131162911,838.8588131162911,0.4,T,H,Lose,7,9,,15,15315.789852644493,1531.5789852644493,0.7,H,T,Lose,11,5,,15,5615.501145654509,561.5501145654509,0.4,T,T,Win,6,10,,15,12531.10078852731,1253.110078852731,0.4,T,T,Win,6,10,,15,12531.10078852731,1253.110078852731,0.6,H,T,Lose,9,7,,15,10252.718826976889,1025.2718826976889,0.6,H,H,Win,9,7,,15,12531.10078852731,1253.110078852731,0.3,T,T,Win,5,11,,15,10252.718826976889,1025.2718826976889,0.6,H,H,Win,10,6,,15,6863.390289133289,686.339028913329,0.5,H,T,Lose,8,8,,15,5615.50114565451,561.550114565451,0.6,H,T,Lose,9,7,,15,8388.588131162911,838.8588131162911,0.6,H,T,Lose,9,7,,15,6863.390289133289,686.339028913329,0.5,T,H,Lose,8,8,,15,22879.14286629609,2287.9142866296093,0.3,T,H,Lose,5,11,,15,6863.39028913329,686.339028913329,0.4,T,H,Lose,7,9,,15,10252.718826976889,1025.2718826976889,0.6,H,H,Win,10,6,,15,10252.718826976889,1025.2718826976889,0.4,T,H,Lose,7,9,,15,6863.390289133289,686.339028913329,0.5,T,T,Win,8,8,,15,12531.100788527312,1253.1100788527312,0.3,T,T,Win,5,11,,15,8388.58813116291,838.858813116291,0.5,T,H,Lose,8,8,,15,4594.50093735369,459.45009373536897,0.5,T,T,Win,8,8,,15,12531.10078852731,1253.110078852731,0.6,T,H,Lose,9,7,,15,5615.501145654511,561.550114565451,0.5,H,T,Lose,8,8,,15,8388.588131162911,838.8588131162911,0.6,H,T,Lose,9,7,,15,15315.789852644491,1531.5789852644493,0.6,H,T,Lose,10,6,,15,8388.58813116291,838.858813116291,0.5,T,H,Lose,8,8,,15,10252.718826976889,1025.2718826976889,0.4,T,H,Lose,7,9,,15,12531.10078852731,1253.110078852731,0.3,T,T,Win,5,11,,15,8388.588131162911,838.8588131162911,0.4,T,T,Win,6,10,,15,8388.588131162907,838.8588131162908,0.5,T,H,Lose,8,8,,15,12531.100788527312,1253.1100788527312,0.3,T,T,Win,5,11,,15,10252.718826976887,1025.2718826976886,0.4,T,T,Win,6,10,,15,10252.718826976889,1025.2718826976889,0.8,H,H,Win,12,4,,15,15315.789852644493,1531.5789852644493,0.4,T,H,Lose,6,10,,15,8388.588131162911,838.8588131162911,0.5,H,T,Lose,8,8,,15,12531.100788527312,1253.1100788527312,0.5,T,T,Win,8,8,,15,6863.390289133289,686.339028913329,0.4,T,H,Lose,7,9,,15,4594.50093735369,459.45009373536897,0.6,H,H,Win,10,6,,15,12531.10078852731,1253.110078852731,0.3,T,T,Win,5,11,,15,8388.58813116291,838.858813116291,0.4,T,T,Win,7,9,,15,5615.501145654508,561.5501145654508,0.6,H,H,Win,10,6,,15,6863.39028913329,686.339028913329,0.6,H,H,Win,10,6,,15,8388.588131162907,838.8588131162908,0.6,H,T,Lose,9,7,,15,10252.71882697689,1025.271882697689,0.4,T,T,Win,6,10,,15,8388.58813116291,838.858813116291,0.5,T,H,Lose,8,8,,15,6863.390289133288,686.3390289133289,0.5,T,H,Lose,8,8,,15,5615.501145654511,561.550114565451,0.6,H,H,Win,9,7,,15,22879.142866296086,2287.914286629609,0.3,T,H,Lose,5,11,,15,12531.10078852731,1253.110078852731,0.6,H,H,Win,10,6,,15,10252.71882697689,1025.271882697689,0.6,H,T,Lose,9,7,,15,12531.100788527312,1253.1100788527312,0.4,T,H,Lose,6,10,,15,10252.718826976889,1025.2718826976889,0.6,H,H,Win,9,7,,15,10252.71882697689,1025.271882697689,0.6,H,H,Win,10,6,,15,8388.58813116291,838.858813116291,0.6,T,H,Lose,9,7,,15,12531.100788527312,1253.1100788527312,0.4,T,H,Lose,6,10,,15,12531.100788527312,1253.1100788527312,0.4,T,H,Lose,6,10,,15,10252.718826976889,1025.2718826976889,0.4,T,T,Win,6,10,,15,4594.500937353689,459.4500937353689,0.4,T,T,Win,7,9,,15,5615.50114565451,561.550114565451,0.4,T,T,Win,7,9,,15,8388.588131162911,838.8588131162911,0.5,T,T,Win,8,8,,15,6863.390289133288,686.3390289133289,0.5,T,H,Lose,8,8,,15,8388.58813116291,838.858813116291,0.4,T,T,Win,7,9,,15,4594.50093735369,459.45009373536897,0.6,H,T,Lose,9,7,,15,6863.390289133289,686.339028913329,0.6,T,H,Lose,9,7,,15,12531.100788527305,1253.1100788527306,0.4,T,T,Win,7,9,,15,6863.39028913329,686.339028913329,0.5,T,H,Lose,8,8,,15,10252.718826976889,1025.2718826976889,0.4,T,T,Win,6,10,,15,10252.71882697689,1025.271882697689,0.6,H,T,Lose,9,7,,15,18719.298708787708,1871.929870878771,0.2,T,T,Win,3,13,,15,6863.390289133291,686.3390289133291,0.6,H,T,Lose,9,7,,15,5615.50114565451,561.550114565451,0.6,H,H,Win,10,6,,15,15315.789852644493,1531.5789852644493,0.3,T,H,Lose,5,11,,15,10252.718826976889,1025.2718826976889,0.4,T,T,Win,7,9,,15,12531.10078852731,1253.110078852731,0.4,T,T,Win,6,10,,15,6863.39028913329,686.339028913329,0.6,H,H,Win,10,6,,15,6863.390289133289,686.339028913329,0.4,T,T,Win,7,9,,15,8388.58813116291,838.858813116291,0.6,H,H,Win,10,6,,15,12531.10078852731,1253.110078852731,0.4,T,H,Lose,6,10,,15,10252.718826976887,1025.2718826976886,0.4,T,T,Win,6,10,,15,8388.588131162907,838.8588131162908,0.6,H,T,Lose,9,7,,15,4594.5009373536905,459.4500937353691,0.5,T,T,Win,8,8,,15,12531.100788527312,1253.1100788527312,0.3,T,T,Win,5,11,,15,8388.58813116291,838.858813116291,0.7,H,H,Win,11,5,,15,8388.588131162911,838.8588131162911,0.6,H,T,Lose,9,7,,15,12531.100788527312,1253.1100788527312,0.4,T,H,Lose,6,10,,15,12531.10078852731,1253.110078852731,0.4,T,H,Lose,7,9,,15,12531.10078852731,1253.110078852731,0.3,T,T,Win,5,11,,15,10252.718826976889,1025.2718826976889,0.4,T,H,Lose,7,9,,15,10252.718826976887,1025.2718826976886,0.4,T,H,Lose,6,10,,15,6863.390289133289,686.339028913329,0.4,T,H,Lose,7,9,,15,22879.142866296097,2287.9142866296097,0.8,H,H,Win,13,3,,15,15315.789852644491,1531.5789852644493,0.3,T,H,Lose,5,11,,15,12531.10078852731,1253.110078852731,0.4,T,T,Win,7,9,,15,12531.10078852731,1253.110078852731,0.7,H,H,Win,11,5,,15,8388.58813116291,838.858813116291,0.6,H,T,Lose,10,6,,15,3759.1371305621105,375.91371305621107,0.6,H,T,Lose,9,7,,15,10252.718826976889,1025.2718826976889,0.5,T,T,Win,8,8,,15,18719.29870878771,1871.9298708787712,0.2,T,H,Lose,4,12,,15,10252.71882697689,1025.271882697689,0.6,H,H,Win,10,6,,15,10252.718826976889,1025.2718826976889,0.4,T,T,Win,6,10,,15,6863.390289133291,686.3390289133291,0.6,H,H,Win,10,6,,15,8388.58813116291,838.858813116291,0.5,T,H,Lose,8,8,,15,8388.588131162911,838.8588131162911,0.4,T,T,Win,7,9,,15,15315.789852644493,1531.5789852644493,0.4,T,H,Lose,6,10,,15,8388.58813116291,838.858813116291,0.6,H,T,Lose,9,7,,15,8388.588131162907,838.8588131162908,0.6,H,H,Win,10,6,,15,18719.298708787708,1871.929870878771,0.8,H,T,Lose,12,4,,15,12531.100788527312,1253.1100788527312,0.5,H,T,Lose,8,8,,15,5615.501145654509,561.5501145654509,0.5,T,H,Lose,8,8,,15,10252.718826976889,1025.2718826976889,0.4,T,T,Win,6,10,,15,12531.10078852731,1253.110078852731,0.4,T,H,Lose,7,9,,15,4594.500937353691,459.45009373536914,0.5,T,T,Win,8,8,,15,12531.100788527312,1253.1100788527312,0.5,T,H,Lose,8,8,,15,4594.5009373536905,459.4500937353691,0.5,H,T,Lose,8,8,,15,4594.50093735369,459.45009373536897,0.4,T,T,Win,7,9,,15,6863.390289133289,686.339028913329,0.6,H,T,Lose,9,7,,15,10252.718826976889,1025.2718826976889,0.4,T,T,Win,6,10,,15,4594.5009373536905,459.4500937353691,0.6,H,H,Win,9,7,,15,15315.789852644493,1531.5789852644493,0.7,H,H,Win,11,5,,15,5615.501145654511,561.550114565451,0.5,H,T,Lose,8,8,,15,10252.718826976889,1025.2718826976889,0.7,H,H,Win,11,5,,15,12531.100788527312,1253.1100788527312,0.6,H,T,Lose,9,7,,15,12531.10078852731,1253.110078852731,0.6,H,T,Lose,10,6,,15,6863.39028913329,686.339028913329,0.5,T,H,Lose,8,8,,15,15315.789852644491,1531.5789852644493,0.4,T,H,Lose,6,10,,15,12531.100788527312,1253.1100788527312,0.3,T,T,Win,5,11,,15,15315.789852644484,1531.5789852644484,0.3,T,H,Lose,5,11,,15,8388.588131162907,838.8588131162908,0.4,T,T,Win,7,9,,15,18719.29870878772,1871.929870878772,0.2,T,T,Win,3,13,,15,10252.718826976889,1025.2718826976889,0.4,T,H,Lose,7,9,,15,15315.789852644493,1531.5789852644493,0.3,T,T,Win,5,11,,15,10252.71882697689,1025.271882697689,0.5,T,H,Lose,8,8,,15,15315.789852644491,1531.5789852644493,0.8,H,H,Win,12,4,,15,10252.718826976892,1025.2718826976893,0.6,H,T,Lose,10,6,,15,15315.789852644491,1531.5789852644493,0.4,T,H,Lose,7,9,,15,10252.71882697689,1025.271882697689,0.6,H,H,Win,9,7,,15,10252.718826976889,1025.2718826976889,0.4,T,H,Lose,7,9,,15,5615.50114565451,561.550114565451,0.6,H,H,Win,10,6,,15,12531.10078852731,1253.110078852731,0.6,H,H,Win,9,7,,15,8388.588131162907,838.8588131162908,0.6,H,H,Win,10,6,,15,10252.71882697689,1025.271882697689,0.4,T,H,Lose,7,9,,15,8388.58813116291,838.858813116291,0.5,T,H,Lose,8,8,,15,10252.71882697689,1025.271882697689,0.7,H,T,Lose,11,5,,15,10252.71882697689,1025.271882697689,0.4,T,H,Lose,7,9,,15,12531.100788527307,1253.1100788527308,0.4,T,H,Lose,6,10,,15,18719.29870878771,1871.9298708787712,0.8,H,H,Win,12,4,,15,10252.718826976889,1025.2718826976889,0.6,H,T,Lose,9,7,,15,10252.718826976889,1025.2718826976889,0.6,T,H,Lose,9,7,,15,8388.58813116291,838.858813116291,0.4,T,T,Win,7,9,,15,8388.588131162907,838.8588131162908,0.5,T,H,Lose,8,8,,15,10252.718826976889,1025.2718826976889,0.5,T,H,Lose,8,8,,15,18719.29870878771,1871.9298708787712,0.2,T,H,Lose,4,12,,15,12531.10078852731,1253.110078852731,0.4,T,H,Lose,7,9,,15,6863.390289133289,686.339028913329,0.4,T,H,Lose,7,9,,15,12531.100788527308,1253.110078852731,0.5,H,T,Lose,8,8,,15,18719.29870878771,1871.9298708787712,0.8,H,H,Win,12,4,,15,12531.100788527312,1253.1100788527312,0.4,T,T,Win,6,10,,15,10252.718826976889,1025.2718826976889,0.4,T,T,Win,6,10,,15,6863.390289133288,686.3390289133289,0.6,H,H,Win,10,6,,15,10252.718826976889,1025.2718826976889,0.4,T,T,Win,6,10,,15,18719.298708787708,1871.929870878771,0.3,T,T,Win,5,11,,15,12531.10078852731,1253.110078852731,0.4,T,H,Lose,6,10,,15,6863.390289133291,686.3390289133291,0.5,T,T,Win,8,8,,15,12531.10078852731,1253.110078852731,0.3,T,T,Win,5,11,,15,6863.390289133289,686.339028913329,0.6,H,T,Lose,9,7,,15,5615.50114565451,561.550114565451,0.6,H,H,Win,9,7,,15,8388.58813116291,838.858813116291,0.4,T,T,Win,7,9,,15,12531.10078852731,1253.110078852731,0.6,H,T,Lose,10,6,,15,15315.789852644491,1531.5789852644493,0.4,T,T,Win,6,10,,15,10252.718826976889,1025.2718826976889,0.4,T,H,Lose,7,9,,15,10252.71882697689,1025.271882697689,0.7,H,H,Win,11,5,,15,4594.500937353689,459.4500937353689,0.4,T,T,Win,7,9,,15,10252.71882697689,1025.271882697689,0.6,H,H,Win,10,6,,15,5615.501145654511,561.550114565451,0.5,T,T,Win,8,8,,15,18719.29870878771,1871.9298708787712,0.8,H,H,Win,12,4,,15,10252.718826976889,1025.2718826976889,0.6,H,T,Lose,10,6,,15,8388.58813116291,838.858813116291,0.6,H,H,Win,10,6,,15,6863.390289133289,686.339028913329,0.6,H,H,Win,10,6,,15,8388.588131162907,838.8588131162908,0.6,H,H,Win,9,7,,15,8388.588131162911,838.8588131162911,0.5,T,H,Lose,8,8,,15,15315.789852644495,1531.5789852644496,0.3,T,H,Lose,5,11,,15,8388.58813116291,838.858813116291,0.6,H,T,Lose,10,6,,15,4594.50093735369,459.45009373536897,0.6,H,H,Win,9,7,,15,10252.718826976889,1025.2718826976889,0.4,T,H,Lose,7,9,,15,12531.10078852731,1253.110078852731,0.3,T,T,Win,5,11,,15,6863.39028913329,686.339028913329,0.6,H,T,Lose,9,7,,15,15315.789852644495,1531.5789852644496,0.6,H,T,Lose,10,6,,15,12531.10078852731,1253.110078852731,0.6,H,T,Lose,9,7,,15,18719.298708787715,1871.9298708787717,0.4,T,H,Lose,6,10,,15,12531.10078852731,1253.110078852731,0.6,H,H,Win,9,7,,15,8388.588131162911,838.8588131162911,0.6,H,T,Lose,9,7,,15,8388.58813116291,838.858813116291,0.6,H,T,Lose,10,6,,15,10252.71882697689,1025.271882697689,0.6,T,H,Lose,9,7,,15,12531.100788527312,1253.1100788527312,0.6,H,T,Lose,10,6,,15,6863.390289133289,686.339028913329,0.6,H,T,Lose,9,7,,15,10252.718826976889,1025.2718826976889,0.5,T,H,Lose,8,8,,15,6863.390289133288,686.3390289133289,0.5,T,T,Win,8,8,,15,8388.588131162911,838.8588131162911,0.5,T,H,Lose,8,8,,15,6863.39028913329,686.339028913329,0.6,H,H,Win,10,6,,15,6863.390289133291,686.3390289133291,0.5,H,T,Lose,8,8,,15,10252.71882697689,1025.271882697689,0.5,T,T,Win,8,8,,15,15315.789852644491,1531.5789852644493,0.3,T,H,Lose,5,11,,15,10252.71882697689,1025.271882697689,0.3,T,T,Win,5,11,,15,8388.58813116291,838.858813116291,0.6,T,H,Lose,9,7,,15,8388.588131162911,838.8588131162911,0.6,H,T,Lose,9,7,,15,8388.588131162907,838.8588131162908,0.6,H,H,Win,9,7,,15,10252.718826976889,1025.2718826976889,0.4,T,H,Lose,7,9,,15,10252.71882697689,1025.271882697689,0.5,T,H,Lose,8,8,,15,10252.718826976889,1025.2718826976889,0.6,H,T,Lose,9,7,,15,22879.14286629609,2287.9142866296093,0.2,T,H,Lose,4,12,,15,5615.501145654511,561.550114565451,0.4,T,T,Win,7,9,,15,8388.58813116291,838.858813116291,0.4,T,H,Lose,7,9,,15,3759.1371305621105,375.91371305621107,0.6,H,H,Win,10,6,,15,12531.10078852731,1253.110078852731,0.6,H,T,Lose,10,6,,15,15315.789852644491,1531.5789852644493,0.4,T,T,Win,6,10,,15,6863.390289133291,686.3390289133291,0.6,H,H,Win,9,7,,15,4594.50093735369,459.45009373536897,0.6,H,T,Lose,9,7,,15,6863.390289133289,686.339028913329,0.5,H,T,Lose,8,8,,15,22879.142866296086,2287.914286629609,0.8,H,H,Win,13,3,,15,12531.10078852731,1253.110078852731,0.6,H,T,Lose,10,6,,15,8388.58813116291,838.858813116291,0.4,T,T,Win,7,9,,15,18719.298708787708,1871.929870878771,0.4,T,H,Lose,6,10,,15,8388.588131162907,838.8588131162908,0.4,T,T,Win,6,10,,15,8388.58813116291,838.858813116291,0.5,T,H,Lose,8,8,,15,5615.501145654511,561.550114565451,0.5,T,T,Win,8,8,,15,8388.588131162907,838.8588131162908,0.6,H,T,Lose,9,7,,15,10252.718826976889,1025.2718826976889,0.4,T,T,Win,6,10,,15,18719.29870878771,1871.9298708787712,0.4,T,H,Lose,6,10,,15,15315.78985264449,1531.578985264449,0.3,T,H,Lose,5,11,,15,5615.50114565451,561.550114565451,0.6,H,T,Lose,9,7,,15,5615.501145654511,561.550114565451,0.6,T,H,Lose,9,7,,15,10252.718826976889,1025.2718826976889,0.4,T,T,Win,7,9,,15,12531.100788527307,1253.1100788527308,0.6,H,H,Win,10,6,,15,6863.39028913329,686.339028913329,0.5,T,H,Lose,8,8,,15,4594.500937353689,459.4500937353689,0.6,H,H,Win,10,6,,15,8388.588131162913,838.8588131162913,0.4,T,H,Lose,7,9,,15,8388.588131162911,838.8588131162911,0.4,T,T,Win,6,10,,15,5615.501145654511,561.550114565451,0.6,H,H,Win,10,6,,15,5615.501145654509,561.5501145654509,0.5,H,T,Lose,8,8,,15,12531.10078852731,1253.110078852731,0.6,H,T,Lose,10,6,,15,5615.501145654511,561.550114565451,0.5,T,H,Lose,8,8,,15,10252.71882697689,1025.271882697689,0.4,T,H,Lose,6,10,,15,8388.58813116291,838.858813116291,0.6,H,H,Win,10,6,,15,6863.390289133288,686.3390289133289,0.5,T,H,Lose,8,8,,15,10252.71882697689,1025.271882697689,0.4,T,T,Win,7,9,,15,10252.718826976889,1025.2718826976889,0.6,H,T,Lose,9,7,,15,12531.10078852731,1253.110078852731,0.4,T,T,Win,7,9,,15,12531.10078852731,1253.110078852731,0.5,T,H,Lose,8,8,,15,15315.789852644493,1531.5789852644493,0.7,H,H,Win,11,5,,15,4594.50093735369,459.45009373536897,0.5,H,T,Lose,8,8,,15,5615.501145654509,561.5501145654509,0.6,T,H,Lose,9,7,,15,12531.10078852731,1253.110078852731,0.4,T,H,Lose,6,10,,15,8388.58813116291,838.858813116291,0.5,T,H,Lose,8,8,,15,12531.10078852731,1253.110078852731,0.7,H,T,Lose,11,5,,15,8388.588131162913,838.8588131162913,0.5,T,T,Win,8,8,,15,8388.588131162911,838.8588131162911,0.5,T,H,Lose,8,8,,15,15315.789852644493,1531.5789852644493,0.3,T,H,Lose,5,11,,15,8388.58813116291,838.858813116291,0.4,T,H,Lose,7,9,
16,16847.368837908936,1684.7368837908937,0.6,H,T,Lose,11,6,,16,13784.210867380036,1378.4210867380036,0.4,T,H,Lose,7,10,,16,6177.0512602199615,617.7051260219962,0.5,T,H,Lose,8,9,,16,6177.0512602199615,617.7051260219962,0.5,T,T,Win,8,9,,16,9227.4469442792,922.74469442792,0.4,T,T,Win,7,10,,16,13784.210867380038,1378.4210867380039,0.5,T,H,Lose,8,9,,16,9227.4469442792,922.74469442792,0.5,T,H,Lose,8,9,,16,7549.72931804662,754.972931804662,0.5,T,H,Lose,8,9,,16,11277.99070967458,1127.799070967458,0.4,T,T,Win,6,11,,16,6177.05126021996,617.705126021996,0.5,H,T,Lose,9,8,,16,11277.990709674577,1127.7990709674577,0.6,H,T,Lose,10,7,,16,9227.4469442792,922.74469442792,0.4,T,T,Win,7,10,,16,7549.729318046619,754.9729318046619,0.5,T,T,Win,8,9,,16,25167.057152925707,2516.705715292571,0.3,T,H,Lose,5,12,,16,7549.729318046617,754.9729318046617,0.4,T,H,Lose,6,11,,16,11277.990709674576,1127.7990709674575,0.6,H,T,Lose,11,6,,16,9227.4469442792,922.74469442792,0.4,T,T,Win,7,10,,16,9227.446944279201,922.7446944279202,0.6,H,T,Lose,10,7,,16,7549.729318046619,754.9729318046619,0.6,H,H,Win,10,7,,16,9227.446944279201,922.7446944279202,0.4,T,T,Win,7,10,,16,5053.951031089058,505.39510310890586,0.6,H,H,Win,10,7,,16,11277.990709674577,1127.7990709674577,0.4,T,T,Win,6,11,,16,9227.4469442792,922.74469442792,0.5,T,T,Win,8,9,,16,16847.368837908944,1684.7368837908944,0.8,H,H,Win,13,4,,16,13784.210867380043,1378.4210867380043,0.7,H,T,Lose,12,5,,16,11277.99070967458,1127.799070967458,0.4,T,H,Lose,7,10,,16,16847.36883790894,1684.7368837908941,0.6,T,H,Lose,10,7,,16,20591.22857966648,2059.122857966648,0.2,T,T,Win,3,14,,16,6177.05126021996,617.705126021996,0.5,T,T,Win,8,9,,16,5053.95103108906,505.395103108906,0.6,T,H,Lose,10,7,,16,9227.446944279198,922.7446944279199,0.6,H,H,Win,11,6,,16,9227.4469442792,922.74469442792,0.6,H,H,Win,11,6,,16,9227.4469442792,922.74469442792,0.4,T,T,Win,7,10,,16,11277.99070967458,1127.799070967458,0.4,T,T,Win,7,10,,16,7549.729318046619,754.9729318046619,0.6,H,H,Win,11,6,,16,9227.446944279201,922.7446944279202,0.5,H,T,Lose,8,9,,16,11277.990709674581,1127.7990709674582,0.4,T,H,Lose,7,10,,16,9227.4469442792,922.74469442792,0.4,T,T,Win,7,10,,16,13784.210867380043,1378.4210867380043,0.5,T,T,Win,9,8,,16,11277.99070967458,1127.799070967458,0.5,T,H,Lose,8,9,,16,13784.21086738004,1378.421086738004,0.4,T,T,Win,7,10,,16,9227.446944279201,922.7446944279202,0.5,T,T,Win,8,9,,16,9227.4469442792,922.74469442792,0.4,T,T,Win,7,10,,16,7549.729318046617,754.9729318046617,0.4,T,T,Win,7,10,,16,7549.729318046619,754.9729318046619,0.5,H,H,Win,9,8,,16,7549.729318046621,754.9729318046622,0.6,H,T,Lose,10,7,,16,13784.210867380043,1378.4210867380043,0.6,H,T,Lose,11,6,,16,6177.051260219961,617.7051260219961,0.4,T,H,Lose,7,10,,16,7549.729318046619,754.9729318046619,0.5,T,T,Win,9,8,,16,13784.210867380043,1378.4210867380043,0.3,T,T,Win,5,12,,16,7549.729318046619,754.9729318046619,0.4,T,T,Win,7,10,,16,13784.210867380043,1378.4210867380043,0.4,T,H,Lose,6,11,,16,9227.446944279201,922.7446944279202,0.5,T,H,Lose,8,9,,16,16847.36883790894,1684.7368837908941,0.4,T,T,Win,6,11,,16,9227.446944279198,922.7446944279199,0.5,T,H,Lose,8,9,,16,13784.210867380043,1378.4210867380043,0.4,T,H,Lose,6,11,,16,13784.210867380041,1378.4210867380043,0.4,T,T,Win,6,11,,16,13784.210867380043,1378.4210867380043,0.3,T,T,Win,5,12,,16,7549.729318046619,754.9729318046619,0.6,H,T,Lose,10,7,,16,11277.99070967458,1127.799070967458,0.7,H,H,Win,12,5,,16,6177.05126021996,617.705126021996,0.5,T,T,Win,8,9,,16,9227.4469442792,922.74469442792,0.6,H,T,Lose,10,7,,16,11277.990709674577,1127.7990709674577,0.6,H,H,Win,11,6,,16,16847.368837908936,1684.7368837908937,0.3,T,H,Lose,5,12,,16,9227.4469442792,922.74469442792,0.4,T,T,Win,7,10,,16,9227.446944279198,922.7446944279199,0.6,H,T,Lose,11,6,,16,5053.95103108906,505.395103108906,0.5,H,H,Win,9,8,,16,7549.729318046619,754.9729318046619,0.4,T,H,Lose,7,10,,16,13784.210867380041,1378.4210867380043,0.7,H,T,Lose,12,5,,16,5053.951031089058,505.39510310890586,0.5,T,T,Win,8,9,,16,6177.05126021996,617.705126021996,0.5,H,T,Lose,9,8,,16,7549.729318046617,754.9729318046617,0.5,T,H,Lose,9,8,,16,5053.951031089059,505.3951031089059,0.6,H,T,Lose,10,7,,16,13784.210867380036,1378.4210867380036,0.4,T,H,Lose,6,11,,16,6177.0512602199615,617.7051260219962,0.5,T,T,Win,9,8,,16,7549.729318046619,754.9729318046619,0.5,T,H,Lose,8,9,,16,5053.95103108906,505.395103108906,0.5,H,H,Win,9,8,,16,13784.210867380043,1378.4210867380043,0.3,T,T,Win,5,12,,16,16847.368837908944,1684.7368837908944,0.7,H,H,Win,12,5,,16,13784.210867380043,1378.4210867380043,0.7,H,H,Win,12,5,,16,9227.446944279201,922.7446944279202,0.4,T,T,Win,6,11,,16,7549.7293180466195,754.972931804662,0.5,T,H,Lose,9,8,,16,11277.99070967458,1127.799070967458,0.4,T,T,Win,6,11,,16,7549.7293180466195,754.972931804662,0.6,H,H,Win,10,7,,16,7549.729318046619,754.9729318046619,0.6,T,H,Lose,10,7,,16,4135.050843618322,413.5050843618322,0.5,T,H,Lose,9,8,,16,11277.990709674577,1127.7990709674577,0.6,H,H,Win,11,6,,16,6177.0512602199615,617.7051260219962,0.6,T,H,Lose,10,7,,16,13784.210867380038,1378.4210867380039,0.8,H,H,Win,13,4,,16,13784.21086738004,1378.421086738004,0.4,T,H,Lose,6,11,,16,9227.446944279201,922.7446944279202,0.5,T,H,Lose,8,9,,16,5053.95103108906,505.395103108906,0.5,T,H,Lose,9,8,,16,11277.990709674577,1127.7990709674577,0.4,T,H,Lose,7,10,,16,13784.210867380045,1378.4210867380045,0.4,T,H,Lose,6,11,,16,7549.729318046619,754.9729318046619,0.5,T,H,Lose,8,9,,16,20591.22857966648,2059.122857966648,0.2,T,T,Win,3,14,,16,16847.368837908944,1684.7368837908944,0.6,H,T,Lose,11,6,,16,6177.051260219961,617.7051260219961,0.7,H,H,Win,12,5,,16,9227.4469442792,922.74469442792,0.5,H,H,Win,9,8,,16,7549.729318046619,754.9729318046619,0.5,H,T,Lose,8,9,,16,7549.729318046619,754.9729318046619,0.7,H,H,Win,12,5,,16,16847.36883790894,1684.7368837908941,0.6,H,T,Lose,11,6,,16,9227.4469442792,922.74469442792,0.6,T,H,Lose,10,7,,16,7549.729318046619,754.9729318046619,0.5,H,T,Lose,8,9,,16,13784.21086738004,1378.421086738004,0.6,H,T,Lose,10,7,,16,7549.729318046617,754.9729318046617,0.5,H,T,Lose,9,8,,16,9227.446944279198,922.7446944279199,0.6,H,H,Win,11,6,,16,9227.4469442792,922.74469442792,0.5,T,H,Lose,9,8,,16,6177.0512602199615,617.7051260219962,0.6,H,H,Win,10,7,,16,13784.210867380038,1378.4210867380039,0.6,H,T,Lose,10,7,,16,13784.210867380041,1378.4210867380043,0.3,T,T,Win,5,12,,16,6177.05126021996,617.705126021996,0.6,H,T,Lose,10,7,,16,6177.05126021996,617.705126021996,0.6,H,H,Win,11,6,,16,5053.951031089059,505.3951031089059,0.5,T,T,Win,9,8,,16,16847.36883790894,1684.7368837908941,0.4,T,H,Lose,6,11,,16,9227.446944279201,922.7446944279202,0.4,T,T,Win,7,10,,16,7549.729318046619,754.9729318046619,0.4,T,T,Win,7,10,,16,6177.0512602199615,617.7051260219962,0.5,T,H,Lose,9,8,,16,6177.05126021996,617.705126021996,0.5,H,T,Lose,9,8,,16,6177.05126021996,617.705126021996,0.6,H,H,Win,11,6,,16,7549.7293180466195,754.972931804662,0.6,H,T,Lose,10,7,,16,13784.210867380043,1378.4210867380043,0.4,T,H,Lose,6,11,,16,7549.729318046619,754.9729318046619,0.4,T,T,Win,7,10,,16,11277.990709674577,1127.7990709674577,0.4,T,T,Win,6,11,,16,13784.210867380043,1378.4210867380043,0.3,T,T,Win,5,12,,16,9227.446944279198,922.7446944279199,0.6,H,T,Lose,10,7,,16,4135.050843618321,413.50508436183213,0.6,H,H,Win,10,7,,16,7549.729318046619,754.9729318046619,0.5,H,H,Win,9,8,,16,6177.0512602199615,617.7051260219962,0.5,T,T,Win,8,9,,16,9227.446944279198,922.7446944279199,0.7,H,H,Win,12,5,,16,11277.99070967458,1127.799070967458,0.7,H,T,Lose,12,5,,16,13784.210867380041,1378.4210867380043,0.3,T,T,Win,5,12,,16,7549.729318046619,754.9729318046619,0.6,T,H,Lose,10,7,,16,13784.210867380041,1378.4210867380043,0.4,T,T,Win,7,10,,16,13784.21086738004,1378.421086738004,0.8,H,H,Win,13,4,,16,9227.446944279198,922.7446944279199,0.5,H,H,Win,9,8,,16,7549.729318046619,754.9729318046619,0.6,H,H,Win,10,7,,16,3383.2234175058998,338.32234175059,0.5,H,T,Lose,8,9,,16,9227.4469442792,922.74469442792,0.4,T,T,Win,7,10,,16,9227.446944279198,922.7446944279199,0.5,T,T,Win,9,8,,16,11277.99070967458,1127.799070967458,0.4,T,T,Win,7,10,,16,7549.729318046617,754.9729318046617,0.5,T,T,Win,9,8,,16,5053.95103108906,505.395103108906,0.5,T,H,Lose,8,9,,16,11277.990709674576,1127.7990709674575,0.4,T,H,Lose,7,10,,16,11277.990709674583,1127.7990709674584,0.6,H,T,Lose,11,6,,16,9227.4469442792,922.74469442792,0.4,T,T,Win,7,10,,16,9227.446944279201,922.7446944279202,0.6,H,H,Win,11,6,,16,9227.446944279198,922.7446944279199,0.4,T,T,Win,7,10,,16,4135.050843618321,413.50508436183213,0.5,T,T,Win,9,8,,16,7549.729318046619,754.9729318046619,0.4,T,T,Win,7,10,,16,11277.990709674581,1127.7990709674582,0.5,T,T,Win,8,9,,16,7549.72931804662,754.972931804662,0.6,T,H,Lose,10,7,,16,13784.210867380043,1378.4210867380043,0.7,H,H,Win,12,5,,16,9227.4469442792,922.74469442792,0.5,H,T,Lose,9,8,,16,11277.990709674577,1127.7990709674577,0.4,T,T,Win,6,11,,16,4135.050843618322,413.5050843618322,0.5,H,T,Lose,8,9,,16,6177.0512602199615,617.7051260219962,0.6,H,T,Lose,10,7,,16,7549.729318046619,754.9729318046619,0.5,H,T,Lose,9,8,,16,6177.0512602199615,617.7051260219962,0.5,T,T,Win,9,8,,16,16847.368837908936,1684.7368837908937,0.7,H,T,Lose,12,5,,16,16847.368837908944,1684.7368837908944,0.3,T,T,Win,5,12,,16,5053.951031089058,505.39510310890586,0.6,T,H,Lose,10,7,,16,11277.99070967458,1127.799070967458,0.5,T,H,Lose,8,9,,16,4135.050843618321,413.50508436183213,0.6,T,H,Lose,10,7,,16,5053.95103108906,505.395103108906,0.5,T,T,Win,8,9,,16,6177.05126021996,617.705126021996,0.5,T,T,Win,9,8,,16,11277.990709674577,1127.7990709674577,0.6,H,T,Lose,10,7,,16,9227.446944279198,922.7446944279199,0.5,T,T,Win,9,8,,16,9227.446944279201,922.7446944279202,0.6,H,T,Lose,10,7,,16,9227.446944279198,922.7446944279199,0.5,H,T,Lose,9,8,,16,7549.7293180466195,754.972931804662,0.5,H,H,Win,9,8,,16,7549.729318046619,754.9729318046619,0.5,T,T,Win,9,8,,16,11277.990709674574,1127.7990709674575,0.6,H,T,Lose,10,7,,16,6177.05126021996,617.705126021996,0.5,T,T,Win,8,9,,16,7549.729318046617,754.9729318046617,0.6,T,H,Lose,10,7,,16,13784.210867380041,1378.4210867380043,0.4,T,H,Lose,6,11,,16,11277.990709674581,1127.7990709674582,0.4,T,H,Lose,7,10,,16,6177.05126021996,617.705126021996,0.5,T,T,Win,9,8,,16,7549.729318046617,754.9729318046617,0.5,T,T,Win,8,9,,16,7549.729318046621,754.9729318046622,0.5,H,H,Win,9,8,,16,9227.446944279198,922.7446944279199,0.7,H,H,Win,12,5,,16,11277.990709674577,1127.7990709674577,0.6,H,H,Win,11,6,,16,7549.729318046619,754.9729318046619,0.4,T,T,Win,7,10,,16,4135.050843618323,413.5050843618323,0.5,H,H,Win,9,8,,16,6177.0512602199615,617.7051260219962,0.5,T,H,Lose,9,8,,16,11277.990709674577,1127.7990709674577,0.7,H,H,Win,12,5,,16,11277.990709674577,1127.7990709674577,0.6,H,T,Lose,10,7,,16,25167.0571529257,2516.70571529257,0.2,T,H,Lose,4,13,,16,4135.050843618321,413.50508436183213,0.5,H,H,Win,9,8,,16,9227.446944279198,922.7446944279199,0.6,H,T,Lose,11,6,,16,9227.4469442792,922.74469442792,0.7,H,H,Win,12,5,,16,9227.446944279201,922.7446944279202,0.4,T,T,Win,7,10,,16,9227.446944279198,922.7446944279199,0.5,H,H,Win,9,8,,16,11277.99070967458,1127.799070967458,0.5,T,T,Win,8,9,,16,7549.7293180466195,754.972931804662,0.5,H,T,Lose,9,8,,16,11277.99070967458,1127.799070967458,0.4,T,T,Win,6,11,,16,11277.99070967458,1127.799070967458,0.4,T,T,Win,6,11,,16,9227.4469442792,922.74469442792,0.6,H,H,Win,11,6,,16,13784.210867380043,1378.4210867380043,0.3,T,T,Win,5,12,,16,16847.36883790894,1684.7368837908941,0.3,T,T,Win,5,12,,16,20591.228579666487,2059.122857966649,0.3,T,T,Win,5,12,,16,16847.368837908944,1684.7368837908944,0.8,H,H,Win,13,4,,16,6177.05126021996,617.705126021996,0.6,T,H,Lose,10,7,,16,13784.210867380043,1378.4210867380043,0.6,H,T,Lose,10,7,,16,5053.951031089058,505.39510310890586,0.6,H,T,Lose,10,7,,16,11277.990709674577,1127.7990709674577,0.4,T,H,Lose,7,10,,16,7549.729318046617,754.9729318046617,0.4,T,T,Win,7,10,,16,11277.990709674577,1127.7990709674577,0.4,T,T,Win,6,11,,16,16847.368837908944,1684.7368837908944,0.2,T,T,Win,4,13,,16,9227.4469442792,922.74469442792,0.7,H,H,Win,12,5,,16,9227.446944279201,922.7446944279202,0.7,H,H,Win,12,5,,16,7549.729318046619,754.9729318046619,0.6,H,H,Win,11,6,,16,16847.368837908944,1684.7368837908944,0.3,T,H,Lose,5,12,,16,13784.210867380043,1378.4210867380043,0.4,T,H,Lose,6,11,,16,4135.050843618322,413.5050843618322,0.5,T,T,Win,9,8,,16,9227.4469442792,922.74469442792,0.5,T,H,Lose,9,8,,16,6177.05126021996,617.705126021996,0.5,T,T,Win,8,9,,16,16847.368837908933,1684.7368837908934,0.4,T,H,Lose,7,10,,16,20591.22857966648,2059.122857966648,0.7,H,T,Lose,12,5,,16,9227.4469442792,922.74469442792,0.6,H,T,Lose,10,7,,16,9227.4469442792,922.74469442792,0.4,T,T,Win,7,10,,16,6177.051260219961,617.7051260219961,0.6,H,H,Win,11,6,,16,4135.050843618321,413.50508436183213,0.5,T,H,Lose,8,9,,16,6177.05126021996,617.705126021996,0.5,H,H,Win,9,8,,16,7549.729318046619,754.9729318046619,0.5,T,T,Win,9,8,,16,13784.210867380043,1378.4210867380043,0.3,T,T,Win,5,12,,16,7549.7293180466195,754.972931804662,0.5,H,H,Win,9,8,,16,7549.729318046619,754.9729318046619,0.6,T,H,Lose,10,7,,16,7549.729318046617,754.9729318046617,0.5,H,T,Lose,9,8,,16,11277.990709674576,1127.7990709674575,0.5,H,T,Lose,9,8,,16,20591.22857966648,2059.122857966648,0.8,H,H,Win,13,4,,16,6177.0512602199615,617.7051260219962,0.6,H,H,Win,10,7,,16,9227.446944279201,922.7446944279202,0.7,H,H,Win,12,5,,16,9227.446944279201,922.7446944279202,0.4,T,H,Lose,7,10,,16,4135.050843618321,413.50508436183213,0.5,H,T,Lose,9,8,,16,11277.990709674577,1127.7990709674577,0.6,H,H,Win,11,6,,16,7549.729318046617,754.9729318046617,0.6,H,H,Win,11,6,,16,16847.36883790894,1684.7368837908941,0.2,T,T,Win,4,13,,16,13784.210867380041,1378.4210867380043,0.6,H,T,Lose,11,6,,16,6177.0512602199615,617.7051260219962,0.5,T,T,Win,9,8,,16,11277.990709674577,1127.7990709674577,0.7,H,H,Win,12,5,,16,7549.729318046617,754.9729318046617,0.5,T,T,Win,9,8,,16,7549.729318046619,754.9729318046619,0.6,H,H,Win,11,6,,16,11277.99070967458,1127.799070967458,0.5,T,T,Win,8,9,,16,11277.990709674577,1127.7990709674577,0.7,H,H,Win,12,5,,16,7549.729318046619,754.9729318046619,0.6,H,T,Lose,10,7,,16,7549.729318046619,754.9729318046619,0.6,H,T,Lose,10,7,,16,9227.446944279201,922.7446944279202,0.5,T,T,Win,9,8,,16,6177.05126021996,617.705126021996,0.5,H,T,Lose,9,8,,16,11277.990709674581,1127.7990709674582,0.5,T,H,Lose,9,8,,16,20591.228579666484,2059.1228579666486,0.3,T,T,Win,5,12,,16,16847.368837908936,1684.7368837908937,0.6,H,T,Lose,11,6,,16,6177.0512602199615,617.7051260219962,0.5,H,T,Lose,8,9,,16,7549.729318046619,754.9729318046619,0.5,H,T,Lose,9,8,,16,6177.05126021996,617.705126021996,0.6,H,T,Lose,10,7,,16,9227.446944279201,922.7446944279202,0.6,H,H,Win,11,6,,16,7549.729318046619,754.9729318046619,0.4,T,H,Lose,7,10,,16,5053.951031089058,505.39510310890586,0.5,H,T,Lose,9,8,,16,7549.729318046619,754.9729318046619,0.5,H,T,Lose,8,9,,16,11277.99070967458,1127.799070967458,0.4,T,H,Lose,7,10,,16,7549.729318046617,754.9729318046617,0.5,T,H,Lose,8,9,,16,13784.210867380043,1378.4210867380043,0.4,T,H,Lose,6,11,,16,9227.4469442792,922.74469442792,0.5,T,T,Win,9,8,,16,13784.210867380041,1378.4210867380043,0.4,T,H,Lose,6,11,,16,9227.4469442792,922.74469442792,0.4,T,H,Lose,7,10,,16,6177.0512602199615,617.7051260219962,0.5,T,H,Lose,9,8,,16,9227.4469442792,922.74469442792,0.6,H,H,Win,11,6,,16,9227.446944279198,922.7446944279199,0.4,T,T,Win,7,10,,16,6177.05126021996,617.705126021996,0.5,H,T,Lose,8,9,,16,13784.210867380041,1378.4210867380043,0.3,T,T,Win,5,12,,16,11277.99070967458,1127.799070967458,0.6,H,H,Win,11,6,,16,7549.729318046619,754.9729318046619,0.5,H,T,Lose,8,9,,16,16847.368837908944,1684.7368837908944,0.5,H,T,Lose,8,9,,16,13784.210867380043,1378.4210867380043,0.6,H,T,Lose,10,7,,16,5053.95103108906,505.395103108906,0.5,T,T,Win,8,9,,16,7549.72931804662,754.972931804662,0.4,T,T,Win,6,11,,16,9227.446944279201,922.7446944279202,0.3,T,T,Win,5,12,,16,11277.99070967458,1127.799070967458,0.4,T,H,Lose,7,10,,16,6177.05126021996,617.705126021996,0.5,T,T,Win,9,8,,16,20591.22857966648,2059.122857966648,0.8,H,H,Win,13,4,,16,9227.4469442792,922.74469442792,0.4,T,T,Win,6,11,,16,9227.446944279203,922.7446944279204,0.6,H,T,Lose,10,7,,16,9227.4469442792,922.74469442792,0.5,T,H,Lose,8,9,,16,5053.951031089058,505.39510310890586,0.5,T,T,Win,9,8,,16,9227.446944279198,922.7446944279199,0.4,T,T,Win,7,10,,16,13784.210867380043,1378.4210867380043,0.3,T,T,Win,5,12,,16,11277.99070967458,1127.799070967458,0.4,T,T,Win,6,11,,16,9227.4469442792,922.74469442792,0.5,T,H,Lose,8,9,,16,6177.0512602199615,617.7051260219962,0.6,T,H,Lose,10,7,,16,13784.210867380041,1378.4210867380043,0.4,T,T,Win,7,10,,16,6177.051260219959,617.705126021996,0.5,H,T,Lose,9,8,,16,9227.4469442792,922.74469442792,0.6,H,H,Win,10,7,,16,11277.99070967458,1127.799070967458,0.4,T,H,Lose,6,11,,16,5053.951031089059,505.3951031089059,0.6,H,H,Win,10,7,,16,11277.990709674577,1127.7990709674577,0.5,H,T,Lose,8,9,,16,9227.446944279198,922.7446944279199,0.6,T,H,Lose,10,7,,16,3383.2234175058993,338.32234175058994,0.5,T,H,Lose,9,8,,16,7549.729318046617,754.9729318046617,0.6,H,H,Win,11,6,,16,11277.990709674581,1127.7990709674582,0.4,T,T,Win,6,11,,16,9227.4469442792,922.74469442792,0.5,T,H,Lose,8,9,,16,16847.36883790894,1684.7368837908941,0.2,T,T,Win,4,13,,16,9227.446944279201,922.7446944279202,0.4,T,H,Lose,7,10,,16,20591.228579666484,2059.1228579666486,0.2,T,H,Lose,4,13,,16,16847.368837908944,1684.7368837908944,0.2,T,T,Win,4,13,,16,7549.729318046617,754.9729318046617,0.5,T,T,Win,8,9,,16,16847.368837908944,1684.7368837908944,0.7,H,T,Lose,12,5,,16,13784.210867380043,1378.4210867380043,0.3,T,T,Win,5,12,,16,9227.4469442792,922.74469442792,0.5,T,T,Win,8,9,,16,4135.050843618322,413.5050843618322,0.5,T,H,Lose,9,8,,16,7549.729318046619,754.9729318046619,0.5,T,H,Lose,8,9,,16,13784.210867380043,1378.4210867380043,0.3,T,T,Win,5,12,,16,6177.0512602199615,617.7051260219962,0.6,T,H,Lose,10,7,,16,11277.99070967458,1127.799070967458,0.6,T,H,Lose,10,7,,16,5053.951031089058,505.39510310890586,0.5,H,H,Win,9,8,,16,7549.7293180466195,754.972931804662,0.5,T,H,Lose,9,8,,16,5053.951031089058,505.39510310890586,0.5,H,T,Lose,9,8,,16,9227.4469442792,922.74469442792,0.5,T,T,Win,8,9,,16,30759.736520242524,3075.9736520242527,0.9,H,H,Win,15,2,,16,9227.446944279198,922.7446944279199,0.4,T,T,Win,7,10,,16,7549.729318046619,754.9729318046619,0.5,T,H,Lose,9,8,,16,11277.990709674581,1127.7990709674582,0.4,T,T,Win,6,11,,16,7549.729318046617,754.9729318046617,0.6,H,H,Win,10,7,,16,13784.210867380041,1378.4210867380043,0.8,H,H,Win,13,4,,16,6177.051260219961,617.7051260219961,0.5,T,H,Lose,9,8,,16,11277.99070967458,1127.799070967458,0.4,T,T,Win,6,11,,16,13784.210867380036,1378.4210867380036,0.7,H,H,Win,12,5,,16,11277.99070967458,1127.799070967458,0.4,T,H,Lose,7,10,,16,13784.210867380043,1378.4210867380043,0.7,H,T,Lose,12,5,,16,6177.0512602199615,617.7051260219962,0.5,H,T,Lose,9,8,,16,5053.95103108906,505.395103108906,0.5,H,T,Lose,9,8,,16,16847.36883790894,1684.7368837908941,0.5,T,H,Lose,8,9,,16,5053.951031089059,505.3951031089059,0.6,H,H,Win,10,7,,16,9227.4469442792,922.74469442792,0.5,T,T,Win,8,9,,16,11277.990709674577,1127.7990709674577,0.8,H,H,Win,13,4,,16,16847.36883790894,1684.7368837908941,0.3,T,H,Lose,5,12,,16,13784.210867380041,1378.4210867380043,0.4,T,T,Win,6,11,,16,13784.210867380041,1378.4210867380043,0.4,T,H,Lose,6,11,,16,6177.051260219959,617.705126021996,0.6,T,H,Lose,10,7,,16,11277.99070967458,1127.799070967458,0.4,T,T,Win,6,11,,16,3383.2234175058993,338.32234175058994,0.5,T,T,Win,8,9,,16,20591.228579666487,2059.122857966649,0.2,T,T,Win,3,14,,16,5053.951031089058,505.39510310890586,0.5,H,H,Win,9,8,,16,9227.446944279201,922.7446944279202,0.5,T,H,Lose,8,9,,16,13784.210867380041,1378.4210867380043,0.4,T,H,Lose,6,11,,16,9227.4469442792,922.74469442792,0.5,T,H,Lose,8,9,,16,6177.0512602199615,617.7051260219962,0.5,H,H,Win,9,8,,16,7549.729318046617,754.9729318046617,0.6,H,T,Lose,10,7,,16,5053.951031089059,505.3951031089059,0.5,H,T,Lose,9,8,,16,25167.0571529257,2516.70571529257,0.8,H,T,Lose,13,4,,16,7549.7293180466195,754.972931804662,0.4,T,T,Win,7,10,,16,9227.446944279201,922.7446944279202,0.4,T,T,Win,6,11,,16,7549.729318046617,754.9729318046617,0.5,H,T,Lose,9,8,,16,16847.368837908933,1684.7368837908934,0.2,T,T,Win,4,13,,16,16847.368837908944,1684.7368837908944,0.2,T,T,Win,4,13,,16,7549.729318046619,754.9729318046619,0.5,H,H,Win,9,8,,16,9227.446944279198,922.7446944279199,0.5,T,H,Lose,9,8,,16,7549.729318046619,754.9729318046619,0.6,T,H,Lose,10,7,,16,11277.990709674577,1127.7990709674577,0.6,H,T,Lose,10,7,,16,4135.050843618322,413.5050843618322,0.6,H,H,Win,10,7,,16,7549.729318046621,754.9729318046622,0.6,H,H,Win,11,6,,16,9227.446944279203,922.7446944279204,0.4,T,T,Win,7,10,,16,16847.368837908944,1684.7368837908944,0.3,T,H,Lose,5,12,,16,11277.990709674576,1127.7990709674575,0.7,H,H,Win,12,5,,16,9227.4469442792,922.74469442792,0.6,H,T,Lose,10,7,,16,13784.210867380043,1378.4210867380043,0.6,H,T,Lose,11,6,,16,13784.210867380036,1378.4210867380036,0.4,T,H,Lose,6,11,,16,5053.951031089058,505.39510310890586,0.6,H,H,Win,11,6,,16,13784.210867380043,1378.4210867380043,0.4,T,H,Lose,6,11,,16,13784.21086738004,1378.421086738004,0.5,T,H,Lose,8,9,,16,7549.729318046617,754.9729318046617,0.5,H,H,Win,9,8,,16,9227.446944279198,922.7446944279199,0.7,H,H,Win,12,5,,16,6177.0512602199615,617.7051260219962,0.5,T,H,Lose,8,9,,16,11277.990709674577,1127.7990709674577,0.5,T,T,Win,8,9,,16,9227.4469442792,922.74469442792,0.4,T,T,Win,7,10,,16,5053.951031089059,505.3951031089059,0.6,H,T,Lose,10,7,,16,11277.99070967458,1127.799070967458,0.6,H,T,Lose,10,7,,16,13784.210867380041,1378.4210867380043,0.4,T,H,Lose,6,11,,16,9227.446944279201,922.7446944279202,0.5,T,H,Lose,8,9,,16,9227.446944279201,922.7446944279202,0.6,H,H,Win,11,6,,16,7549.7293180466195,754.972931804662,0.6,H,H,Win,10,7,,16,16847.368837908944,1684.7368837908944,0.6,H,T,Lose,11,6,,16,9227.446944279198,922.7446944279199,0.5,T,T,Win,8,9,,16,9227.4469442792,922.74469442792,0.5,T,H,Lose,8,9,,16,11277.990709674577,1127.7990709674577,0.4,T,T,Win,6,11,,16,13784.210867380041,1378.4210867380043,0.7,H,H,Win,12,5,,16,11277.99070967458,1127.799070967458,0.4,T,T,Win,7,10,,16,4135.050843618322,413.5050843618322,0.5,T,T,Win,9,8,,16,7549.729318046619,754.9729318046619,0.5,T,H,Lose,8,9,,16,13784.210867380043,1378.4210867380043,0.3,T,T,Win,5,12,,16,7549.729318046617,754.9729318046617,0.5,H,T,Lose,8,9,,16,13784.210867380043,1378.4210867380043,0.4,T,H,Lose,6,11,,16,5053.951031089057,505.39510310890574,0.6,T,H,Lose,10,7,,16,7549.729318046619,754.9729318046619,0.5,T,H,Lose,8,9,,16,16847.368837908944,1684.7368837908944,0.8,H,H,Win,13,4,,16,16847.36883790894,1684.7368837908941,0.6,H,T,Lose,11,6,,16,11277.990709674581,1127.7990709674582,0.5,H,H,Win,9,8,,16,4135.050843618322,413.5050843618322,0.6,H,H,Win,10,7,,16,7549.729318046619,754.9729318046619,0.5,T,H,Lose,8,9,,16,13784.210867380043,1378.4210867380043,0.8,H,H,Win,13,4,,16,7549.729318046621,754.9729318046622,0.6,H,T,Lose,10,7,,16,11277.99070967458,1127.799070967458,0.4,T,H,Lose,7,10,,16,11277.990709674576,1127.7990709674575,0.4,T,T,Win,6,11,,16,7549.729318046619,754.9729318046619,0.5,H,T,Lose,8,9,,16,5053.951031089058,505.39510310890586,0.5,T,T,Win,9,8,,16,11277.990709674581,1127.7990709674582,0.4,T,H,Lose,7,10,,16,9227.4469442792,922.74469442792,0.6,H,H,Win,11,6,,16,6177.05126021996,617.705126021996,0.5,T,T,Win,8,9,,16,7549.729318046619,754.9729318046619,0.6,H,H,Win,11,6,,16,9227.446944279201,922.7446944279202,0.4,T,T,Win,7,10,,16,6177.05126021996,617.705126021996,0.4,T,H,Lose,7,10,,16,9227.4469442792,922.74469442792,0.4,T,T,Win,7,10,,16,9227.4469442792,922.74469442792,0.4,T,T,Win,7,10,,16,7549.729318046619,754.9729318046619,0.5,T,T,Win,8,9,,16,11277.99070967458,1127.799070967458,0.6,H,T,Lose,11,6,,16,13784.210867380043,1378.4210867380043,0.6,H,T,Lose,11,6,,16,7549.729318046621,754.9729318046622,0.5,T,T,Win,8,9,,16,9227.446944279198,922.7446944279199,0.5,T,H,Lose,8,9,,16,7549.729318046619,754.9729318046619,0.5,T,H,Lose,9,8,,16,6177.05126021996,617.705126021996,0.6,H,H,Win,10,7,,16,11277.99070967458,1127.799070967458,0.6,H,T,Lose,11,6,,16,9227.446944279201,922.7446944279202,0.6,H,T,Lose,11,6,,16,6177.051260219962,617.7051260219963,0.6,T,H,Lose,10,7,,16,16847.368837908933,1684.7368837908934,0.3,T,H,Lose,5,12,,16,9227.446944279201,922.7446944279202,0.5,H,T,Lose,9,8,,16,7549.729318046619,754.9729318046619,0.5,T,T,Win,8,9,,16,9227.4469442792,922.74469442792,0.5,H,H,Win,9,8,,16,6177.0512602199615,617.7051260219962,0.4,T,T,Win,7,10,,16,7549.729318046617,754.9729318046617,0.6,H,T,Lose,10,7,,16,7549.729318046619,754.9729318046619,0.5,H,T,Lose,8,9,,16,7549.72931804662,754.972931804662,0.5,H,T,Lose,9,8,,16,11277.99070967458,1127.799070967458,0.4,T,T,Win,7,10,,16,7549.72931804662,754.972931804662,0.6,H,T,Lose,10,7,,16,4135.050843618322,413.5050843618322,0.5,H,H,Win,9,8,,16,9227.446944279201,922.7446944279202,0.6,H,T,Lose,10,7,,16,6177.05126021996,617.705126021996,0.4,T,T,Win,7,10,,16,6177.05126021996,617.705126021996,0.4,T,T,Win,7,10,,16,7549.729318046619,754.9729318046619,0.5,T,H,Lose,9,8,,16,16847.36883790894,1684.7368837908941,0.8,H,H,Win,14,3,,16,5053.951031089058,505.39510310890586,0.5,H,T,Lose,8,9,,16,11277.990709674577,1127.7990709674577,0.4,T,H,Lose,7,10,,16,20591.22857966648,2059.122857966648,0.8,H,H,Win,13,4,,16,11277.990709674577,1127.7990709674577,0.4,T,T,Win,6,11,,16,6177.05126021996,617.705126021996,0.6,H,T,Lose,10,7,,16,5053.95103108906,505.395103108906,0.6,T,H,Lose,10,7,,16,9227.4469442792,922.74469442792,0.6,H,T,Lose,10,7,,16,9227.4469442792,922.74469442792,0.5,T,T,Win,9,8,,16,9227.446944279201,922.7446944279202,0.5,T,H,Lose,8,9,,16,7549.729318046617,754.9729318046617,0.5,T,H,Lose,8,9,,16,9227.446944279201,922.7446944279202,0.6,H,H,Win,11,6,,16,7549.729318046619,754.9729318046619,0.5,T,T,Win,8,9,,16,11277.99070967458,1127.799070967458,0.4,T,H,Lose,7,10,,16,6177.05126021996,617.705126021996,0.6,H,H,Win,10,7,,16,7549.729318046617,754.9729318046617,0.5,T,T,Win,8,9,,16,20591.22857966648,2059.122857966648,0.7,H,T,Lose,12,5,,16,13784.210867380043,1378.4210867380043,0.4,T,T,Win,6,11,,16,5053.951031089059,505.3951031089059,0.5,T,H,Lose,9,8,,16,9227.4469442792,922.74469442792,0.5,T,H,Lose,8,9,,16,11277.99070967458,1127.799070967458,0.5,T,H,Lose,8,9,,16,5053.951031089058,505.39510310890586,0.6,H,T,Lose,10,7,,16,7549.7293180466195,754.972931804662,0.5,H,T,Lose,9,8,,16,7549.7293180466195,754.972931804662,0.6,T,H,Lose,10,7,,16,6177.051260219961,617.7051260219961,0.6,H,T,Lose,10,7,,16,11277.99070967458,1127.799070967458,0.6,H,T,Lose,10,7,,16,7549.729318046617,754.9729318046617,0.5,H,H,Win,9,8,,16,11277.990709674577,1127.7990709674577,0.5,T,H,Lose,8,9,,16,9227.4469442792,922.74469442792,0.6,H,H,Win,11,6,,16,7549.729318046617,754.9729318046617,0.5,T,T,Win,8,9,,16,9227.446944279198,922.7446944279199,0.6,H,H,Win,11,6,,16,9227.446944279198,922.7446944279199,0.6,H,T,Lose,10,7,,16,9227.4469442792,922.74469442792,0.7,H,H,Win,12,5,,16,5053.951031089057,505.39510310890574,0.5,T,T,Win,8,9,,16,9227.4469442792,922.74469442792,0.5,H,T,Lose,9,8,,16,16847.36883790894,1684.7368837908941,0.3,T,T,Win,5,12,,16,5053.95103108906,505.395103108906,0.5,H,H,Win,9,8,,16,16847.368837908944,1684.7368837908944,0.2,T,T,Win,4,13,,16,11277.990709674581,1127.7990709674582,0.5,T,T,Win,9,8,,16,11277.99070967458,1127.799070967458,0.4,T,T,Win,6,11,,16,5053.951031089058,505.39510310890586,0.5,H,T,Lose,8,9,,16,9227.446944279201,922.7446944279202,0.5,T,H,Lose,8,9,,16,11277.99070967458,1127.799070967458,0.3,T,T,Win,5,12,,16,11277.99070967458,1127.799070967458,0.4,T,T,Win,6,11,,16,6177.0512602199615,617.7051260219962,0.6,T,H,Lose,10,7,,16,6177.05126021996,617.705126021996,0.5,H,T,Lose,9,8,,16,16847.368837908944,1684.7368837908944,0.4,T,T,Win,6,11,,16,9227.4469442792,922.74469442792,0.5,T,H,Lose,8,9,,16,11277.990709674576,1127.7990709674575,0.6,H,T,Lose,11,6,,16,11277.990709674577,1127.7990709674577,0.4,T,T,Win,7,10,,16,16847.368837908944,1684.7368837908944,0.2,T,T,Win,4,13,,16,13784.210867380041,1378.4210867380043,0.4,T,H,Lose,6,11,,16,11277.990709674577,1127.7990709674577,0.5,T,H,Lose,8,9,,16,6177.05126021996,617.705126021996,0.5,T,T,Win,9,8,,16,11277.990709674581,1127.7990709674582,0.8,H,H,Win,13,4,,16,9227.446944279201,922.7446944279202,0.4,T,T,Win,6,11,,16,16847.368837908944,1684.7368837908944,0.7,H,T,Lose,12,5,,16,9227.4469442792,922.74469442792,0.4,T,T,Win,7,10,,16,7549.7293180466195,754.972931804662,0.6,T,H,Lose,10,7,,16,13784.210867380041,1378.4210867380043,0.5,H,T,Lose,9,8,,16,13784.210867380043,1378.4210867380043,0.7,H,H,Win,12,5,,16,6177.05126021996,617.705126021996,0.5,H,H,Win,9,8,,16,6177.05126021996,617.705126021996,0.6,T,H,Lose,10,7,,16,7549.7293180466195,754.972931804662,0.5,H,H,Win,9,8,,16,16847.36883790894,1684.7368837908941,0.8,H,H,Win,13,4,,16,7549.729318046619,754.9729318046619,0.5,H,H,Win,9,8,,16,6177.05126021996,617.705126021996,0.6,H,H,Win,10,7,,16,11277.990709674581,1127.7990709674582,0.4,T,H,Lose,7,10,,16,9227.446944279198,922.7446944279199,0.4,T,H,Lose,7,10,,16,11277.990709674577,1127.7990709674577,0.7,H,T,Lose,12,5,,16,6177.0512602199615,617.7051260219962,0.6,H,H,Win,11,6,,16,7549.7293180466195,754.972931804662,0.5,H,H,Win,9,8,,16,13784.210867380041,1378.4210867380043,0.4,T,H,Lose,6,11,,16,13784.21086738004,1378.421086738004,0.6,H,H,Win,11,6,,16,13784.210867380043,1378.4210867380043,0.4,T,H,Lose,7,10,,16,5053.951031089058,505.39510310890586,0.6,H,H,Win,10,7,,16,7549.7293180466195,754.972931804662,0.5,H,T,Lose,9,8,,16,5053.951031089059,505.3951031089059,0.5,T,H,Lose,9,8,,16,13784.21086738004,1378.421086738004,0.5,T,H,Lose,8,9,,16,16847.368837908944,1684.7368837908944,0.7,H,H,Win,12,5,,16,25167.057152925703,2516.7057152925704,0.2,T,H,Lose,4,13,,16,7549.729318046617,754.9729318046617,0.4,T,T,Win,7,10,,16,16847.36883790894,1684.7368837908941,0.4,T,H,Lose,7,10,,16,6177.0512602199615,617.7051260219962,0.4,T,H,Lose,7,10,,16,7549.729318046617,754.9729318046617,0.4,T,T,Win,7,10,,16,13784.210867380043,1378.4210867380043,0.5,T,H,Lose,9,8,,16,16847.36883790894,1684.7368837908941,0.2,T,T,Win,4,13,,16,13784.210867380043,1378.4210867380043,0.3,T,T,Win,5,12,,16,5053.951031089058,505.39510310890586,0.5,T,H,Lose,9,8,,16,13784.210867380043,1378.4210867380043,0.6,H,H,Win,11,6,,16,16847.368837908944,1684.7368837908944,0.4,T,H,Lose,7,10,,16,11277.990709674577,1127.7990709674577,0.6,H,T,Lose,10,7,,16,9227.446944279198,922.7446944279199,0.6,H,H,Win,10,7,,16,9227.446944279201,922.7446944279202,0.5,H,T,Lose,9,8,,16,3383.2234175058984,338.3223417505899,0.5,H,H,Win,9,8,,16,9227.4469442792,922.74469442792,0.4,T,T,Win,7,10,,16,6177.05126021996,617.705126021996,0.6,T,H,Lose,10,7,,16,4135.050843618322,413.5050843618322,0.5,H,T,Lose,9,8,,16,11277.990709674577,1127.7990709674577,0.4,T,T,Win,6,11,,16,9227.4469442792,922.74469442792,0.4,T,T,Win,7,10,,16,25167.0571529257,2516.70571529257,0.8,H,T,Lose,14,3,,16,6177.05126021996,617.705126021996,0.5,T,H,Lose,9,8,,16,6177.051260219961,617.7051260219961,0.5,T,H,Lose,8,9,,16,11277.99070967458,1127.799070967458,0.4,T,H,Lose,7,10,,16,25167.0571529257,2516.70571529257,0.2,T,T,Win,4,13,,16,7549.729318046619,754.9729318046619,0.5,T,H,Lose,8,9,,16,11277.990709674577,1127.7990709674577,0.4,T,T,Win,6,11,,16,11277.990709674577,1127.7990709674577,0.6,H,T,Lose,10,7,,16,11277.99070967458,1127.799070967458,0.4,T,T,Win,6,11,,16,11277.990709674581,1127.7990709674582,0.4,T,T,Win,7,10,,16,9227.4469442792,922.74469442792,0.6,H,H,Win,11,6,,16,3383.2234175058993,338.32234175058994,0.4,T,T,Win,7,10,,16,9227.4469442792,922.74469442792,0.5,H,H,Win,9,8,,16,11277.990709674577,1127.7990709674577,0.4,T,H,Lose,7,10,,16,13784.210867380045,1378.4210867380045,0.8,H,H,Win,13,4,,16,9227.446944279198,922.7446944279199,0.5,H,T,Lose,8,9,,16,9227.446944279201,922.7446944279202,0.6,H,H,Win,11,6,,16,16847.368837908933,1684.7368837908934,0.8,H,H,Win,13,4,,16,11277.99070967458,1127.799070967458,0.4,T,T,Win,6,11,,16,7549.729318046619,754.9729318046619,0.5,T,T,Win,8,9,,16,11277.990709674581,1127.7990709674582,0.4,T,T,Win,6,11,,16,6177.05126021996,617.705126021996,0.4,T,T,Win,7,10,,16,9227.4469442792,922.74469442792,0.7,H,H,Win,12,5,,16,11277.990709674577,1127.7990709674577,0.4,T,H,Lose,7,10,,16,5053.951031089059,505.3951031089059,0.4,T,T,Win,7,10,,16,20591.228579666487,2059.122857966649,0.4,T,H,Lose,6,11,,16,5053.951031089058,505.39510310890586,0.6,H,T,Lose,11,6,,16,7549.72931804662,754.972931804662,0.5,T,H,Lose,8,9,,16,9227.446944279198,922.7446944279199,0.5,H,H,Win,9,8,,16,11277.990709674577,1127.7990709674577,0.4,T,T,Win,7,10,,16,11277.990709674581,1127.7990709674582,0.6,H,T,Lose,10,7,,16,9227.446944279198,922.7446944279199,0.7,H,H,Win,12,5,,16,11277.990709674577,1127.7990709674577,0.4,T,T,Win,6,11,,16,6177.0512602199615,617.7051260219962,0.5,T,T,Win,9,8,,16,6177.05126021996,617.705126021996,0.5,T,H,Lose,9,8,,16,11277.990709674577,1127.7990709674577,0.7,H,H,Win,12,5,,16,9227.4469442792,922.74469442792,0.5,H,T,Lose,9,8,,16,6177.0512602199615,617.7051260219962,0.5,T,T,Win,9,8,,16,6177.05126021996,617.705126021996,0.6,T,H,Lose,10,7,,16,13784.210867380041,1378.4210867380043,0.4,T,T,Win,6,11,,16,6177.0512602199615,617.7051260219962,0.6,H,H,Win,11,6,,16,6177.0512602199615,617.7051260219962,0.6,H,H,Win,10,7,,16,16847.36883790894,1684.7368837908941,0.6,H,T,Lose,11,6,,16,9227.4469442792,922.74469442792,0.6,T,H,Lose,10,7,,16,9227.4469442792,922.74469442792,0.4,T,T,Win,7,10,,16,9227.446944279201,922.7446944279202,0.5,T,T,Win,9,8,,16,6177.05126021996,617.705126021996,0.5,H,T,Lose,8,9,,16,13784.210867380043,1378.4210867380043,0.3,T,T,Win,5,12,,16,11277.99070967458,1127.799070967458,0.4,T,T,Win,6,11,,16,9227.446944279198,922.7446944279199,0.6,H,T,Lose,11,6,,16,11277.990709674577,1127.7990709674577,0.6,H,H,Win,10,7,,16,7549.729318046621,754.9729318046622,0.6,H,T,Lose,10,7,,16,11277.99070967458,1127.799070967458,0.4,T,H,Lose,7,10,,16,16847.36883790894,1684.7368837908941,0.8,H,H,Win,14,3,,16,13784.21086738004,1378.421086738004,0.6,H,H,Win,11,6,,16,9227.4469442792,922.74469442792,0.4,T,T,Win,6,11,,16,9227.446944279198,922.7446944279199,0.5,T,H,Lose,8,9,,16,20591.228579666484,2059.1228579666486,0.7,H,T,Lose,12,5,,16,5053.951031089058,505.39510310890586,0.5,T,H,Lose,9,8,,16,16847.368837908944,1684.7368837908944,0.7,H,T,Lose,12,5,,16,5053.951031089059,505.3951031089059,0.5,H,T,Lose,9,8,,16,7549.729318046619,754.9729318046619,0.5,T,H,Lose,9,8,,16,20591.228579666487,2059.122857966649,0.7,H,T,Lose,12,5,,16,13784.210867380043,1378.4210867380043,0.3,T,T,Win,5,12,,16,20591.228579666476,2059.1228579666476,0.2,T,H,Lose,4,13,,16,16847.368837908933,1684.7368837908934,0.4,T,T,Win,6,11,,16,5053.951031089057,505.39510310890574,0.5,T,H,Lose,9,8,,16,6177.0512602199615,617.7051260219962,0.4,T,T,Win,7,10,,16,16847.36883790894,1684.7368837908941,0.3,T,H,Lose,5,12,,16,11277.990709674581,1127.7990709674582,0.5,T,H,Lose,8,9,,16,7549.729318046619,754.9729318046619,0.6,H,T,Lose,10,7,,16,9227.446944279198,922.7446944279199,0.5,T,T,Win,8,9,,16,6177.05126021996,617.705126021996,0.5,H,T,Lose,9,8,,16,7549.729318046619,754.9729318046619,0.6,H,H,Win,11,6,,16,4135.050843618322,413.5050843618322,0.5,H,H,Win,9,8,,16,7549.729318046619,754.9729318046619,0.6,H,H,Win,11,6,,16,5053.951031089058,505.39510310890586,0.5,T,H,Lose,8,9,,16,11277.990709674581,1127.7990709674582,0.4,T,H,Lose,7,10,,16,11277.990709674577,1127.7990709674577,0.4,T,T,Win,7,10,,16,20591.228579666487,2059.122857966649,0.3,T,T,Win,5,12,,16,13784.210867380043,1378.4210867380043,0.3,T,T,Win,5,12,,16,4135.050843618322,413.5050843618322,0.5,T,H,Lose,9,8,,16,11277.990709674577,1127.7990709674577,0.5,T,T,Win,8,9,,16,7549.7293180466195,754.972931804662,0.5,T,T,Win,8,9,,16,9227.446944279201,922.7446944279202,0.7,H,H,Win,12,5,,16,13784.210867380043,1378.4210867380043,0.7,H,H,Win,12,5,,16,9227.4469442792,922.74469442792,0.6,T,H,Lose,10,7,,16,13784.210867380043,1378.4210867380043,0.4,T,H,Lose,6,11,,16,11277.990709674577,1127.7990709674577,0.7,H,H,Win,12,5,,16,6177.05126021996,617.705126021996,0.5,H,H,Win,9,8,,16,7549.729318046619,754.9729318046619,0.5,T,H,Lose,8,9,,16,11277.990709674577,1127.7990709674577,0.4,T,H,Lose,6,11,,16,11277.990709674577,1127.7990709674577,0.4,T,H,Lose,7,10,,16,13784.210867380041,1378.4210867380043,0.3,T,T,Win,5,12,,16,20591.22857966648,2059.122857966648,0.3,T,H,Lose,5,12,,16,9227.446944279201,922.7446944279202,0.5,T,H,Lose,8,9,,16,9227.446944279198,922.7446944279199,0.5,T,H,Lose,8,9,,16,25167.057152925707,2516.705715292571,0.2,T,H,Lose,3,14,,16,7549.729318046619,754.9729318046619,0.6,H,H,Win,10,7,,16,9227.4469442792,922.74469442792,0.4,T,H,Lose,7,10,,16,16847.36883790894,1684.7368837908941,0.4,T,H,Lose,6,11,,16,6177.0512602199615,617.7051260219962,0.5,H,T,Lose,8,9,,16,9227.4469442792,922.74469442792,0.5,T,H,Lose,8,9,,16,6177.051260219959,617.705126021996,0.5,T,H,Lose,9,8,,16,11277.990709674577,1127.7990709674577,0.4,T,T,Win,7,10,,16,7549.729318046619,754.9729318046619,0.5,T,T,Win,9,8,,16,13784.210867380043,1378.4210867380043,0.4,T,H,Lose,6,11,,16,5053.95103108906,505.395103108906,0.6,T,H,Lose,10,7,,16,9227.446944279198,922.7446944279199,0.4,T,T,Win,7,10,,16,11277.990709674577,1127.7990709674577,0.4,T,H,Lose,7,10,,16,3383.223417505898,338.3223417505898,0.5,H,T,Lose,9,8,,16,7549.729318046619,754.9729318046619,0.6,H,H,Win,10,7,,16,11277.990709674576,1127.7990709674575,0.6,H,T,Lose,10,7,,16,11277.990709674576,1127.7990709674575,0.4,T,T,Win,6,11,,16,5053.95103108906,505.395103108906,0.5,H,T,Lose,9,8,,16,9227.4469442792,922.74469442792,0.5,T,T,Win,9,8,,16,7549.7293180466195,754.972931804662,0.5,H,H,Win,9,8,,16,13784.210867380041,1378.4210867380043,0.4,T,T,Win,6,11,,16,6177.0512602199615,617.7051260219962,0.4,T,T,Win,7,10,,16,7549.729318046619,754.9729318046619,0.5,H,T,Lose,8,9,,16,4135.050843618321,413.50508436183213,0.5,T,T,Win,8,9,,16,13784.210867380041,1378.4210867380043,0.6,H,H,Win,11,6,,16,9227.4469442792,922.74469442792,0.5,H,T,Lose,9,8,,16,16847.368837908936,1684.7368837908937,0.7,H,H,Win,12,5,,16,6177.0512602199615,617.7051260219962,0.6,T,H,Lose,10,7,,16,20591.22857966648,2059.122857966648,0.3,T,T,Win,5,12,,16,6177.0512602199615,617.7051260219962,0.6,H,H,Win,10,7,,16,6177.0512602199615,617.7051260219962,0.4,T,T,Win,7,10,,16,9227.446944279201,922.7446944279202,0.6,H,H,Win,11,6,,16,11277.99070967458,1127.799070967458,0.4,T,T,Win,7,10,,16,6177.05126021996,617.705126021996,0.5,T,H,Lose,9,8,,16,9227.446944279201,922.7446944279202,0.6,H,H,Win,11,6,,16,9227.4469442792,922.74469442792,0.5,T,T,Win,9,8,,16,6177.05126021996,617.705126021996,0.5,T,H,Lose,9,8,,16,11277.99070967458,1127.799070967458,0.6,H,H,Win,10,7,,16,7549.729318046619,754.9729318046619,0.5,T,H,Lose,8,9,,16,13784.210867380043,1378.4210867380043,0.7,H,H,Win,12,5,,16,13784.210867380043,1378.4210867380043,0.4,T,H,Lose,7,10,,16,13784.210867380038,1378.4210867380039,0.6,H,T,Lose,10,7,,16,7549.7293180466195,754.972931804662,0.5,T,H,Lose,8,9,,16,7549.729318046619,754.9729318046619,0.6,T,H,Lose,10,7,,16,11277.990709674581,1127.7990709674582,0.4,T,H,Lose,7,10,,16,20591.228579666484,2059.1228579666486,0.7,H,T,Lose,12,5,,16,9227.4469442792,922.74469442792,0.6,H,H,Win,10,7,,16,16847.368837908936,1684.7368837908937,0.2,T,T,Win,4,13,,16,9227.446944279201,922.7446944279202,0.6,H,H,Win,10,7,,16,11277.99070967458,1127.799070967458,0.4,T,T,Win,6,11,,16,13784.210867380043,1378.4210867380043,0.4,T,H,Lose,6,11,,16,6177.0512602199615,617.7051260219962,0.5,T,T,Win,9,8,,16,20591.22857966648,2059.122857966648,0.4,T,H,Lose,6,11,,16,6177.05126021996,617.705126021996,0.5,T,T,Win,9,8,,16,9227.446944279198,922.7446944279199,0.5,H,T,Lose,8,9,,16,16847.36883790894,1684.7368837908941,0.2,T,T,Win,4,13,,16,6177.05126021996,617.705126021996,0.5,T,T,Win,8,9,,16,6177.05126021996,617.705126021996,0.4,T,T,Win,7,10,,16,5053.951031089059,505.3951031089059,0.6,H,H,Win,10,7,,16,9227.4469442792,922.74469442792,0.5,T,H,Lose,8,9,,16,6177.0512602199615,617.7051260219962,0.5,T,T,Win,8,9,,16,11277.990709674581,1127.7990709674582,0.6,H,H,Win,11,6,,16,9227.4469442792,922.74469442792,0.5,T,T,Win,8,9,,16,5053.951031089059,505.3951031089059,0.4,T,T,Win,7,10,,16,13784.210867380043,1378.4210867380043,0.6,H,T,Lose,11,6,,16,11277.99070967458,1127.799070967458,0.6,H,T,Lose,10,7,,16,5053.951031089059,505.3951031089059,0.6,H,T,Lose,10,7,,16,9227.4469442792,922.74469442792,0.6,H,H,Win,11,6,,16,7549.729318046619,754.9729318046619,0.5,H,T,Lose,8,9,,16,5053.951031089058,505.39510310890586,0.5,T,T,Win,8,9,,16,9227.446944279201,922.7446944279202,0.6,H,T,Lose,10,7,,16,11277.99070967458,1127.799070967458,0.6,H,H,Win,11,6,,16,13784.210867380043,1378.4210867380043,0.5,T,H,Lose,8,9,,16,16847.368837908936,1684.7368837908937,0.3,T,H,Lose,5,12,,16,13784.210867380043,1378.4210867380043,0.6,H,T,Lose,11,6,,16,6177.051260219961,617.7051260219961,0.4,T,T,Win,7,10,,16,13784.210867380041,1378.4210867380043,0.7,H,H,Win,12,5,,16,7549.729318046617,754.9729318046617,0.5,T,H,Lose,8,9,,16,25167.057152925707,2516.705715292571,0.2,T,H,Lose,3,14,,16,7549.72931804662,754.972931804662,0.6,H,H,Win,10,7,,16,6177.05126021996,617.705126021996,0.5,T,T,Win,8,9,,16,11277.990709674581,1127.7990709674582,0.5,T,H,Lose,9,8,,16,6177.0512602199615,617.7051260219962,0.5,H,T,Lose,9,8,,16,13784.210867380038,1378.4210867380039,0.4,T,T,Win,6,11,,16,9227.446944279201,922.7446944279202,0.5,T,H,Lose,8,9,,16,7549.729318046619,754.9729318046619,0.5,H,T,Lose,9,8,,16,6177.0512602199615,617.7051260219962,0.6,H,H,Win,10,7,,16,6177.05126021996,617.705126021996,0.5,H,T,Lose,8,9,,16,7549.729318046619,754.9729318046619,0.5,T,T,Win,8,9,,16,9227.446944279201,922.7446944279202,0.6,H,H,Win,10,7,,16,9227.446944279201,922.7446944279202,0.6,H,H,Win,10,7,,16,9227.446944279203,922.7446944279204,0.5,H,T,Lose,9,8,,16,9227.446944279201,922.7446944279202,0.4,T,T,Win,7,10,,16,11277.990709674581,1127.7990709674582,0.4,T,T,Win,6,11,,16,7549.729318046619,754.9729318046619,0.5,T,T,Win,8,9,,16,20591.228579666473,2059.122857966647,0.4,T,H,Lose,6,11,,16,20591.22857966648,2059.122857966648,0.3,T,T,Win,5,12,,16,9227.446944279198,922.7446944279199,0.4,T,T,Win,7,10,,16,9227.446944279201,922.7446944279202,0.6,H,T,Lose,10,7,,16,11277.990709674577,1127.7990709674577,0.4,T,H,Lose,7,10,,16,6177.0512602199615,617.7051260219962,0.6,T,H,Lose,10,7,,16,6177.05126021996,617.705126021996,0.5,H,T,Lose,8,9,,16,9227.4469442792,922.74469442792,0.5,H,T,Lose,8,9,,16,5053.951031089059,505.3951031089059,0.6,T,H,Lose,10,7,,16,6177.05126021996,617.705126021996,0.6,H,T,Lose,10,7,,16,9227.4469442792,922.74469442792,0.4,T,T,Win,7,10,,16,3383.2234175058984,338.3223417505899,0.5,T,T,Win,8,9,,16,6177.05126021996,617.705126021996,0.5,T,T,Win,9,8,,16,13784.210867380041,1378.4210867380043,0.4,T,H,Lose,7,10,,16,7549.7293180466195,754.972931804662,0.4,T,T,Win,7,10,,16,13784.210867380043,1378.4210867380043,0.6,H,T,Lose,11,6,,16,6177.05126021996,617.705126021996,0.4,T,T,Win,6,11,,16,13784.210867380041,1378.4210867380043,0.4,T,T,Win,6,11,,16,11277.99070967458,1127.799070967458,0.5,H,T,Lose,9,8,,16,11277.990709674577,1127.7990709674577,0.5,H,T,Lose,9,8,,16,13784.210867380041,1378.4210867380043,0.4,T,H,Lose,6,11,,16,11277.990709674577,1127.7990709674577,0.6,H,T,Lose,10,7,,16,6177.05126021996,617.705126021996,0.5,T,T,Win,8,9,,16,5053.951031089059,505.3951031089059,0.5,H,T,Lose,9,8,,16,7549.7293180466195,754.972931804662,0.5,H,T,Lose,9,8,,16,6177.05126021996,617.705126021996,0.5,H,H,Win,9,8,,16,20591.22857966648,2059.122857966648,0.4,T,H,Lose,6,11,,16,6177.0512602199615,617.7051260219962,0.4,T,T,Win,7,10,,16,11277.990709674577,1127.7990709674577,0.6,H,H,Win,11,6,,16,9227.4469442792,922.74469442792,0.4,T,T,Win,7,10,,16,7549.729318046619,754.9729318046619,0.5,T,H,Lose,9,8,,16,13784.210867380043,1378.4210867380043,0.3,T,T,Win,5,12,,16,7549.729318046619,754.9729318046619,0.5,T,H,Lose,9,8,,16,5053.951031089058,505.39510310890586,0.5,H,H,Win,9,8,,16,11277.99070967458,1127.799070967458,0.5,T,T,Win,9,8,,16,5053.95103108906,505.395103108906,0.5,H,H,Win,9,8,,16,7549.7293180466195,754.972931804662,0.6,H,H,Win,10,7,,16,13784.210867380043,1378.4210867380043,0.6,H,H,Win,11,6,,16,7549.729318046619,754.9729318046619,0.5,H,H,Win,9,8,,16,9227.4469442792,922.74469442792,0.4,T,T,Win,7,10,,16,13784.210867380041,1378.4210867380043,0.4,T,H,Lose,6,11,,16,9227.446944279201,922.7446944279202,0.4,T,H,Lose,7,10,,16,7549.729318046617,754.9729318046617,0.5,H,H,Win,9,8,,16,13784.210867380043,1378.4210867380043,0.4,T,H,Lose,6,11,,16,11277.990709674576,1127.7990709674575,0.4,T,H,Lose,7,10,,16,11277.990709674577,1127.7990709674577,0.8,H,H,Win,13,4,,16,13784.210867380043,1378.4210867380043,0.4,T,H,Lose,7,10,,16,7549.7293180466195,754.972931804662,0.5,H,H,Win,9,8,,16,13784.210867380043,1378.4210867380043,0.5,H,T,Lose,8,9,,16,6177.05126021996,617.705126021996,0.4,T,T,Win,7,10,,16,5053.951031089058,505.39510310890586,0.6,H,H,Win,11,6,,16,13784.210867380041,1378.4210867380043,0.3,T,T,Win,5,12,,16,9227.4469442792,922.74469442792,0.4,T,T,Win,7,10,,16,6177.051260219959,617.705126021996,0.6,H,T,Lose,10,7,,16,7549.729318046619,754.9729318046619,0.6,H,T,Lose,10,7,,16,7549.729318046617,754.9729318046617,0.6,H,H,Win,10,7,,16,11277.99070967458,1127.799070967458,0.4,T,T,Win,6,11,,16,7549.729318046619,754.9729318046619,0.5,H,H,Win,9,8,,16,6177.05126021996,617.705126021996,0.5,H,T,Lose,8,9,,16,6177.0512602199615,617.7051260219962,0.6,H,H,Win,10,7,,16,20591.228579666476,2059.1228579666476,0.4,T,H,Lose,6,11,,16,13784.210867380041,1378.4210867380043,0.6,H,H,Win,11,6,,16,9227.446944279201,922.7446944279202,0.5,H,T,Lose,9,8,,16,11277.990709674581,1127.7990709674582,0.4,T,H,Lose,7,10,,16,11277.990709674577,1127.7990709674577,0.5,T,T,Win,9,8,,16,11277.99070967458,1127.799070967458,0.6,H,H,Win,11,6,,16,7549.729318046619,754.9729318046619,0.6,H,H,Win,10,7,,16,11277.990709674581,1127.7990709674582,0.4,T,H,Lose,7,10,,16,11277.990709674581,1127.7990709674582,0.4,T,T,Win,6,11,,16,11277.990709674577,1127.7990709674577,0.4,T,H,Lose,7,10,,16,5053.951031089057,505.39510310890574,0.4,T,T,Win,7,10,,16,6177.051260219961,617.7051260219961,0.5,T,H,Lose,8,9,,16,9227.446944279201,922.7446944279202,0.5,H,H,Win,9,8,,16,6177.05126021996,617.705126021996,0.5,H,H,Win,9,8,,16,9227.4469442792,922.74469442792,0.5,T,H,Lose,8,9,,16,4135.050843618321,413.50508436183213,0.6,T,H,Lose,10,7,,16,6177.05126021996,617.705126021996,0.5,H,T,Lose,9,8,,16,13784.210867380036,1378.4210867380036,0.4,T,T,Win,7,10,,16,6177.0512602199615,617.7051260219962,0.5,T,H,Lose,9,8,,16,11277.990709674577,1127.7990709674577,0.4,T,T,Win,6,11,,16,9227.446944279201,922.7446944279202,0.5,H,T,Lose,9,8,,16,20591.22857966648,2059.122857966648,0.2,T,T,Win,3,14,,16,6177.0512602199615,617.7051260219962,0.6,H,H,Win,10,7,,16,6177.051260219961,617.7051260219961,0.6,H,H,Win,11,6,,16,13784.210867380043,1378.4210867380043,0.4,T,H,Lose,6,11,,16,11277.990709674577,1127.7990709674577,0.4,T,T,Win,7,10,,16,13784.210867380041,1378.4210867380043,0.4,T,H,Lose,7,10,,16,7549.729318046619,754.9729318046619,0.6,H,H,Win,11,6,,16,7549.729318046619,754.9729318046619,0.4,T,T,Win,7,10,,16,9227.4469442792,922.74469442792,0.6,H,T,Lose,10,7,,16,11277.99070967458,1127.799070967458,0.4,T,T,Win,6,11,,16,11277.990709674576,1127.7990709674575,0.4,T,T,Win,6,11,,16,7549.729318046617,754.9729318046617,0.5,H,T,Lose,9,8,,16,5053.951031089059,505.3951031089059,0.5,H,H,Win,9,8,,16,13784.210867380043,1378.4210867380043,0.4,T,H,Lose,6,11,,16,9227.4469442792,922.74469442792,0.7,H,H,Win,12,5,,16,7549.7293180466195,754.972931804662,0.5,T,T,Win,9,8,,16,11277.990709674581,1127.7990709674582,0.4,T,T,Win,6,11,,16,11277.99070967458,1127.799070967458,0.4,T,T,Win,7,10,,16,13784.210867380041,1378.4210867380043,0.3,T,T,Win,5,12,,16,9227.4469442792,922.74469442792,0.4,T,T,Win,7,10,,16,9227.446944279198,922.7446944279199,0.4,T,H,Lose,7,10,,16,6177.05126021996,617.705126021996,0.4,T,T,Win,7,10,,16,25167.057152925707,2516.705715292571,0.8,H,H,Win,14,3,,16,13784.210867380043,1378.4210867380043,0.4,T,H,Lose,6,11,,16,13784.210867380041,1378.4210867380043,0.5,T,H,Lose,8,9,,16,13784.210867380041,1378.4210867380043,0.6,H,T,Lose,11,6,,16,7549.729318046619,754.9729318046619,0.6,H,H,Win,11,6,,16,3383.2234175058993,338.32234175058994,0.6,H,H,Win,10,7,,16,11277.990709674577,1127.7990709674577,0.5,H,T,Lose,8,9,,16,16847.36883790894,1684.7368837908941,0.3,T,H,Lose,5,12,,16,11277.99070967458,1127.799070967458,0.6,H,H,Win,11,6,,16,11277.990709674577,1127.7990709674577,0.4,T,H,Lose,7,10,,16,7549.72931804662,754.972931804662,0.6,H,H,Win,11,6,,16,7549.729318046619,754.9729318046619,0.5,T,H,Lose,9,8,,16,9227.446944279201,922.7446944279202,0.4,T,T,Win,7,10,,16,13784.210867380043,1378.4210867380043,0.4,T,H,Lose,7,10,,16,7549.729318046619,754.9729318046619,0.6,T,H,Lose,10,7,,16,9227.446944279198,922.7446944279199,0.6,H,T,Lose,10,7,,16,16847.368837908936,1684.7368837908937,0.8,H,H,Win,13,4,,16,11277.990709674581,1127.7990709674582,0.5,H,H,Win,9,8,,16,5053.951031089058,505.39510310890586,0.5,T,T,Win,8,9,,16,11277.990709674577,1127.7990709674577,0.4,T,H,Lose,7,10,,16,11277.99070967458,1127.799070967458,0.5,T,H,Lose,8,9,,16,5053.95103108906,505.395103108906,0.5,H,H,Win,9,8,,16,11277.990709674581,1127.7990709674582,0.5,T,T,Win,8,9,,16,4135.050843618322,413.5050843618322,0.5,H,T,Lose,8,9,,16,5053.951031089058,505.39510310890586,0.4,T,T,Win,7,10,,16,6177.05126021996,617.705126021996,0.5,T,T,Win,9,8,,16,11277.990709674577,1127.7990709674577,0.4,T,T,Win,6,11,,16,5053.951031089059,505.3951031089059,0.6,H,H,Win,10,7,,16,16847.368837908944,1684.7368837908944,0.7,H,H,Win,12,5,,16,5053.95103108906,505.395103108906,0.5,T,H,Lose,9,8,,16,11277.990709674577,1127.7990709674577,0.6,H,T,Lose,11,6,,16,11277.990709674581,1127.7990709674582,0.6,H,H,Win,10,7,,16,11277.99070967458,1127.799070967458,0.6,H,H,Win,11,6,,16,6177.0512602199615,617.7051260219962,0.5,T,H,Lose,9,8,,16,13784.210867380043,1378.4210867380043,0.4,T,H,Lose,7,10,,16,13784.210867380043,1378.4210867380043,0.3,T,T,Win,5,12,,16,13784.210867380036,1378.4210867380036,0.4,T,H,Lose,6,11,,16,9227.446944279198,922.7446944279199,0.5,T,H,Lose,8,9,,16,20591.22857966649,2059.122857966649,0.2,T,H,Lose,4,13,,16,9227.4469442792,922.74469442792,0.4,T,T,Win,7,10,,16,16847.368837908944,1684.7368837908944,0.3,T,T,Win,5,12,,16,9227.446944279201,922.7446944279202,0.5,T,H,Lose,9,8,,16,16847.36883790894,1684.7368837908941,0.7,H,T,Lose,12,5,,16,9227.446944279203,922.7446944279204,0.6,H,T,Lose,10,7,,16,13784.210867380043,1378.4210867380043,0.5,T,H,Lose,8,9,,16,11277.99070967458,1127.799070967458,0.5,H,T,Lose,9,8,,16,9227.4469442792,922.74469442792,0.5,T,H,Lose,8,9,,16,6177.051260219961,617.7051260219961,0.6,H,T,Lose,10,7,,16,13784.210867380041,1378.4210867380043,0.6,H,H,Win,10,7,,16,9227.446944279198,922.7446944279199,0.6,H,T,Lose,10,7,,16,9227.446944279201,922.7446944279202,0.5,T,H,Lose,8,9,,16,7549.729318046619,754.9729318046619,0.5,H,H,Win,9,8,,16,9227.446944279201,922.7446944279202,0.6,H,T,Lose,11,6,,16,9227.446944279201,922.7446944279202,0.4,T,T,Win,7,10,,16,11277.990709674576,1127.7990709674575,0.4,T,H,Lose,7,10,,16,20591.228579666484,2059.1228579666486,0.7,H,T,Lose,12,5,,16,9227.4469442792,922.74469442792,0.6,T,H,Lose,10,7,,16,9227.4469442792,922.74469442792,0.6,H,H,Win,10,7,,16,9227.4469442792,922.74469442792,0.5,T,H,Lose,8,9,,16,7549.729318046617,754.9729318046617,0.5,H,H,Win,9,8,,16,9227.4469442792,922.74469442792,0.5,T,T,Win,8,9,,16,16847.36883790894,1684.7368837908941,0.3,T,H,Lose,5,12,,16,11277.99070967458,1127.799070967458,0.4,T,T,Win,7,10,,16,6177.05126021996,617.705126021996,0.5,T,H,Lose,8,9,,16,11277.990709674577,1127.7990709674577,0.5,T,H,Lose,9,8,,16,20591.228579666484,2059.1228579666486,0.8,H,H,Win,13,4,,16,13784.210867380043,1378.4210867380043,0.4,T,H,Lose,7,10,,16,11277.990709674577,1127.7990709674577,0.4,T,H,Lose,7,10,,16,7549.729318046617,754.9729318046617,0.6,H,H,Win,11,6,,16,11277.990709674577,1127.7990709674577,0.4,T,T,Win,6,11,,16,20591.22857966648,2059.122857966648,0.4,T,H,Lose,6,11,,16,11277.99070967458,1127.799070967458,0.4,T,T,Win,6,11,,16,7549.72931804662,754.972931804662,0.5,T,T,Win,8,9,,16,13784.210867380041,1378.4210867380043,0.3,T,T,Win,5,12,,16,6177.05126021996,617.705126021996,0.5,T,T,Win,9,8,,16,6177.051260219961,617.7051260219961,0.5,H,T,Lose,9,8,,16,9227.4469442792,922.74469442792,0.4,T,T,Win,7,10,,16,11277.99070967458,1127.799070967458,0.6,H,T,Lose,10,7,,16,16847.36883790894,1684.7368837908941,0.4,T,H,Lose,7,10,,16,9227.4469442792,922.74469442792,0.4,T,T,Win,7,10,,16,11277.99070967458,1127.799070967458,0.6,H,T,Lose,11,6,,16,5053.951031089057,505.39510310890574,0.5,T,H,Lose,8,9,,16,11277.99070967458,1127.799070967458,0.6,H,T,Lose,10,7,,16,6177.0512602199615,617.7051260219962,0.5,H,H,Win,9,8,,16,20591.228579666484,2059.1228579666486,0.8,H,H,Win,13,4,,16,9227.4469442792,922.74469442792,0.6,H,T,Lose,10,7,,16,9227.4469442792,922.74469442792,0.6,H,T,Lose,10,7,,16,7549.729318046619,754.9729318046619,0.6,H,H,Win,11,6,,16,9227.446944279198,922.7446944279199,0.5,H,T,Lose,9,8,,16,7549.7293180466195,754.972931804662,0.5,T,T,Win,8,9,,16,13784.210867380045,1378.4210867380045,0.3,T,T,Win,5,12,,16,7549.729318046619,754.9729318046619,0.6,H,T,Lose,10,7,,16,5053.951031089058,505.39510310890586,0.5,H,T,Lose,9,8,,16,9227.4469442792,922.74469442792,0.4,T,T,Win,7,10,,16,13784.210867380041,1378.4210867380043,0.4,T,H,Lose,6,11,,16,6177.0512602199615,617.7051260219962,0.6,T,H,Lose,10,7,,16,13784.210867380045,1378.4210867380045,0.6,H,H,Win,11,6,,16,11277.99070967458,1127.799070967458,0.5,H,T,Lose,9,8,,16,16847.368837908944,1684.7368837908944,0.4,T,T,Win,6,11,,16,13784.210867380041,1378.4210867380043,0.5,H,T,Lose,9,8,,16,7549.7293180466195,754.972931804662,0.6,H,H,Win,10,7,,16,7549.729318046619,754.9729318046619,0.6,H,H,Win,11,6,,16,9227.446944279201,922.7446944279202,0.5,T,T,Win,9,8,,16,11277.990709674581,1127.7990709674582,0.6,H,H,Win,11,6,,16,6177.05126021996,617.705126021996,0.6,T,H,Lose,10,7,,16,9227.4469442792,922.74469442792,0.5,T,H,Lose,9,8,,16,7549.729318046617,754.9729318046617,0.5,H,H,Win,9,8,,16,7549.7293180466195,754.972931804662,0.5,H,T,Lose,8,9,,16,7549.729318046619,754.9729318046619,0.6,H,T,Lose,10,7,,16,6177.0512602199615,617.7051260219962,0.5,H,H,Win,9,8,,16,11277.99070967458,1127.799070967458,0.5,H,T,Lose,8,9,,16,13784.210867380043,1378.4210867380043,0.4,T,H,Lose,6,11,,16,11277.99070967458,1127.799070967458,0.4,T,H,Lose,6,11,,16,7549.729318046619,754.9729318046619,0.5,H,T,Lose,9,8,,16,7549.7293180466195,754.972931804662,0.6,H,H,Win,10,7,,16,9227.446944279198,922.7446944279199,0.6,T,H,Lose,10,7,,16,9227.4469442792,922.74469442792,0.5,T,H,Lose,8,9,,16,9227.446944279201,922.7446944279202,0.5,T,H,Lose,9,8,,16,9227.4469442792,922.74469442792,0.6,H,H,Win,10,7,,16,20591.22857966648,2059.122857966648,0.3,T,H,Lose,5,12,,16,6177.0512602199615,617.7051260219962,0.5,T,H,Lose,8,9,,16,7549.729318046619,754.9729318046619,0.4,T,T,Win,7,10,,16,4135.050843618322,413.5050843618322,0.6,H,T,Lose,10,7,,16,11277.99070967458,1127.799070967458,0.6,H,T,Lose,10,7,,16,16847.36883790894,1684.7368837908941,0.4,T,H,Lose,7,10,,16,7549.72931804662,754.972931804662,0.5,H,T,Lose,9,8,,16,4135.050843618321,413.50508436183213,0.5,T,T,Win,9,8,,16,6177.05126021996,617.705126021996,0.5,H,T,Lose,8,9,,16,25167.057152925696,2516.70571529257,0.8,H,H,Win,14,3,,16,11277.99070967458,1127.799070967458,0.6,H,T,Lose,10,7,,16,9227.4469442792,922.74469442792,0.5,T,H,Lose,8,9,,16,16847.368837908936,1684.7368837908937,0.4,T,H,Lose,7,10,,16,9227.446944279198,922.7446944279199,0.4,T,H,Lose,7,10,,16,7549.729318046619,754.9729318046619,0.5,H,T,Lose,8,9,,16,6177.0512602199615,617.7051260219962,0.5,T,T,Win,8,9,,16,7549.729318046617,754.9729318046617,0.5,T,T,Win,9,8,,16,11277.990709674577,1127.7990709674577,0.4,T,H,Lose,7,10,,16,16847.36883790894,1684.7368837908941,0.4,T,T,Win,6,11,,16,13784.210867380041,1378.4210867380043,0.4,T,H,Lose,6,11,,16,5053.951031089059,505.3951031089059,0.5,T,T,Win,9,8,,16,5053.95103108906,505.395103108906,0.6,T,H,Lose,10,7,,16,11277.990709674577,1127.7990709674577,0.5,T,H,Lose,8,9,,16,13784.210867380038,1378.4210867380039,0.6,H,T,Lose,10,7,,16,6177.0512602199615,617.7051260219962,0.5,H,H,Win,9,8,,16,5053.951031089057,505.39510310890574,0.6,H,H,Win,11,6,,16,7549.729318046621,754.9729318046622,0.5,T,H,Lose,8,9,,16,9227.446944279201,922.7446944279202,0.4,T,H,Lose,7,10,,16,6177.0512602199615,617.7051260219962,0.6,H,H,Win,11,6,,16,5053.951031089058,505.39510310890586,0.5,H,H,Win,9,8,,16,11277.99070967458,1127.799070967458,0.6,H,T,Lose,10,7,,16,5053.95103108906,505.395103108906,0.5,T,T,Win,8,9,,16,9227.446944279201,922.7446944279202,0.4,T,H,Lose,7,10,,16,9227.4469442792,922.74469442792,0.6,H,T,Lose,10,7,,16,6177.05126021996,617.705126021996,0.5,H,T,Lose,8,9,,16,11277.99070967458,1127.799070967458,0.5,T,H,Lose,8,9,,16,9227.4469442792,922.74469442792,0.6,T,H,Lose,10,7,,16,13784.210867380041,1378.4210867380043,0.4,T,T,Win,7,10,,16,11277.99070967458,1127.799070967458,0.5,H,H,Win,9,8,,16,16847.368837908944,1684.7368837908944,0.6,H,T,Lose,11,6,,16,4135.050843618321,413.50508436183213,0.5,H,T,Lose,8,9,,16,5053.951031089058,505.39510310890586,0.5,H,T,Lose,9,8,,16,11277.99070967458,1127.799070967458,0.4,T,H,Lose,7,10,,16,7549.729318046619,754.9729318046619,0.5,T,T,Win,8,9,,16,11277.99070967458,1127.799070967458,0.6,H,T,Lose,11,6,,16,9227.446944279203,922.7446944279204,0.5,T,H,Lose,9,8,,16,7549.7293180466195,754.972931804662,0.5,H,T,Lose,8,9,,16,13784.210867380043,1378.4210867380043,0.4,T,H,Lose,6,11,,16,7549.729318046619,754.9729318046619,0.4,T,T,Win,7,10,
17,15162.631954118042,1516.2631954118042,0.6,H,T,Lose,11,7,,17,12405.789780642031,1240.5789780642033,0.4,T,H,Lose,8,10,,17,5559.3461341979655,555.9346134197966,0.4,T,T,Win,8,10,,17,6794.756386241957,679.4756386241958,0.5,T,H,Lose,9,9,,17,10150.19163870712,1015.019163870712,0.4,T,H,Lose,8,10,,17,12405.789780642033,1240.5789780642035,0.5,T,H,Lose,9,9,,17,8304.70224985128,830.470224985128,0.5,T,H,Lose,9,9,,17,6794.756386241958,679.4756386241959,0.5,T,H,Lose,9,9,,17,12405.789780642037,1240.5789780642037,0.4,T,H,Lose,7,11,,17,5559.346134197964,555.9346134197964,0.5,T,T,Win,9,9,,17,10150.19163870712,1015.019163870712,0.6,H,T,Lose,10,8,,17,10150.19163870712,1015.019163870712,0.4,T,T,Win,7,11,,17,8304.70224985128,830.470224985128,0.4,T,T,Win,8,10,,17,22650.351437633137,2265.035143763314,0.3,T,H,Lose,6,12,,17,6794.756386241955,679.4756386241955,0.3,T,T,Win,6,12,,17,10150.191638707118,1015.0191638707118,0.6,H,T,Lose,11,7,,17,10150.19163870712,1015.019163870712,0.4,T,T,Win,7,11,,17,8304.702249851282,830.4702249851282,0.6,H,H,Win,11,7,,17,8304.70224985128,830.470224985128,0.6,H,H,Win,11,7,,17,10150.191638707121,1015.0191638707122,0.4,T,T,Win,7,11,,17,5559.346134197964,555.9346134197964,0.6,H,T,Lose,10,8,,17,12405.789780642035,1240.5789780642035,0.4,T,H,Lose,7,11,,17,10150.19163870712,1015.019163870712,0.5,T,H,Lose,9,9,,17,18532.105721699838,1853.2105721699838,0.8,H,H,Win,14,4,,17,12405.789780642039,1240.578978064204,0.7,H,H,Win,13,5,,17,10150.191638707121,1015.0191638707122,0.4,T,T,Win,7,11,,17,15162.631954118046,1516.2631954118046,0.6,H,T,Lose,10,8,,17,22650.35143763313,2265.035143763313,0.2,T,H,Lose,4,14,,17,6794.756386241956,679.4756386241957,0.5,T,H,Lose,9,9,,17,4548.555927980154,454.8555927980154,0.6,H,H,Win,11,7,,17,10150.191638707118,1015.0191638707118,0.7,H,H,Win,12,6,,17,10150.19163870712,1015.019163870712,0.7,H,H,Win,12,6,,17,10150.19163870712,1015.019163870712,0.4,T,H,Lose,8,10,,17,12405.789780642037,1240.5789780642037,0.4,T,T,Win,7,11,,17,8304.70224985128,830.470224985128,0.6,H,T,Lose,11,7,,17,8304.702249851282,830.4702249851282,0.4,T,T,Win,8,10,,17,10150.191638707123,1015.0191638707124,0.4,T,T,Win,7,11,,17,10150.19163870712,1015.019163870712,0.4,T,H,Lose,8,10,,17,15162.631954118047,1516.2631954118049,0.6,H,H,Win,10,8,,17,10150.191638707121,1015.0191638707122,0.4,T,T,Win,8,10,,17,15162.631954118044,1516.2631954118044,0.4,T,T,Win,7,11,,17,10150.191638707121,1015.0191638707122,0.4,T,T,Win,8,10,,17,10150.19163870712,1015.019163870712,0.4,T,H,Lose,8,10,,17,8304.702249851278,830.4702249851279,0.4,T,T,Win,7,11,,17,8304.70224985128,830.470224985128,0.6,T,H,Lose,10,8,,17,6794.756386241959,679.475638624196,0.6,H,H,Win,11,7,,17,12405.789780642039,1240.578978064204,0.7,H,H,Win,12,6,,17,5559.346134197965,555.9346134197965,0.4,T,T,Win,7,11,,17,8304.70224985128,830.470224985128,0.5,H,T,Lose,9,9,,17,15162.631954118047,1516.2631954118049,0.3,T,T,Win,5,13,,17,8304.70224985128,830.470224985128,0.4,T,T,Win,7,11,,17,12405.789780642039,1240.578978064204,0.3,T,T,Win,6,12,,17,8304.702249851282,830.4702249851282,0.4,T,T,Win,8,10,,17,18532.105721699834,1853.2105721699836,0.3,T,T,Win,6,12,,17,8304.702249851278,830.4702249851279,0.5,T,H,Lose,9,9,,17,12405.789780642039,1240.578978064204,0.3,T,T,Win,6,12,,17,15162.631954118046,1516.2631954118046,0.4,T,H,Lose,7,11,,17,15162.631954118047,1516.2631954118049,0.3,T,T,Win,5,13,,17,6794.7563862419565,679.4756386241957,0.6,H,T,Lose,10,8,,17,12405.789780642037,1240.5789780642037,0.7,H,T,Lose,12,6,,17,6794.756386241956,679.4756386241957,0.4,T,T,Win,8,10,,17,8304.70224985128,830.470224985128,0.6,H,H,Win,11,7,,17,12405.789780642035,1240.5789780642035,0.6,H,T,Lose,11,7,,17,15162.631954118042,1516.2631954118042,0.3,T,T,Win,5,13,,17,10150.19163870712,1015.019163870712,0.4,T,T,Win,7,11,,17,8304.702249851278,830.4702249851279,0.6,H,T,Lose,11,7,,17,5559.346134197966,555.9346134197966,0.6,T,H,Lose,10,8,,17,6794.7563862419565,679.4756386241957,0.4,T,H,Lose,8,10,,17,12405.789780642037,1240.5789780642037,0.7,H,H,Win,13,5,,17,5559.346134197964,555.9346134197964,0.5,T,H,Lose,9,9,,17,5559.346134197964,555.9346134197964,0.5,H,T,Lose,9,9,,17,6794.756386241955,679.4756386241955,0.6,H,H,Win,10,8,,17,4548.555927980153,454.8555927980153,0.6,H,H,Win,11,7,,17,12405.789780642031,1240.5789780642033,0.3,T,T,Win,6,12,,17,6794.756386241957,679.4756386241958,0.6,H,H,Win,10,8,,17,6794.7563862419565,679.4756386241957,0.5,T,H,Lose,9,9,,17,5559.346134197966,555.9346134197966,0.5,T,T,Win,9,9,,17,15162.631954118047,1516.2631954118049,0.3,T,T,Win,5,13,,17,18532.105721699838,1853.2105721699838,0.7,H,T,Lose,12,6,,17,15162.631954118047,1516.2631954118049,0.7,H,T,Lose,12,6,,17,10150.191638707121,1015.0191638707122,0.3,T,T,Win,6,12,,17,6794.756386241957,679.4756386241958,0.5,H,T,Lose,9,9,,17,12405.789780642037,1240.5789780642037,0.3,T,T,Win,6,12,,17,8304.702249851282,830.4702249851282,0.6,H,T,Lose,10,8,,17,6794.7563862419565,679.4756386241957,0.6,H,H,Win,11,7,,17,3721.5457592564894,372.15457592564894,0.5,T,T,Win,9,9,,17,12405.789780642035,1240.5789780642035,0.7,H,H,Win,12,6,,17,5559.3461341979655,555.9346134197966,0.6,H,H,Win,11,7,,17,15162.631954118042,1516.2631954118042,0.7,H,T,Lose,13,5,,17,12405.789780642035,1240.5789780642035,0.3,T,T,Win,6,12,,17,8304.702249851282,830.4702249851282,0.5,T,H,Lose,9,9,,17,4548.555927980154,454.8555927980154,0.6,H,H,Win,10,8,,17,10150.19163870712,1015.019163870712,0.4,T,H,Lose,8,10,,17,12405.78978064204,1240.5789780642042,0.3,T,T,Win,6,12,,17,6794.7563862419565,679.4756386241957,0.5,T,H,Lose,9,9,,17,22650.35143763313,2265.035143763313,0.2,T,H,Lose,4,14,,17,15162.63195411805,1516.263195411805,0.6,H,T,Lose,11,7,,17,6794.7563862419565,679.4756386241957,0.7,H,T,Lose,12,6,,17,10150.19163870712,1015.019163870712,0.5,T,T,Win,9,9,,17,6794.7563862419565,679.4756386241957,0.4,T,T,Win,8,10,,17,8304.70224985128,830.470224985128,0.7,H,H,Win,13,5,,17,15162.631954118046,1516.2631954118046,0.6,H,T,Lose,11,7,,17,8304.70224985128,830.470224985128,0.6,H,T,Lose,10,8,,17,6794.7563862419565,679.4756386241957,0.4,T,T,Win,8,10,,17,12405.789780642035,1240.5789780642035,0.6,H,T,Lose,10,8,,17,6794.756386241955,679.4756386241955,0.5,H,T,Lose,9,9,,17,10150.191638707118,1015.0191638707118,0.6,H,T,Lose,11,7,,17,8304.70224985128,830.470224985128,0.6,T,H,Lose,10,8,,17,6794.756386241957,679.4756386241958,0.6,H,T,Lose,10,8,,17,12405.789780642033,1240.5789780642035,0.6,H,T,Lose,10,8,,17,15162.631954118046,1516.2631954118046,0.3,T,T,Win,5,13,,17,5559.346134197964,555.9346134197964,0.6,H,H,Win,11,7,,17,6794.756386241956,679.4756386241957,0.6,H,T,Lose,11,7,,17,5559.3461341979655,555.9346134197966,0.6,T,H,Lose,10,8,,17,15162.631954118046,1516.2631954118046,0.4,T,H,Lose,7,11,,17,10150.191638707121,1015.0191638707122,0.4,T,T,Win,7,11,,17,8304.70224985128,830.470224985128,0.4,T,H,Lose,8,10,,17,5559.3461341979655,555.9346134197966,0.6,T,H,Lose,10,8,,17,5559.346134197964,555.9346134197964,0.6,H,H,Win,10,8,,17,6794.756386241956,679.4756386241957,0.6,H,T,Lose,11,7,,17,6794.756386241957,679.4756386241958,0.6,H,T,Lose,10,8,,17,12405.789780642039,1240.578978064204,0.4,T,H,Lose,7,11,,17,8304.70224985128,830.470224985128,0.4,T,T,Win,7,11,,17,12405.789780642035,1240.5789780642035,0.4,T,H,Lose,7,11,,17,15162.631954118047,1516.2631954118049,0.3,T,H,Lose,6,12,,17,8304.702249851278,830.4702249851279,0.6,H,T,Lose,10,8,,17,4548.555927980153,454.8555927980153,0.6,H,H,Win,11,7,,17,8304.70224985128,830.470224985128,0.6,T,H,Lose,10,8,,17,6794.756386241957,679.4756386241958,0.4,T,T,Win,8,10,,17,10150.191638707118,1015.0191638707118,0.7,H,T,Lose,12,6,,17,10150.191638707121,1015.0191638707122,0.7,H,H,Win,13,5,,17,15162.631954118046,1516.2631954118046,0.3,T,T,Win,5,13,,17,6794.7563862419565,679.4756386241957,0.6,H,H,Win,11,7,,17,15162.631954118046,1516.2631954118046,0.4,T,T,Win,7,11,,17,15162.631954118044,1516.2631954118044,0.8,H,H,Win,14,4,,17,10150.191638707118,1015.0191638707118,0.6,H,H,Win,10,8,,17,8304.70224985128,830.470224985128,0.6,H,H,Win,11,7,,17,3044.9010757553096,304.490107575531,0.5,T,H,Lose,9,9,,17,10150.19163870712,1015.019163870712,0.4,T,H,Lose,8,10,,17,10150.191638707118,1015.0191638707118,0.6,T,H,Lose,10,8,,17,12405.789780642037,1240.5789780642037,0.4,T,H,Lose,8,10,,17,8304.702249851278,830.4702249851279,0.6,T,H,Lose,10,8,,17,4548.555927980154,454.8555927980154,0.4,T,T,Win,8,10,,17,10150.191638707118,1015.0191638707118,0.4,T,T,Win,7,11,,17,10150.191638707125,1015.0191638707125,0.6,H,T,Lose,11,7,,17,10150.19163870712,1015.019163870712,0.4,T,T,Win,7,11,,17,10150.191638707121,1015.0191638707122,0.6,H,T,Lose,11,7,,17,10150.191638707118,1015.0191638707118,0.4,T,H,Lose,8,10,,17,4548.555927980153,454.8555927980153,0.5,T,T,Win,9,9,,17,8304.70224985128,830.470224985128,0.4,T,T,Win,7,11,,17,12405.789780642039,1240.578978064204,0.5,T,H,Lose,9,9,,17,6794.756386241958,679.4756386241959,0.6,H,T,Lose,10,8,,17,15162.631954118047,1516.2631954118049,0.7,H,H,Win,13,5,,17,8304.70224985128,830.470224985128,0.6,T,H,Lose,10,8,,17,12405.789780642035,1240.5789780642035,0.3,T,T,Win,6,12,,17,3721.5457592564894,372.15457592564894,0.4,T,T,Win,8,10,,17,5559.3461341979655,555.9346134197966,0.6,H,T,Lose,10,8,,17,6794.7563862419565,679.4756386241957,0.5,T,T,Win,9,9,,17,6794.756386241957,679.4756386241958,0.5,T,T,Win,9,9,,17,15162.631954118042,1516.2631954118042,0.7,H,T,Lose,12,6,,17,18532.105721699838,1853.2105721699838,0.3,T,H,Lose,6,12,,17,4548.555927980153,454.8555927980153,0.6,H,T,Lose,10,8,,17,10150.191638707121,1015.0191638707122,0.4,T,T,Win,8,10,,17,3721.545759256489,372.15457592564894,0.6,H,T,Lose,10,8,,17,5559.346134197966,555.9346134197966,0.4,T,T,Win,8,10,,17,6794.756386241956,679.4756386241957,0.6,H,H,Win,10,8,,17,10150.19163870712,1015.019163870712,0.6,H,H,Win,11,7,,17,10150.191638707118,1015.0191638707118,0.5,T,T,Win,9,9,,17,8304.702249851282,830.4702249851282,0.6,H,H,Win,11,7,,17,8304.702249851278,830.4702249851279,0.6,H,H,Win,10,8,,17,8304.702249851282,830.4702249851282,0.6,T,H,Lose,10,8,,17,8304.70224985128,830.470224985128,0.5,H,T,Lose,9,9,,17,10150.191638707116,1015.0191638707116,0.6,H,T,Lose,10,8,,17,6794.756386241956,679.4756386241957,0.4,T,T,Win,8,10,,17,6794.756386241955,679.4756386241955,0.6,H,T,Lose,10,8,,17,12405.789780642037,1240.5789780642037,0.3,T,T,Win,6,12,,17,10150.191638707123,1015.0191638707124,0.4,T,T,Win,7,11,,17,6794.756386241956,679.4756386241957,0.6,T,H,Lose,10,8,,17,8304.702249851278,830.4702249851279,0.5,T,H,Lose,9,9,,17,8304.702249851283,830.4702249851284,0.6,T,H,Lose,10,8,,17,10150.191638707118,1015.0191638707118,0.7,H,H,Win,13,5,,17,12405.789780642035,1240.5789780642035,0.7,H,H,Win,12,6,,17,8304.70224985128,830.470224985128,0.4,T,T,Win,7,11,,17,4548.555927980155,454.8555927980155,0.6,T,H,Lose,10,8,,17,5559.3461341979655,555.9346134197966,0.6,T,H,Lose,10,8,,17,12405.789780642035,1240.5789780642035,0.7,H,T,Lose,12,6,,17,10150.19163870712,1015.019163870712,0.6,H,H,Win,11,7,,17,22650.35143763313,2265.035143763313,0.2,T,T,Win,4,14,,17,4548.555927980153,454.8555927980153,0.6,T,H,Lose,10,8,,17,8304.702249851278,830.4702249851279,0.6,H,T,Lose,11,7,,17,10150.19163870712,1015.019163870712,0.7,H,T,Lose,12,6,,17,10150.191638707121,1015.0191638707122,0.4,T,T,Win,7,11,,17,10150.191638707118,1015.0191638707118,0.5,T,T,Win,9,9,,17,12405.789780642037,1240.5789780642037,0.4,T,T,Win,8,10,,17,6794.756386241957,679.4756386241958,0.5,T,T,Win,9,9,,17,12405.789780642037,1240.5789780642037,0.4,T,H,Lose,7,11,,17,12405.789780642037,1240.5789780642037,0.4,T,H,Lose,7,11,,17,10150.19163870712,1015.019163870712,0.7,H,H,Win,12,6,,17,15162.631954118047,1516.2631954118049,0.3,T,H,Lose,6,12,,17,18532.105721699834,1853.2105721699836,0.3,T,T,Win,5,13,,17,22650.351437633137,2265.035143763314,0.3,T,T,Win,5,13,,17,18532.105721699838,1853.2105721699838,0.7,H,T,Lose,13,5,,17,5559.346134197964,555.9346134197964,0.6,H,T,Lose,10,8,,17,12405.789780642039,1240.578978064204,0.6,H,H,Win,11,7,,17,4548.555927980153,454.8555927980153,0.6,H,H,Win,11,7,,17,10150.19163870712,1015.019163870712,0.4,T,H,Lose,8,10,,17,8304.702249851278,830.4702249851279,0.4,T,H,Lose,8,10,,17,12405.789780642035,1240.5789780642035,0.4,T,H,Lose,7,11,,17,18532.105721699838,1853.2105721699838,0.3,T,H,Lose,5,13,,17,10150.19163870712,1015.019163870712,0.7,H,H,Win,13,5,,17,10150.191638707121,1015.0191638707122,0.7,H,T,Lose,12,6,,17,8304.70224985128,830.470224985128,0.7,H,H,Win,12,6,,17,15162.63195411805,1516.263195411805,0.3,T,T,Win,5,13,,17,12405.789780642039,1240.578978064204,0.3,T,T,Win,6,12,,17,4548.555927980154,454.8555927980154,0.6,T,H,Lose,10,8,,17,8304.70224985128,830.470224985128,0.5,T,T,Win,9,9,,17,6794.756386241956,679.4756386241957,0.5,T,H,Lose,9,9,,17,15162.631954118038,1516.263195411804,0.4,T,H,Lose,8,10,,17,18532.10572169983,1853.2105721699832,0.7,H,H,Win,13,5,,17,8304.70224985128,830.470224985128,0.6,H,H,Win,11,7,,17,10150.19163870712,1015.019163870712,0.4,T,H,Lose,8,10,,17,6794.7563862419565,679.4756386241957,0.6,H,T,Lose,11,7,,17,3721.545759256489,372.15457592564894,0.5,T,H,Lose,9,9,,17,6794.756386241956,679.4756386241957,0.6,H,H,Win,10,8,,17,8304.70224985128,830.470224985128,0.5,H,T,Lose,9,9,,17,15162.631954118047,1516.2631954118049,0.3,T,T,Win,5,13,,17,8304.702249851282,830.4702249851282,0.5,H,T,Lose,9,9,,17,6794.7563862419565,679.4756386241957,0.6,H,T,Lose,10,8,,17,6794.756386241955,679.4756386241955,0.5,H,T,Lose,9,9,,17,10150.191638707118,1015.0191638707118,0.5,H,T,Lose,9,9,,17,22650.35143763313,2265.035143763313,0.7,H,T,Lose,13,5,,17,6794.756386241957,679.4756386241958,0.6,H,H,Win,11,7,,17,10150.191638707121,1015.0191638707122,0.7,H,H,Win,13,5,,17,8304.702249851282,830.4702249851282,0.4,T,H,Lose,8,10,,17,3721.545759256489,372.15457592564894,0.6,H,H,Win,10,8,,17,12405.789780642035,1240.5789780642035,0.7,H,H,Win,12,6,,17,8304.702249851278,830.4702249851279,0.6,H,T,Lose,11,7,,17,18532.105721699834,1853.2105721699836,0.3,T,H,Lose,5,13,,17,12405.789780642037,1240.5789780642037,0.6,H,T,Lose,11,7,,17,6794.756386241957,679.4756386241958,0.5,T,T,Win,9,9,,17,12405.789780642035,1240.5789780642035,0.7,H,T,Lose,12,6,,17,8304.702249851278,830.4702249851279,0.5,T,T,Win,9,9,,17,8304.70224985128,830.470224985128,0.6,H,T,Lose,11,7,,17,12405.789780642037,1240.5789780642037,0.5,T,H,Lose,9,9,,17,12405.789780642035,1240.5789780642035,0.7,H,H,Win,13,5,,17,6794.7563862419565,679.4756386241957,0.6,H,H,Win,11,7,,17,6794.7563862419565,679.4756386241957,0.6,H,H,Win,11,7,,17,10150.191638707121,1015.0191638707122,0.6,H,H,Win,10,8,,17,5559.346134197964,555.9346134197964,0.5,H,T,Lose,9,9,,17,10150.191638707123,1015.0191638707124,0.5,T,T,Win,9,9,,17,22650.351437633133,2265.0351437633135,0.3,T,H,Lose,6,12,,17,15162.631954118042,1516.2631954118042,0.6,H,T,Lose,11,7,,17,5559.3461341979655,555.9346134197966,0.5,T,H,Lose,9,9,,17,6794.7563862419565,679.4756386241957,0.5,T,T,Win,9,9,,17,5559.346134197964,555.9346134197964,0.6,H,H,Win,11,7,,17,10150.191638707121,1015.0191638707122,0.6,H,T,Lose,11,7,,17,6794.7563862419565,679.4756386241957,0.4,T,H,Lose,8,10,,17,4548.555927980153,454.8555927980153,0.6,H,H,Win,10,8,,17,6794.7563862419565,679.4756386241957,0.5,T,H,Lose,9,9,,17,10150.191638707121,1015.0191638707122,0.4,T,T,Win,7,11,,17,6794.756386241955,679.4756386241955,0.5,T,H,Lose,9,9,,17,12405.789780642039,1240.578978064204,0.4,T,H,Lose,7,11,,17,10150.19163870712,1015.019163870712,0.5,T,T,Win,9,9,,17,12405.789780642037,1240.5789780642037,0.4,T,H,Lose,7,11,,17,8304.70224985128,830.470224985128,0.4,T,T,Win,7,11,,17,5559.3461341979655,555.9346134197966,0.5,H,T,Lose,9,9,,17,10150.19163870712,1015.019163870712,0.6,H,T,Lose,11,7,,17,10150.191638707118,1015.0191638707118,0.4,T,T,Win,7,11,,17,5559.346134197964,555.9346134197964,0.5,T,H,Lose,9,9,,17,15162.631954118046,1516.2631954118046,0.3,T,T,Win,5,13,,17,12405.789780642037,1240.5789780642037,0.7,H,H,Win,12,6,,17,6794.7563862419565,679.4756386241957,0.5,T,H,Lose,9,9,,17,15162.63195411805,1516.263195411805,0.4,T,T,Win,8,10,,17,12405.789780642039,1240.578978064204,0.6,H,T,Lose,10,8,,17,5559.346134197966,555.9346134197966,0.4,T,T,Win,8,10,,17,8304.702249851282,830.4702249851282,0.4,T,H,Lose,7,11,,17,10150.191638707121,1015.0191638707122,0.3,T,T,Win,5,13,,17,10150.191638707121,1015.0191638707122,0.4,T,H,Lose,8,10,,17,6794.756386241956,679.4756386241957,0.6,T,H,Lose,10,8,,17,22650.35143763313,2265.035143763313,0.7,H,T,Lose,13,5,,17,10150.19163870712,1015.019163870712,0.3,T,T,Win,6,12,,17,8304.702249851283,830.4702249851284,0.6,H,H,Win,11,7,,17,8304.70224985128,830.470224985128,0.4,T,T,Win,8,10,,17,5559.346134197964,555.9346134197964,0.6,H,H,Win,10,8,,17,10150.191638707118,1015.0191638707118,0.4,T,T,Win,7,11,,17,15162.631954118047,1516.2631954118049,0.3,T,H,Lose,6,12,,17,12405.789780642037,1240.5789780642037,0.3,T,T,Win,6,12,,17,8304.70224985128,830.470224985128,0.4,T,T,Win,8,10,,17,5559.3461341979655,555.9346134197966,0.6,H,T,Lose,10,8,,17,15162.631954118046,1516.2631954118046,0.4,T,T,Win,7,11,,17,5559.346134197963,555.9346134197963,0.5,H,T,Lose,9,9,,17,10150.19163870712,1015.019163870712,0.6,H,H,Win,11,7,,17,10150.191638707121,1015.0191638707122,0.3,T,T,Win,6,12,,17,5559.3461341979655,555.9346134197966,0.6,H,H,Win,11,7,,17,10150.19163870712,1015.019163870712,0.5,T,H,Lose,9,9,,17,8304.702249851278,830.4702249851279,0.6,H,T,Lose,10,8,,17,3044.901075755309,304.49010757553094,0.6,T,H,Lose,10,8,,17,8304.702249851278,830.4702249851279,0.6,H,T,Lose,11,7,,17,12405.789780642039,1240.578978064204,0.4,T,H,Lose,7,11,,17,8304.70224985128,830.470224985128,0.5,T,H,Lose,9,9,,17,18532.105721699834,1853.2105721699836,0.3,T,H,Lose,5,13,,17,8304.702249851282,830.4702249851282,0.4,T,H,Lose,8,10,,17,18532.105721699834,1853.2105721699836,0.3,T,H,Lose,5,13,,17,18532.105721699838,1853.2105721699838,0.3,T,H,Lose,5,13,,17,8304.702249851278,830.4702249851279,0.4,T,T,Win,8,10,,17,15162.63195411805,1516.263195411805,0.7,H,H,Win,13,5,,17,15162.631954118047,1516.2631954118049,0.3,T,H,Lose,6,12,,17,10150.19163870712,1015.019163870712,0.5,T,H,Lose,9,9,,17,3721.5457592564894,372.15457592564894,0.5,T,T,Win,9,9,,17,6794.7563862419565,679.4756386241957,0.4,T,T,Win,8,10,,17,15162.631954118047,1516.2631954118049,0.3,T,T,Win,5,13,,17,5559.3461341979655,555.9346134197966,0.6,H,H,Win,11,7,,17,10150.191638707121,1015.0191638707122,0.6,H,H,Win,11,7,,17,5559.346134197964,555.9346134197964,0.5,H,T,Lose,9,9,,17,6794.756386241957,679.4756386241958,0.6,T,H,Lose,10,8,,17,4548.555927980153,454.8555927980153,0.5,T,T,Win,9,9,,17,10150.19163870712,1015.019163870712,0.4,T,T,Win,8,10,,17,33835.71017226678,3383.571017226678,0.9,H,H,Win,16,2,,17,10150.191638707118,1015.0191638707118,0.4,T,T,Win,7,11,,17,6794.7563862419565,679.4756386241957,0.5,T,T,Win,9,9,,17,12405.789780642039,1240.578978064204,0.4,T,H,Lose,7,11,,17,8304.702249851278,830.4702249851279,0.6,H,T,Lose,10,8,,17,15162.631954118046,1516.2631954118046,0.8,H,H,Win,14,4,,17,5559.346134197965,555.9346134197965,0.5,H,T,Lose,9,9,,17,12405.789780642037,1240.5789780642037,0.4,T,H,Lose,7,11,,17,15162.63195411804,1516.2631954118042,0.7,H,H,Win,13,5,,17,10150.191638707121,1015.0191638707122,0.4,T,T,Win,7,11,,17,12405.789780642039,1240.578978064204,0.7,H,H,Win,13,5,,17,5559.3461341979655,555.9346134197966,0.5,T,T,Win,9,9,,17,4548.555927980154,454.8555927980154,0.6,T,H,Lose,10,8,,17,15162.631954118046,1516.2631954118046,0.5,T,H,Lose,9,9,,17,5559.3461341979655,555.9346134197966,0.6,H,T,Lose,10,8,,17,10150.19163870712,1015.019163870712,0.5,T,H,Lose,9,9,,17,12405.789780642035,1240.5789780642035,0.8,H,H,Win,14,4,,17,15162.631954118046,1516.2631954118046,0.3,T,H,Lose,6,12,,17,15162.631954118046,1516.2631954118046,0.3,T,T,Win,6,12,,17,12405.789780642037,1240.5789780642037,0.3,T,T,Win,6,12,,17,5559.346134197963,555.9346134197963,0.6,H,H,Win,11,7,,17,12405.789780642037,1240.5789780642037,0.4,T,H,Lose,7,11,,17,3721.5457592564894,372.15457592564894,0.5,T,H,Lose,9,9,,17,22650.351437633137,2265.035143763314,0.2,T,T,Win,3,15,,17,5559.346134197964,555.9346134197964,0.6,T,H,Lose,10,8,,17,8304.702249851282,830.4702249851282,0.4,T,T,Win,8,10,,17,12405.789780642037,1240.5789780642037,0.4,T,H,Lose,7,11,,17,8304.70224985128,830.470224985128,0.5,T,H,Lose,9,9,,17,6794.756386241957,679.4756386241958,0.5,H,T,Lose,9,9,,17,6794.756386241955,679.4756386241955,0.6,H,T,Lose,10,8,,17,4548.555927980153,454.8555927980153,0.5,T,T,Win,9,9,,17,22650.35143763313,2265.035143763313,0.8,H,H,Win,14,4,,17,8304.702249851282,830.4702249851282,0.4,T,H,Lose,8,10,,17,10150.191638707121,1015.0191638707122,0.3,T,T,Win,6,12,,17,6794.756386241955,679.4756386241955,0.6,H,H,Win,10,8,,17,18532.105721699827,1853.2105721699827,0.2,T,T,Win,4,14,,17,18532.105721699838,1853.2105721699838,0.2,T,T,Win,4,14,,17,8304.70224985128,830.470224985128,0.5,H,T,Lose,9,9,,17,8304.702249851278,830.4702249851279,0.5,T,T,Win,9,9,,17,6794.7563862419565,679.4756386241957,0.6,H,H,Win,11,7,,17,10150.19163870712,1015.019163870712,0.6,H,T,Lose,10,8,,17,4548.555927980154,454.8555927980154,0.6,H,T,Lose,10,8,,17,8304.702249851283,830.4702249851284,0.7,H,H,Win,12,6,,17,10150.191638707123,1015.0191638707124,0.4,T,H,Lose,8,10,,17,15162.63195411805,1516.263195411805,0.3,T,H,Lose,6,12,,17,12405.789780642033,1240.5789780642035,0.7,H,H,Win,13,5,,17,8304.70224985128,830.470224985128,0.6,H,T,Lose,10,8,,17,12405.789780642039,1240.578978064204,0.6,H,T,Lose,11,7,,17,12405.789780642031,1240.5789780642033,0.3,T,T,Win,6,12,,17,5559.346134197964,555.9346134197964,0.6,H,T,Lose,11,7,,17,12405.789780642039,1240.578978064204,0.3,T,T,Win,6,12,,17,12405.789780642035,1240.5789780642035,0.4,T,T,Win,8,10,,17,8304.702249851278,830.4702249851279,0.6,H,H,Win,10,8,,17,10150.191638707118,1015.0191638707118,0.7,H,H,Win,13,5,,17,5559.3461341979655,555.9346134197966,0.5,T,H,Lose,9,9,,17,12405.789780642035,1240.5789780642035,0.4,T,T,Win,8,10,,17,10150.19163870712,1015.019163870712,0.4,T,H,Lose,8,10,,17,4548.555927980153,454.8555927980153,0.6,H,H,Win,11,7,,17,10150.191638707121,1015.0191638707122,0.6,H,H,Win,11,7,,17,12405.789780642037,1240.5789780642037,0.4,T,H,Lose,7,11,,17,8304.702249851282,830.4702249851282,0.4,T,T,Win,8,10,,17,10150.191638707121,1015.0191638707122,0.6,H,T,Lose,11,7,,17,8304.702249851282,830.4702249851282,0.6,H,H,Win,11,7,,17,15162.63195411805,1516.263195411805,0.7,H,H,Win,12,6,,17,10150.191638707118,1015.0191638707118,0.4,T,T,Win,8,10,,17,8304.70224985128,830.470224985128,0.5,T,H,Lose,9,9,,17,12405.789780642035,1240.5789780642035,0.3,T,T,Win,6,12,,17,15162.631954118046,1516.2631954118046,0.7,H,T,Lose,12,6,,17,12405.789780642037,1240.5789780642037,0.4,T,T,Win,7,11,,17,4548.555927980154,454.8555927980154,0.6,T,H,Lose,10,8,,17,6794.7563862419565,679.4756386241957,0.4,T,T,Win,8,10,,17,15162.631954118047,1516.2631954118049,0.3,T,H,Lose,6,12,,17,6794.756386241955,679.4756386241955,0.5,T,H,Lose,9,9,,17,12405.789780642039,1240.578978064204,0.3,T,T,Win,6,12,,17,4548.555927980152,454.8555927980152,0.6,H,H,Win,11,7,,17,6794.7563862419565,679.4756386241957,0.4,T,T,Win,8,10,,17,18532.105721699838,1853.2105721699838,0.8,H,H,Win,14,4,,17,15162.631954118046,1516.2631954118046,0.7,H,H,Win,12,6,,17,12405.789780642039,1240.578978064204,0.6,H,H,Win,10,8,,17,4548.555927980154,454.8555927980154,0.6,H,H,Win,11,7,,17,6794.7563862419565,679.4756386241957,0.5,T,H,Lose,9,9,,17,15162.631954118047,1516.2631954118049,0.7,H,T,Lose,13,5,,17,6794.756386241959,679.475638624196,0.6,H,H,Win,11,7,,17,10150.191638707121,1015.0191638707122,0.4,T,H,Lose,8,10,,17,12405.789780642033,1240.5789780642035,0.4,T,H,Lose,7,11,,17,6794.7563862419565,679.4756386241957,0.5,T,H,Lose,9,9,,17,5559.346134197964,555.9346134197964,0.6,H,H,Win,10,8,,17,10150.191638707123,1015.0191638707124,0.4,T,H,Lose,8,10,,17,10150.19163870712,1015.019163870712,0.7,H,H,Win,12,6,,17,6794.756386241956,679.4756386241957,0.4,T,T,Win,8,10,,17,8304.70224985128,830.470224985128,0.6,H,T,Lose,11,7,,17,10150.191638707121,1015.0191638707122,0.4,T,H,Lose,8,10,,17,5559.346134197964,555.9346134197964,0.4,T,T,Win,7,11,,17,10150.19163870712,1015.019163870712,0.4,T,H,Lose,8,10,,17,10150.19163870712,1015.019163870712,0.4,T,H,Lose,8,10,,17,8304.70224985128,830.470224985128,0.5,T,H,Lose,9,9,,17,10150.191638707121,1015.0191638707122,0.7,H,H,Win,12,6,,17,12405.789780642039,1240.578978064204,0.7,H,H,Win,12,6,,17,8304.702249851283,830.4702249851284,0.5,T,H,Lose,9,9,,17,8304.702249851278,830.4702249851279,0.4,T,T,Win,8,10,,17,6794.7563862419565,679.4756386241957,0.6,H,H,Win,10,8,,17,6794.756386241956,679.4756386241957,0.6,H,T,Lose,10,8,,17,10150.191638707121,1015.0191638707122,0.7,H,H,Win,12,6,,17,8304.702249851282,830.4702249851282,0.7,H,H,Win,12,6,,17,5559.346134197966,555.9346134197966,0.6,H,T,Lose,10,8,,17,15162.631954118038,1516.263195411804,0.3,T,H,Lose,6,12,,17,8304.702249851282,830.4702249851282,0.5,H,T,Lose,9,9,,17,8304.70224985128,830.470224985128,0.4,T,T,Win,8,10,,17,10150.19163870712,1015.019163870712,0.6,T,H,Lose,10,8,,17,6794.756386241957,679.4756386241958,0.4,T,H,Lose,8,10,,17,6794.756386241955,679.4756386241955,0.6,H,T,Lose,10,8,,17,6794.7563862419565,679.4756386241957,0.4,T,T,Win,8,10,,17,6794.756386241958,679.4756386241959,0.6,T,H,Lose,10,8,,17,12405.789780642037,1240.5789780642037,0.4,T,T,Win,7,11,,17,6794.756386241958,679.4756386241959,0.6,H,T,Lose,10,8,,17,4548.555927980154,454.8555927980154,0.6,T,H,Lose,10,8,,17,8304.702249851282,830.4702249851282,0.6,H,T,Lose,10,8,,17,6794.756386241956,679.4756386241957,0.4,T,T,Win,7,11,,17,6794.756386241956,679.4756386241957,0.4,T,H,Lose,8,10,,17,6794.7563862419565,679.4756386241957,0.5,T,T,Win,9,9,,17,18532.105721699834,1853.2105721699836,0.8,H,H,Win,15,3,,17,4548.555927980153,454.8555927980153,0.5,T,H,Lose,9,9,,17,10150.19163870712,1015.019163870712,0.4,T,T,Win,7,11,,17,22650.35143763313,2265.035143763313,0.8,H,H,Win,14,4,,17,12405.789780642035,1240.5789780642035,0.4,T,H,Lose,7,11,,17,5559.346134197964,555.9346134197964,0.6,H,H,Win,11,7,,17,4548.555927980154,454.8555927980154,0.6,H,H,Win,11,7,,17,8304.70224985128,830.470224985128,0.6,H,H,Win,11,7,,17,10150.19163870712,1015.019163870712,0.5,T,T,Win,9,9,,17,8304.702249851282,830.4702249851282,0.4,T,T,Win,8,10,,17,6794.756386241955,679.4756386241955,0.5,T,H,Lose,9,9,,17,10150.191638707121,1015.0191638707122,0.6,H,T,Lose,11,7,,17,8304.70224985128,830.470224985128,0.5,T,H,Lose,9,9,,17,10150.191638707121,1015.0191638707122,0.4,T,T,Win,7,11,,17,6794.756386241956,679.4756386241957,0.6,H,H,Win,11,7,,17,8304.702249851278,830.4702249851279,0.4,T,T,Win,8,10,,17,18532.10572169983,1853.2105721699832,0.7,H,T,Lose,12,6,,17,15162.631954118047,1516.2631954118049,0.3,T,T,Win,6,12,,17,4548.555927980153,454.8555927980153,0.6,T,H,Lose,10,8,,17,8304.70224985128,830.470224985128,0.4,T,T,Win,8,10,,17,10150.191638707121,1015.0191638707122,0.4,T,T,Win,8,10,,17,4548.555927980153,454.8555927980153,0.6,H,H,Win,11,7,,17,6794.756386241957,679.4756386241958,0.6,T,H,Lose,10,8,,17,6794.756386241957,679.4756386241958,0.6,H,H,Win,11,7,,17,5559.346134197965,555.9346134197965,0.6,H,H,Win,11,7,,17,10150.191638707121,1015.0191638707122,0.6,H,T,Lose,10,8,,17,8304.702249851278,830.4702249851279,0.5,T,T,Win,9,9,,17,10150.19163870712,1015.019163870712,0.4,T,T,Win,8,10,,17,10150.19163870712,1015.019163870712,0.7,H,H,Win,12,6,,17,8304.702249851278,830.4702249851279,0.4,T,T,Win,8,10,,17,10150.191638707118,1015.0191638707118,0.6,H,T,Lose,11,7,,17,8304.702249851278,830.4702249851279,0.6,H,T,Lose,10,8,,17,10150.19163870712,1015.019163870712,0.7,H,H,Win,13,5,,17,5559.346134197963,555.9346134197963,0.4,T,T,Win,8,10,,17,8304.70224985128,830.470224985128,0.5,H,T,Lose,9,9,,17,18532.105721699834,1853.2105721699836,0.3,T,T,Win,5,13,,17,5559.346134197966,555.9346134197966,0.6,H,H,Win,10,8,,17,18532.105721699838,1853.2105721699838,0.2,T,T,Win,4,14,,17,12405.789780642039,1240.578978064204,0.5,H,T,Lose,9,9,,17,12405.789780642037,1240.5789780642037,0.3,T,T,Win,6,12,,17,4548.555927980153,454.8555927980153,0.5,T,H,Lose,9,9,,17,8304.702249851282,830.4702249851282,0.5,T,H,Lose,9,9,,17,12405.789780642037,1240.5789780642037,0.3,T,H,Lose,6,12,,17,12405.789780642037,1240.5789780642037,0.3,T,T,Win,6,12,,17,5559.3461341979655,555.9346134197966,0.6,H,T,Lose,10,8,,17,5559.346134197964,555.9346134197964,0.5,T,T,Win,9,9,,17,18532.105721699838,1853.2105721699838,0.3,T,T,Win,6,12,,17,8304.70224985128,830.470224985128,0.4,T,T,Win,8,10,,17,10150.191638707118,1015.0191638707118,0.6,H,T,Lose,11,7,,17,12405.789780642035,1240.5789780642035,0.4,T,H,Lose,8,10,,17,18532.105721699838,1853.2105721699838,0.2,T,T,Win,4,14,,17,12405.789780642037,1240.5789780642037,0.3,T,T,Win,6,12,,17,10150.19163870712,1015.019163870712,0.4,T,T,Win,8,10,,17,6794.756386241956,679.4756386241957,0.5,H,T,Lose,9,9,,17,12405.789780642039,1240.578978064204,0.7,H,T,Lose,13,5,,17,10150.191638707121,1015.0191638707122,0.3,T,T,Win,6,12,,17,15162.63195411805,1516.263195411805,0.7,H,H,Win,13,5,,17,10150.19163870712,1015.019163870712,0.4,T,T,Win,7,11,,17,6794.756386241957,679.4756386241958,0.6,H,H,Win,11,7,,17,12405.789780642037,1240.5789780642037,0.5,T,T,Win,9,9,,17,15162.631954118047,1516.2631954118049,0.7,H,T,Lose,12,6,,17,6794.756386241956,679.4756386241957,0.5,T,T,Win,9,9,,17,5559.346134197964,555.9346134197964,0.6,H,T,Lose,10,8,,17,8304.702249851282,830.4702249851282,0.5,H,T,Lose,9,9,,17,18532.105721699834,1853.2105721699836,0.7,H,T,Lose,13,5,,17,8304.70224985128,830.470224985128,0.5,H,T,Lose,9,9,,17,6794.756386241956,679.4756386241957,0.6,H,T,Lose,10,8,,17,10150.191638707123,1015.0191638707124,0.4,T,T,Win,7,11,,17,8304.702249851278,830.4702249851279,0.4,T,H,Lose,8,10,,17,10150.19163870712,1015.019163870712,0.7,H,H,Win,13,5,,17,6794.756386241957,679.4756386241958,0.6,H,T,Lose,11,7,,17,8304.702249851282,830.4702249851282,0.6,T,H,Lose,10,8,,17,12405.789780642037,1240.5789780642037,0.3,T,T,Win,6,12,,17,15162.631954118044,1516.2631954118044,0.6,H,T,Lose,11,7,,17,12405.789780642039,1240.578978064204,0.4,T,T,Win,7,11,,17,5559.346134197964,555.9346134197964,0.6,H,H,Win,11,7,,17,6794.756386241957,679.4756386241958,0.6,T,H,Lose,10,8,,17,4548.555927980153,454.8555927980153,0.5,H,T,Lose,9,9,,17,12405.789780642035,1240.5789780642035,0.5,T,H,Lose,9,9,,17,18532.105721699838,1853.2105721699838,0.7,H,H,Win,13,5,,17,22650.351437633133,2265.0351437633135,0.2,T,T,Win,4,14,,17,8304.702249851278,830.4702249851279,0.4,T,T,Win,7,11,,17,15162.631954118046,1516.2631954118046,0.4,T,H,Lose,8,10,,17,5559.3461341979655,555.9346134197966,0.4,T,T,Win,7,11,,17,8304.702249851278,830.4702249851279,0.4,T,T,Win,7,11,,17,12405.789780642039,1240.578978064204,0.6,T,H,Lose,10,8,,17,18532.105721699834,1853.2105721699836,0.2,T,T,Win,4,14,,17,15162.631954118047,1516.2631954118049,0.3,T,H,Lose,6,12,,17,4548.555927980153,454.8555927980153,0.6,T,H,Lose,10,8,,17,15162.631954118047,1516.2631954118049,0.7,H,H,Win,12,6,,17,15162.63195411805,1516.263195411805,0.4,T,H,Lose,8,10,,17,10150.19163870712,1015.019163870712,0.6,H,H,Win,11,7,,17,10150.191638707118,1015.0191638707118,0.6,H,H,Win,11,7,,17,8304.702249851282,830.4702249851282,0.6,T,H,Lose,10,8,,17,3721.545759256488,372.1545759256488,0.5,T,T,Win,9,9,,17,10150.19163870712,1015.019163870712,0.4,T,T,Win,7,11,,17,5559.346134197964,555.9346134197964,0.6,H,H,Win,11,7,,17,3721.5457592564894,372.15457592564894,0.6,H,H,Win,10,8,,17,12405.789780642035,1240.5789780642035,0.4,T,H,Lose,7,11,,17,10150.19163870712,1015.019163870712,0.4,T,T,Win,7,11,,17,22650.35143763313,2265.035143763313,0.8,H,H,Win,15,3,,17,5559.346134197964,555.9346134197964,0.6,H,H,Win,10,8,,17,5559.346134197965,555.9346134197965,0.4,T,T,Win,8,10,,17,10150.191638707121,1015.0191638707122,0.4,T,H,Lose,8,10,,17,27683.76286821827,2768.3762868218273,0.2,T,T,Win,4,14,,17,6794.7563862419565,679.4756386241957,0.4,T,T,Win,8,10,,17,12405.789780642035,1240.5789780642035,0.4,T,H,Lose,7,11,,17,10150.19163870712,1015.019163870712,0.6,H,H,Win,11,7,,17,12405.789780642037,1240.5789780642037,0.3,T,T,Win,6,12,,17,12405.789780642039,1240.578978064204,0.4,T,T,Win,7,11,,17,10150.19163870712,1015.019163870712,0.7,H,H,Win,12,6,,17,3721.5457592564894,372.15457592564894,0.4,T,T,Win,7,11,,17,10150.19163870712,1015.019163870712,0.5,T,T,Win,9,9,,17,10150.19163870712,1015.019163870712,0.4,T,H,Lose,8,10,,17,15162.63195411805,1516.263195411805,0.7,H,T,Lose,13,5,,17,8304.702249851278,830.4702249851279,0.4,T,T,Win,8,10,,17,10150.191638707121,1015.0191638707122,0.6,H,T,Lose,11,7,,17,18532.105721699827,1853.2105721699827,0.7,H,T,Lose,13,5,,17,12405.789780642037,1240.5789780642037,0.3,T,T,Win,6,12,,17,8304.70224985128,830.470224985128,0.5,T,H,Lose,9,9,,17,12405.789780642039,1240.578978064204,0.3,T,T,Win,6,12,,17,6794.756386241956,679.4756386241957,0.4,T,T,Win,7,11,,17,10150.19163870712,1015.019163870712,0.7,H,H,Win,13,5,,17,10150.19163870712,1015.019163870712,0.4,T,H,Lose,8,10,,17,5559.3461341979655,555.9346134197966,0.4,T,H,Lose,8,10,,17,18532.105721699838,1853.2105721699838,0.3,T,T,Win,6,12,,17,4548.555927980153,454.8555927980153,0.6,H,T,Lose,11,7,,17,6794.756386241958,679.4756386241959,0.5,T,H,Lose,9,9,,17,10150.191638707118,1015.0191638707118,0.5,H,T,Lose,9,9,,17,12405.789780642035,1240.5789780642035,0.4,T,T,Win,7,11,,17,10150.191638707123,1015.0191638707124,0.6,H,T,Lose,10,8,,17,10150.191638707118,1015.0191638707118,0.7,H,H,Win,13,5,,17,12405.789780642035,1240.5789780642035,0.4,T,H,Lose,7,11,,17,6794.756386241957,679.4756386241958,0.5,H,T,Lose,9,9,,17,5559.346134197964,555.9346134197964,0.5,T,T,Win,9,9,,17,12405.789780642035,1240.5789780642035,0.7,H,T,Lose,12,6,,17,8304.70224985128,830.470224985128,0.6,T,H,Lose,10,8,,17,6794.756386241957,679.4756386241958,0.5,H,T,Lose,9,9,,17,5559.346134197964,555.9346134197964,0.6,H,T,Lose,10,8,,17,15162.631954118046,1516.2631954118046,0.4,T,H,Lose,7,11,,17,6794.756386241957,679.4756386241958,0.6,H,T,Lose,11,7,,17,6794.756386241957,679.4756386241958,0.6,H,H,Win,11,7,,17,15162.631954118046,1516.2631954118046,0.7,H,H,Win,12,6,,17,8304.70224985128,830.470224985128,0.6,H,H,Win,11,7,,17,10150.19163870712,1015.019163870712,0.4,T,H,Lose,8,10,,17,10150.191638707121,1015.0191638707122,0.5,H,T,Lose,9,9,,17,5559.346134197964,555.9346134197964,0.4,T,T,Win,8,10,,17,15162.631954118047,1516.2631954118049,0.3,T,H,Lose,6,12,,17,12405.789780642037,1240.5789780642037,0.4,T,H,Lose,7,11,,17,8304.702249851278,830.4702249851279,0.6,H,T,Lose,11,7,,17,12405.789780642035,1240.5789780642035,0.6,H,T,Lose,10,8,,17,6794.756386241959,679.475638624196,0.6,H,T,Lose,10,8,,17,10150.191638707121,1015.0191638707122,0.4,T,T,Win,7,11,,17,18532.105721699834,1853.2105721699836,0.8,H,T,Lose,14,4,,17,15162.631954118044,1516.2631954118044,0.7,H,H,Win,12,6,,17,10150.19163870712,1015.019163870712,0.3,T,T,Win,6,12,,17,8304.702249851278,830.4702249851279,0.4,T,T,Win,8,10,,17,18532.105721699834,1853.2105721699836,0.7,H,H,Win,13,5,,17,4548.555927980153,454.8555927980153,0.5,T,T,Win,9,9,,17,15162.63195411805,1516.263195411805,0.7,H,H,Win,13,5,,17,4548.555927980153,454.8555927980153,0.6,H,H,Win,10,8,,17,6794.7563862419565,679.4756386241957,0.5,H,T,Lose,9,9,,17,18532.105721699838,1853.2105721699838,0.7,H,T,Lose,12,6,,17,15162.631954118047,1516.2631954118049,0.3,T,H,Lose,6,12,,17,18532.10572169983,1853.2105721699832,0.3,T,H,Lose,5,13,,17,18532.105721699827,1853.2105721699827,0.4,T,H,Lose,7,11,,17,4548.555927980152,454.8555927980152,0.5,H,T,Lose,9,9,,17,6794.756386241957,679.4756386241958,0.4,T,T,Win,7,11,,17,15162.631954118046,1516.2631954118046,0.3,T,H,Lose,6,12,,17,10150.191638707123,1015.0191638707124,0.4,T,T,Win,8,10,,17,6794.7563862419565,679.4756386241957,0.6,H,H,Win,11,7,,17,10150.191638707118,1015.0191638707118,0.4,T,T,Win,8,10,,17,5559.346134197964,555.9346134197964,0.5,T,T,Win,9,9,,17,8304.70224985128,830.470224985128,0.6,H,T,Lose,11,7,,17,4548.555927980154,454.8555927980154,0.6,H,H,Win,10,8,,17,8304.70224985128,830.470224985128,0.7,H,H,Win,12,6,,17,4548.555927980153,454.8555927980153,0.5,T,H,Lose,9,9,,17,10150.191638707123,1015.0191638707124,0.4,T,H,Lose,8,10,,17,12405.789780642035,1240.5789780642035,0.4,T,H,Lose,8,10,,17,22650.351437633137,2265.035143763314,0.3,T,T,Win,5,13,,17,15162.631954118047,1516.2631954118049,0.3,T,H,Lose,6,12,,17,3721.5457592564894,372.15457592564894,0.5,H,T,Lose,9,9,,17,12405.789780642035,1240.5789780642035,0.4,T,T,Win,8,10,,17,8304.702249851282,830.4702249851282,0.4,T,T,Win,8,10,,17,10150.191638707121,1015.0191638707122,0.7,H,T,Lose,12,6,,17,15162.631954118047,1516.2631954118049,0.7,H,H,Win,13,5,,17,8304.70224985128,830.470224985128,0.6,H,T,Lose,10,8,,17,12405.789780642039,1240.578978064204,0.4,T,H,Lose,7,11,,17,12405.789780642035,1240.5789780642035,0.7,H,H,Win,13,5,,17,6794.756386241956,679.4756386241957,0.5,T,T,Win,9,9,,17,6794.7563862419565,679.4756386241957,0.4,T,T,Win,8,10,,17,10150.19163870712,1015.019163870712,0.3,T,T,Win,6,12,,17,10150.19163870712,1015.019163870712,0.4,T,H,Lose,8,10,,17,15162.631954118046,1516.2631954118046,0.3,T,T,Win,5,13,,17,18532.10572169983,1853.2105721699832,0.3,T,T,Win,5,13,,17,8304.702249851282,830.4702249851282,0.4,T,T,Win,8,10,,17,8304.702249851278,830.4702249851279,0.4,T,T,Win,8,10,,17,22650.351437633137,2265.035143763314,0.2,T,H,Lose,4,14,,17,8304.70224985128,830.470224985128,0.6,H,T,Lose,10,8,,17,8304.70224985128,830.470224985128,0.4,T,T,Win,7,11,,17,15162.631954118046,1516.2631954118046,0.3,T,T,Win,6,12,,17,5559.3461341979655,555.9346134197966,0.5,T,H,Lose,9,9,,17,8304.70224985128,830.470224985128,0.5,T,H,Lose,9,9,,17,5559.346134197963,555.9346134197963,0.5,H,T,Lose,9,9,,17,12405.789780642035,1240.5789780642035,0.4,T,H,Lose,8,10,,17,8304.70224985128,830.470224985128,0.5,H,T,Lose,9,9,,17,12405.789780642039,1240.578978064204,0.3,T,T,Win,6,12,,17,4548.555927980154,454.8555927980154,0.6,H,T,Lose,10,8,,17,10150.191638707118,1015.0191638707118,0.4,T,H,Lose,8,10,,17,10150.19163870712,1015.019163870712,0.4,T,T,Win,7,11,,17,3044.9010757553083,304.4901075755308,0.5,T,T,Win,9,9,,17,8304.70224985128,830.470224985128,0.6,H,H,Win,11,7,,17,10150.191638707118,1015.0191638707118,0.6,H,H,Win,11,7,,17,12405.789780642033,1240.5789780642035,0.3,T,T,Win,6,12,,17,4548.555927980154,454.8555927980154,0.6,T,H,Lose,10,8,,17,10150.19163870712,1015.019163870712,0.6,T,H,Lose,10,8,,17,8304.702249851282,830.4702249851282,0.5,T,T,Win,9,9,,17,15162.631954118046,1516.2631954118046,0.3,T,T,Win,6,12,,17,6794.756386241957,679.4756386241958,0.4,T,H,Lose,8,10,,17,6794.7563862419565,679.4756386241957,0.5,T,H,Lose,9,9,,17,4548.555927980153,454.8555927980153,0.5,T,H,Lose,9,9,,17,15162.631954118046,1516.2631954118046,0.6,H,T,Lose,11,7,,17,8304.70224985128,830.470224985128,0.5,T,T,Win,9,9,,17,18532.10572169983,1853.2105721699832,0.7,H,T,Lose,12,6,,17,5559.3461341979655,555.9346134197966,0.6,H,H,Win,11,7,,17,22650.35143763313,2265.035143763313,0.3,T,T,Win,5,13,,17,6794.756386241957,679.4756386241958,0.6,H,T,Lose,10,8,,17,6794.756386241957,679.4756386241958,0.4,T,H,Lose,8,10,,17,10150.191638707121,1015.0191638707122,0.6,H,T,Lose,11,7,,17,12405.789780642037,1240.5789780642037,0.4,T,T,Win,7,11,,17,5559.346134197964,555.9346134197964,0.5,H,T,Lose,9,9,,17,10150.191638707121,1015.0191638707122,0.6,H,T,Lose,11,7,,17,10150.19163870712,1015.019163870712,0.6,T,H,Lose,10,8,,17,5559.346134197964,555.9346134197964,0.6,H,H,Win,10,8,,17,12405.789780642037,1240.5789780642037,0.6,H,H,Win,11,7,,17,6794.7563862419565,679.4756386241957,0.5,T,H,Lose,9,9,,17,15162.631954118047,1516.2631954118049,0.7,H,H,Win,13,5,,17,12405.789780642039,1240.578978064204,0.4,T,T,Win,7,11,,17,12405.789780642033,1240.5789780642035,0.6,H,H,Win,11,7,,17,6794.756386241957,679.4756386241958,0.4,T,T,Win,8,10,,17,6794.7563862419565,679.4756386241957,0.6,H,H,Win,11,7,,17,10150.191638707123,1015.0191638707124,0.4,T,H,Lose,8,10,,17,18532.105721699834,1853.2105721699836,0.7,H,T,Lose,12,6,,17,10150.19163870712,1015.019163870712,0.6,H,T,Lose,10,8,,17,18532.10572169983,1853.2105721699832,0.2,T,T,Win,4,14,,17,10150.191638707121,1015.0191638707122,0.6,H,H,Win,11,7,,17,12405.789780642037,1240.5789780642037,0.3,T,T,Win,6,12,,17,12405.789780642039,1240.578978064204,0.4,T,H,Lose,7,11,,17,6794.756386241957,679.4756386241958,0.6,T,H,Lose,10,8,,17,18532.10572169983,1853.2105721699832,0.3,T,T,Win,6,12,,17,6794.756386241956,679.4756386241957,0.6,T,H,Lose,10,8,,17,8304.702249851278,830.4702249851279,0.5,T,H,Lose,9,9,,17,18532.105721699834,1853.2105721699836,0.2,T,T,Win,4,14,,17,6794.756386241956,679.4756386241957,0.4,T,T,Win,8,10,,17,6794.756386241956,679.4756386241957,0.4,T,H,Lose,8,10,,17,5559.3461341979655,555.9346134197966,0.6,H,T,Lose,10,8,,17,8304.70224985128,830.470224985128,0.4,T,T,Win,8,10,,17,6794.756386241957,679.4756386241958,0.4,T,T,Win,8,10,,17,12405.789780642039,1240.578978064204,0.7,H,H,Win,12,6,,17,10150.19163870712,1015.019163870712,0.4,T,T,Win,8,10,,17,5559.3461341979655,555.9346134197966,0.4,T,H,Lose,8,10,,17,12405.789780642039,1240.578978064204,0.6,H,T,Lose,11,7,,17,10150.191638707121,1015.0191638707122,0.6,H,H,Win,11,7,,17,4548.555927980153,454.8555927980153,0.6,H,T,Lose,10,8,,17,10150.19163870712,1015.019163870712,0.6,H,T,Lose,11,7,,17,6794.7563862419565,679.4756386241957,0.5,T,H,Lose,9,9,,17,5559.346134197964,555.9346134197964,0.5,T,H,Lose,9,9,,17,8304.702249851282,830.4702249851282,0.6,H,H,Win,11,7,,17,12405.789780642037,1240.5789780642037,0.6,H,T,Lose,11,7,,17,12405.789780642039,1240.578978064204,0.5,T,H,Lose,9,9,,17,15162.631954118042,1516.2631954118042,0.3,T,H,Lose,6,12,,17,12405.789780642039,1240.578978064204,0.6,H,T,Lose,11,7,,17,6794.7563862419565,679.4756386241957,0.4,T,T,Win,7,11,,17,15162.631954118046,1516.2631954118046,0.7,H,H,Win,13,5,,17,6794.756386241955,679.4756386241955,0.4,T,T,Win,8,10,,17,22650.351437633137,2265.035143763314,0.2,T,T,Win,3,15,,17,8304.702249851282,830.4702249851282,0.6,H,T,Lose,10,8,,17,6794.756386241956,679.4756386241957,0.5,T,H,Lose,9,9,,17,10150.191638707123,1015.0191638707124,0.5,H,T,Lose,9,9,,17,5559.3461341979655,555.9346134197966,0.5,H,T,Lose,9,9,,17,15162.631954118042,1516.2631954118042,0.4,T,H,Lose,7,11,,17,8304.702249851282,830.4702249851282,0.5,T,H,Lose,9,9,,17,6794.7563862419565,679.4756386241957,0.5,T,T,Win,9,9,,17,6794.756386241957,679.4756386241958,0.6,H,T,Lose,10,8,,17,5559.346134197964,555.9346134197964,0.4,T,T,Win,8,10,,17,8304.70224985128,830.470224985128,0.5,T,H,Lose,9,9,,17,10150.191638707121,1015.0191638707122,0.6,H,H,Win,11,7,,17,10150.191638707121,1015.0191638707122,0.6,H,H,Win,11,7,,17,8304.702249851283,830.4702249851284,0.5,T,T,Win,9,9,,17,10150.191638707121,1015.0191638707122,0.4,T,T,Win,7,11,,17,12405.789780642039,1240.578978064204,0.4,T,H,Lose,7,11,,17,8304.70224985128,830.470224985128,0.4,T,T,Win,8,10,,17,18532.105721699827,1853.2105721699827,0.4,T,H,Lose,7,11,,17,22650.35143763313,2265.035143763313,0.3,T,H,Lose,6,12,,17,10150.191638707118,1015.0191638707118,0.4,T,H,Lose,8,10,,17,8304.702249851282,830.4702249851282,0.6,H,H,Win,11,7,,17,10150.19163870712,1015.019163870712,0.4,T,T,Win,7,11,,17,5559.3461341979655,555.9346134197966,0.6,H,H,Win,11,7,,17,5559.346134197964,555.9346134197964,0.4,T,T,Win,8,10,,17,8304.70224985128,830.470224985128,0.4,T,T,Win,8,10,,17,4548.555927980153,454.8555927980153,0.6,H,H,Win,11,7,,17,5559.346134197964,555.9346134197964,0.6,H,T,Lose,10,8,,17,10150.19163870712,1015.019163870712,0.4,T,T,Win,7,11,,17,3721.545759256488,372.1545759256488,0.5,T,H,Lose,9,9,,17,6794.756386241956,679.4756386241957,0.5,T,T,Win,9,9,,17,12405.789780642037,1240.5789780642037,0.4,T,T,Win,7,11,,17,8304.702249851282,830.4702249851282,0.4,T,T,Win,7,11,,17,12405.789780642039,1240.578978064204,0.7,H,H,Win,12,6,,17,6794.756386241956,679.4756386241957,0.4,T,H,Lose,7,11,,17,15162.631954118046,1516.2631954118046,0.4,T,H,Lose,7,11,,17,10150.191638707121,1015.0191638707122,0.6,T,H,Lose,10,8,,17,10150.19163870712,1015.019163870712,0.6,H,H,Win,10,8,,17,12405.789780642037,1240.5789780642037,0.4,T,H,Lose,7,11,,17,10150.19163870712,1015.019163870712,0.6,H,H,Win,11,7,,17,6794.756386241956,679.4756386241957,0.4,T,T,Win,8,10,,17,4548.555927980153,454.8555927980153,0.6,H,H,Win,10,8,,17,6794.756386241957,679.4756386241958,0.6,H,H,Win,10,8,,17,6794.756386241956,679.4756386241957,0.5,T,T,Win,9,9,,17,18532.10572169983,1853.2105721699832,0.4,T,H,Lose,7,11,,17,6794.756386241957,679.4756386241958,0.4,T,H,Lose,8,10,,17,12405.789780642035,1240.5789780642035,0.6,H,T,Lose,11,7,,17,10150.19163870712,1015.019163870712,0.4,T,T,Win,7,11,,17,6794.7563862419565,679.4756386241957,0.5,H,T,Lose,9,9,,17,15162.631954118047,1516.2631954118049,0.3,T,T,Win,5,13,,17,6794.7563862419565,679.4756386241957,0.6,T,H,Lose,10,8,,17,5559.346134197964,555.9346134197964,0.6,T,H,Lose,10,8,,17,12405.789780642037,1240.5789780642037,0.6,H,H,Win,10,8,,17,5559.346134197966,555.9346134197966,0.5,T,T,Win,9,9,,17,8304.702249851282,830.4702249851282,0.6,H,T,Lose,10,8,,17,15162.631954118047,1516.2631954118049,0.6,H,T,Lose,11,7,,17,8304.70224985128,830.470224985128,0.5,H,T,Lose,9,9,,17,10150.19163870712,1015.019163870712,0.4,T,T,Win,7,11,,17,12405.789780642037,1240.5789780642037,0.3,T,T,Win,6,12,,17,8304.702249851282,830.4702249851282,0.4,T,H,Lose,8,10,,17,8304.702249851278,830.4702249851279,0.6,H,H,Win,10,8,,17,12405.789780642039,1240.578978064204,0.3,T,T,Win,6,12,,17,10150.191638707118,1015.0191638707118,0.4,T,T,Win,7,11,,17,12405.789780642035,1240.5789780642035,0.8,H,H,Win,14,4,,17,12405.789780642039,1240.578978064204,0.4,T,T,Win,7,11,,17,8304.702249851282,830.4702249851282,0.5,H,T,Lose,9,9,,17,12405.789780642039,1240.578978064204,0.4,T,T,Win,8,10,,17,6794.756386241956,679.4756386241957,0.4,T,H,Lose,8,10,,17,5559.346134197964,555.9346134197964,0.6,H,T,Lose,11,7,,17,15162.631954118046,1516.2631954118046,0.3,T,H,Lose,6,12,,17,10150.19163870712,1015.019163870712,0.4,T,H,Lose,8,10,,17,5559.346134197963,555.9346134197963,0.6,H,H,Win,11,7,,17,6794.7563862419565,679.4756386241957,0.6,H,T,Lose,10,8,,17,8304.702249851278,830.4702249851279,0.6,H,T,Lose,10,8,,17,12405.789780642037,1240.5789780642037,0.4,T,H,Lose,7,11,,17,8304.70224985128,830.470224985128,0.5,H,T,Lose,9,9,,17,5559.346134197964,555.9346134197964,0.4,T,T,Win,8,10,,17,6794.756386241957,679.4756386241958,0.6,H,H,Win,11,7,,17,18532.10572169983,1853.2105721699832,0.4,T,H,Lose,7,11,,17,15162.631954118046,1516.2631954118046,0.7,H,H,Win,12,6,,17,8304.702249851282,830.4702249851282,0.6,H,H,Win,10,8,,17,10150.191638707123,1015.0191638707124,0.4,T,T,Win,7,11,,17,12405.789780642035,1240.5789780642035,0.5,H,T,Lose,9,9,,17,12405.789780642037,1240.5789780642037,0.6,H,T,Lose,11,7,,17,8304.70224985128,830.470224985128,0.6,H,H,Win,11,7,,17,10150.191638707123,1015.0191638707124,0.4,T,H,Lose,8,10,,17,12405.789780642039,1240.578978064204,0.3,T,T,Win,6,12,,17,10150.19163870712,1015.019163870712,0.4,T,H,Lose,8,10,,17,5559.346134197963,555.9346134197963,0.4,T,T,Win,7,11,,17,5559.346134197965,555.9346134197965,0.4,T,T,Win,8,10,,17,10150.191638707121,1015.0191638707122,0.6,T,H,Lose,10,8,,17,6794.756386241956,679.4756386241957,0.6,T,H,Lose,10,8,,17,8304.70224985128,830.470224985128,0.5,T,H,Lose,9,9,,17,3721.545759256489,372.15457592564894,0.6,H,T,Lose,10,8,,17,5559.346134197964,555.9346134197964,0.5,T,T,Win,9,9,,17,15162.63195411804,1516.2631954118042,0.4,T,T,Win,7,11,,17,5559.3461341979655,555.9346134197966,0.5,T,T,Win,9,9,,17,12405.789780642035,1240.5789780642035,0.3,T,T,Win,6,12,,17,8304.702249851282,830.4702249851282,0.6,T,H,Lose,10,8,,17,22650.35143763313,2265.035143763313,0.2,T,H,Lose,4,14,,17,6794.756386241957,679.4756386241958,0.6,H,H,Win,11,7,,17,6794.7563862419565,679.4756386241957,0.7,H,H,Win,12,6,,17,12405.789780642039,1240.578978064204,0.4,T,H,Lose,7,11,,17,12405.789780642035,1240.5789780642035,0.4,T,H,Lose,8,10,,17,12405.789780642037,1240.5789780642037,0.4,T,T,Win,7,11,,17,8304.70224985128,830.470224985128,0.6,H,T,Lose,11,7,,17,8304.70224985128,830.470224985128,0.4,T,H,Lose,8,10,,17,8304.70224985128,830.470224985128,0.6,H,T,Lose,10,8,,17,12405.789780642037,1240.5789780642037,0.4,T,H,Lose,7,11,,17,12405.789780642033,1240.5789780642035,0.4,T,H,Lose,7,11,,17,6794.756386241955,679.4756386241955,0.5,H,T,Lose,9,9,,17,5559.3461341979655,555.9346134197966,0.5,T,T,Win,9,9,,17,12405.789780642039,1240.578978064204,0.4,T,H,Lose,7,11,,17,10150.19163870712,1015.019163870712,0.7,H,H,Win,13,5,,17,8304.702249851282,830.4702249851282,0.6,T,H,Lose,10,8,,17,12405.789780642039,1240.578978064204,0.3,T,T,Win,6,12,,17,12405.789780642037,1240.5789780642037,0.4,T,H,Lose,8,10,,17,15162.631954118046,1516.2631954118046,0.3,T,H,Lose,6,12,,17,10150.19163870712,1015.019163870712,0.4,T,T,Win,7,11,,17,8304.702249851278,830.4702249851279,0.4,T,T,Win,7,11,,17,6794.756386241956,679.4756386241957,0.4,T,H,Lose,8,10,,17,27683.762868218277,2768.3762868218278,0.8,H,H,Win,15,3,,17,12405.789780642039,1240.578978064204,0.3,T,T,Win,6,12,,17,12405.789780642037,1240.5789780642037,0.4,T,T,Win,8,10,,17,12405.789780642037,1240.5789780642037,0.7,H,H,Win,12,6,,17,8304.70224985128,830.470224985128,0.6,H,T,Lose,11,7,,17,3721.5457592564894,372.15457592564894,0.6,H,T,Lose,10,8,,17,10150.19163870712,1015.019163870712,0.5,T,H,Lose,9,9,,17,15162.631954118046,1516.2631954118046,0.3,T,T,Win,5,13,,17,12405.789780642037,1240.5789780642037,0.7,H,H,Win,12,6,,17,10150.19163870712,1015.019163870712,0.4,T,T,Win,7,11,,17,8304.702249851282,830.4702249851282,0.7,H,H,Win,12,6,,17,6794.7563862419565,679.4756386241957,0.6,T,H,Lose,10,8,,17,10150.191638707121,1015.0191638707122,0.4,T,H,Lose,8,10,,17,12405.789780642039,1240.578978064204,0.4,T,T,Win,7,11,,17,6794.7563862419565,679.4756386241957,0.6,H,H,Win,11,7,,17,8304.702249851278,830.4702249851279,0.6,H,T,Lose,10,8,,17,18532.10572169983,1853.2105721699832,0.8,H,H,Win,14,4,,17,12405.789780642039,1240.578978064204,0.5,T,T,Win,9,9,,17,5559.346134197964,555.9346134197964,0.4,T,T,Win,8,10,,17,10150.19163870712,1015.019163870712,0.4,T,T,Win,7,11,,17,10150.191638707121,1015.0191638707122,0.5,T,H,Lose,9,9,,17,5559.346134197966,555.9346134197966,0.5,T,T,Win,9,9,,17,12405.789780642039,1240.578978064204,0.4,T,T,Win,8,10,,17,3721.5457592564894,372.15457592564894,0.4,T,T,Win,8,10,,17,5559.346134197964,555.9346134197964,0.4,T,H,Lose,8,10,,17,6794.756386241956,679.4756386241957,0.6,T,H,Lose,10,8,,17,12405.789780642035,1240.5789780642035,0.4,T,H,Lose,7,11,,17,5559.3461341979655,555.9346134197966,0.6,H,H,Win,11,7,,17,18532.105721699838,1853.2105721699838,0.7,H,H,Win,13,5,,17,4548.555927980154,454.8555927980154,0.6,H,H,Win,10,8,,17,10150.19163870712,1015.019163870712,0.7,H,H,Win,12,6,,17,12405.789780642039,1240.578978064204,0.6,H,T,Lose,10,8,,17,12405.789780642037,1240.5789780642037,0.7,H,H,Win,12,6,,17,5559.3461341979655,555.9346134197966,0.6,T,H,Lose,10,8,,17,12405.789780642039,1240.578978064204,0.4,T,H,Lose,8,10,,17,15162.631954118047,1516.2631954118049,0.3,T,T,Win,5,13,,17,12405.789780642031,1240.5789780642033,0.4,T,H,Lose,7,11,,17,8304.702249851278,830.4702249851279,0.4,T,T,Win,8,10,,17,18532.10572169984,1853.2105721699843,0.2,T,T,Win,4,14,,17,10150.19163870712,1015.019163870712,0.4,T,T,Win,7,11,,17,18532.105721699838,1853.2105721699838,0.3,T,H,Lose,6,12,,17,8304.702249851282,830.4702249851282,0.5,H,T,Lose,9,9,,17,15162.631954118046,1516.2631954118046,0.7,H,T,Lose,12,6,,17,8304.702249851283,830.4702249851284,0.6,H,T,Lose,10,8,,17,12405.789780642039,1240.578978064204,0.4,T,T,Win,8,10,,17,10150.191638707121,1015.0191638707122,0.6,H,H,Win,10,8,,17,8304.70224985128,830.470224985128,0.4,T,T,Win,8,10,,17,5559.346134197965,555.9346134197965,0.6,H,T,Lose,10,8,,17,15162.631954118046,1516.2631954118046,0.6,H,H,Win,11,7,,17,8304.702249851278,830.4702249851279,0.6,H,H,Win,11,7,,17,8304.702249851282,830.4702249851282,0.5,T,H,Lose,9,9,,17,8304.70224985128,830.470224985128,0.6,H,H,Win,10,8,,17,8304.702249851282,830.4702249851282,0.6,H,T,Lose,11,7,,17,10150.191638707121,1015.0191638707122,0.4,T,H,Lose,8,10,,17,10150.191638707118,1015.0191638707118,0.4,T,T,Win,7,11,,17,18532.105721699834,1853.2105721699836,0.7,H,T,Lose,12,6,,17,8304.70224985128,830.470224985128,0.6,H,T,Lose,10,8,,17,10150.19163870712,1015.019163870712,0.6,H,T,Lose,10,8,,17,8304.70224985128,830.470224985128,0.5,T,H,Lose,9,9,,17,8304.702249851278,830.4702249851279,0.5,H,T,Lose,9,9,,17,10150.19163870712,1015.019163870712,0.4,T,T,Win,8,10,,17,15162.631954118046,1516.2631954118046,0.3,T,T,Win,5,13,,17,12405.789780642037,1240.5789780642037,0.4,T,T,Win,7,11,,17,5559.346134197964,555.9346134197964,0.5,T,H,Lose,9,9,,17,10150.19163870712,1015.019163870712,0.6,T,H,Lose,10,8,,17,22650.351437633133,2265.0351437633135,0.7,H,T,Lose,13,5,,17,12405.789780642039,1240.578978064204,0.4,T,T,Win,7,11,,17,10150.19163870712,1015.019163870712,0.4,T,H,Lose,8,10,,17,8304.702249851278,830.4702249851279,0.6,H,T,Lose,11,7,,17,12405.789780642035,1240.5789780642035,0.4,T,H,Lose,7,11,,17,18532.10572169983,1853.2105721699832,0.3,T,T,Win,6,12,,17,12405.789780642037,1240.5789780642037,0.3,T,T,Win,6,12,,17,8304.702249851282,830.4702249851282,0.4,T,T,Win,8,10,,17,15162.631954118046,1516.2631954118046,0.3,T,H,Lose,6,12,,17,6794.756386241956,679.4756386241957,0.5,T,T,Win,9,9,,17,5559.346134197965,555.9346134197965,0.5,H,T,Lose,9,9,,17,10150.19163870712,1015.019163870712,0.4,T,H,Lose,8,10,,17,10150.191638707121,1015.0191638707122,0.6,H,H,Win,11,7,,17,15162.631954118046,1516.2631954118046,0.4,T,H,Lose,8,10,,17,10150.19163870712,1015.019163870712,0.4,T,T,Win,7,11,,17,10150.191638707121,1015.0191638707122,0.6,H,T,Lose,11,7,,17,4548.555927980152,454.8555927980152,0.4,T,T,Win,8,10,,17,10150.191638707121,1015.0191638707122,0.6,H,H,Win,11,7,,17,6794.756386241957,679.4756386241958,0.5,T,T,Win,9,9,,17,22650.351437633133,2265.0351437633135,0.7,H,T,Lose,13,5,,17,8304.70224985128,830.470224985128,0.6,H,H,Win,11,7,,17,8304.70224985128,830.470224985128,0.6,H,T,Lose,10,8,,17,8304.70224985128,830.470224985128,0.7,H,H,Win,12,6,,17,8304.702249851278,830.4702249851279,0.5,T,T,Win,9,9,,17,8304.702249851282,830.4702249851282,0.4,T,T,Win,8,10,,17,15162.63195411805,1516.263195411805,0.3,T,T,Win,5,13,,17,6794.7563862419565,679.4756386241957,0.6,H,H,Win,11,7,,17,4548.555927980153,454.8555927980153,0.6,H,H,Win,10,8,,17,10150.19163870712,1015.019163870712,0.4,T,H,Lose,8,10,,17,12405.789780642037,1240.5789780642037,0.3,T,T,Win,6,12,,17,5559.3461341979655,555.9346134197966,0.6,H,T,Lose,10,8,,17,15162.63195411805,1516.263195411805,0.7,H,H,Win,12,6,,17,10150.191638707121,1015.0191638707122,0.6,H,H,Win,10,8,,17,18532.105721699838,1853.2105721699838,0.3,T,T,Win,6,12,,17,12405.789780642037,1240.5789780642037,0.5,T,T,Win,9,9,,17,8304.702249851282,830.4702249851282,0.6,H,H,Win,11,7,,17,8304.70224985128,830.470224985128,0.7,H,H,Win,12,6,,17,10150.191638707121,1015.0191638707122,0.5,T,T,Win,9,9,,17,12405.789780642039,1240.578978064204,0.6,H,T,Lose,11,7,,17,5559.346134197964,555.9346134197964,0.6,H,H,Win,11,7,,17,8304.70224985128,830.470224985128,0.5,H,T,Lose,9,9,,17,8304.702249851278,830.4702249851279,0.6,H,H,Win,10,8,,17,6794.756386241957,679.4756386241958,0.4,T,T,Win,8,10,,17,6794.7563862419565,679.4756386241957,0.6,H,T,Lose,10,8,,17,6794.756386241957,679.4756386241958,0.5,T,T,Win,9,9,,17,10150.191638707121,1015.0191638707122,0.4,T,T,Win,8,10,,17,12405.789780642039,1240.578978064204,0.4,T,H,Lose,7,11,,17,10150.191638707121,1015.0191638707122,0.4,T,H,Lose,7,11,,17,6794.7563862419565,679.4756386241957,0.5,T,T,Win,9,9,,17,8304.702249851282,830.4702249851282,0.6,H,H,Win,11,7,,17,8304.702249851278,830.4702249851279,0.6,H,T,Lose,10,8,,17,8304.70224985128,830.470224985128,0.4,T,T,Win,8,10,,17,8304.702249851282,830.4702249851282,0.6,T,H,Lose,10,8,,17,10150.19163870712,1015.019163870712,0.6,H,H,Win,11,7,,17,18532.10572169983,1853.2105721699832,0.3,T,T,Win,5,13,,17,5559.3461341979655,555.9346134197966,0.4,T,T,Win,8,10,,17,8304.70224985128,830.470224985128,0.4,T,H,Lose,8,10,,17,3721.5457592564894,372.15457592564894,0.6,H,H,Win,11,7,,17,10150.191638707121,1015.0191638707122,0.6,H,T,Lose,10,8,,17,15162.631954118046,1516.2631954118046,0.4,T,H,Lose,8,10,,17,6794.756386241958,679.4756386241959,0.5,H,T,Lose,9,9,,17,4548.555927980153,454.8555927980153,0.5,H,T,Lose,9,9,,17,5559.346134197964,555.9346134197964,0.5,T,H,Lose,9,9,,17,27683.762868218266,2768.376286821827,0.8,H,T,Lose,14,4,,17,10150.191638707121,1015.0191638707122,0.6,H,T,Lose,10,8,,17,8304.70224985128,830.470224985128,0.4,T,T,Win,8,10,,17,15162.631954118042,1516.2631954118042,0.4,T,T,Win,7,11,,17,8304.702249851278,830.4702249851279,0.4,T,T,Win,7,11,,17,6794.7563862419565,679.4756386241957,0.5,T,H,Lose,9,9,,17,6794.756386241957,679.4756386241958,0.5,T,H,Lose,9,9,,17,8304.702249851278,830.4702249851279,0.6,H,H,Win,10,8,,17,10150.19163870712,1015.019163870712,0.4,T,T,Win,7,11,,17,18532.105721699834,1853.2105721699836,0.3,T,T,Win,6,12,,17,12405.789780642037,1240.5789780642037,0.4,T,H,Lose,7,11,,17,5559.3461341979655,555.9346134197966,0.5,T,T,Win,9,9,,17,4548.555927980154,454.8555927980154,0.6,H,H,Win,11,7,,17,10150.19163870712,1015.019163870712,0.4,T,T,Win,8,10,,17,12405.789780642033,1240.5789780642035,0.6,H,H,Win,11,7,,17,6794.756386241957,679.4756386241958,0.6,T,H,Lose,10,8,,17,5559.346134197963,555.9346134197963,0.7,H,H,Win,12,6,,17,6794.756386241959,679.475638624196,0.5,T,H,Lose,9,9,,17,8304.702249851282,830.4702249851282,0.4,T,H,Lose,8,10,,17,6794.756386241957,679.4756386241958,0.7,H,H,Win,12,6,,17,5559.346134197964,555.9346134197964,0.6,H,H,Win,10,8,,17,10150.191638707121,1015.0191638707122,0.6,H,H,Win,11,7,,17,5559.346134197966,555.9346134197966,0.4,T,T,Win,8,10,,17,8304.702249851282,830.4702249851282,0.4,T,T,Win,7,11,,17,8304.70224985128,830.470224985128,0.6,H,H,Win,11,7,,17,5559.346134197964,555.9346134197964,0.4,T,T,Win,8,10,,17,10150.191638707121,1015.0191638707122,0.4,T,T,Win,8,10,,17,8304.70224985128,830.470224985128,0.6,H,H,Win,11,7,,17,15162.631954118046,1516.2631954118046,0.4,T,T,Win,7,11,,17,12405.789780642037,1240.5789780642037,0.5,T,T,Win,9,9,,17,15162.63195411805,1516.263195411805,0.7,H,H,Win,12,6,,17,3721.545759256489,372.15457592564894,0.5,T,H,Lose,9,9,,17,4548.555927980153,454.8555927980153,0.6,H,H,Win,10,8,,17,10150.191638707121,1015.0191638707122,0.4,T,H,Lose,8,10,,17,8304.70224985128,830.470224985128,0.4,T,T,Win,8,10,,17,10150.191638707121,1015.0191638707122,0.7,H,H,Win,12,6,,17,8304.702249851283,830.4702249851284,0.5,T,T,Win,9,9,,17,6794.756386241957,679.4756386241958,0.5,T,H,Lose,9,9,,17,12405.789780642039,1240.578978064204,0.4,T,H,Lose,7,11,,17,8304.70224985128,830.470224985128,0.4,T,H,Lose,8,10,
18,13646.368758706238,1364.636875870624,0.6,H,H,Win,12,7,,18,11165.210802577829,1116.5210802577828,0.4,T,T,Win,8,11,,18,6115.280747617762,611.5280747617762,0.4,T,T,Win,8,11,,18,6115.280747617761,611.5280747617761,0.5,H,H,Win,10,9,,18,9135.172474836407,913.5172474836407,0.5,T,H,Lose,9,10,,18,11165.210802577829,1116.5210802577828,0.5,H,T,Lose,9,10,,18,7474.232024866152,747.4232024866152,0.5,T,H,Lose,10,9,,18,6115.280747617762,611.5280747617762,0.5,H,H,Win,10,9,,18,11165.210802577833,1116.5210802577833,0.4,T,T,Win,7,12,,18,6115.28074761776,611.5280747617761,0.5,H,T,Lose,9,10,,18,9135.172474836407,913.5172474836407,0.5,T,T,Win,10,9,,18,11165.210802577833,1116.5210802577833,0.4,T,H,Lose,8,11,,18,9135.172474836407,913.5172474836407,0.5,T,H,Lose,9,10,,18,20385.316293869822,2038.5316293869823,0.3,T,T,Win,6,13,,18,7474.23202486615,747.4232024866151,0.3,T,T,Win,6,13,,18,9135.172474836407,913.5172474836407,0.6,H,T,Lose,11,8,,18,11165.210802577833,1116.5210802577833,0.4,T,T,Win,7,12,,18,9135.17247483641,913.5172474836411,0.6,H,T,Lose,11,8,,18,9135.172474836407,913.5172474836407,0.6,H,T,Lose,11,8,,18,11165.210802577834,1116.5210802577835,0.4,T,T,Win,7,12,,18,5003.411520778167,500.34115207781673,0.5,H,T,Lose,10,9,,18,11165.210802577833,1116.5210802577833,0.4,T,H,Lose,8,11,,18,9135.172474836407,913.5172474836407,0.5,H,T,Lose,9,10,,18,20385.316293869822,2038.5316293869823,0.7,H,T,Lose,14,5,,18,13646.368758706243,1364.6368758706244,0.7,H,T,Lose,13,6,,18,11165.210802577834,1116.5210802577835,0.4,T,H,Lose,8,11,,18,13646.368758706241,1364.6368758706242,0.6,T,H,Lose,11,8,,18,20385.316293869815,2038.5316293869816,0.2,T,T,Win,4,15,,18,6115.28074761776,611.5280747617761,0.5,T,T,Win,9,10,,18,5003.411520778169,500.3411520778169,0.6,H,T,Lose,11,8,,18,11165.210802577829,1116.5210802577828,0.7,H,H,Win,13,6,,18,11165.210802577833,1116.5210802577833,0.6,H,T,Lose,12,7,,18,9135.172474836407,913.5172474836407,0.5,T,H,Lose,9,10,,18,13646.368758706241,1364.6368758706242,0.4,T,H,Lose,8,11,,18,7474.232024866152,747.4232024866152,0.6,H,T,Lose,11,8,,18,9135.17247483641,913.5172474836411,0.4,T,T,Win,8,11,,18,11165.210802577836,1116.5210802577838,0.4,T,T,Win,7,12,,18,9135.172474836407,913.5172474836407,0.5,T,H,Lose,9,10,,18,16678.895149529853,1667.8895149529853,0.5,H,T,Lose,10,9,,18,11165.210802577834,1116.5210802577835,0.4,T,T,Win,8,11,,18,16678.89514952985,1667.889514952985,0.4,T,H,Lose,8,11,,18,11165.210802577834,1116.5210802577835,0.4,T,T,Win,8,11,,18,9135.172474836407,913.5172474836407,0.4,T,T,Win,8,11,,18,9135.172474836405,913.5172474836405,0.4,T,T,Win,7,12,,18,7474.232024866152,747.4232024866152,0.5,T,T,Win,10,9,,18,7474.232024866155,747.4232024866155,0.6,H,H,Win,12,7,,18,13646.368758706243,1364.6368758706244,0.7,H,H,Win,13,6,,18,6115.280747617761,611.5280747617761,0.4,T,T,Win,7,12,,18,7474.232024866152,747.4232024866152,0.5,T,T,Win,9,10,,18,16678.895149529853,1667.8895149529853,0.3,T,H,Lose,6,13,,18,9135.172474836407,913.5172474836407,0.4,T,H,Lose,8,11,,18,13646.368758706243,1364.6368758706244,0.3,T,T,Win,6,13,,18,9135.17247483641,913.5172474836411,0.5,T,H,Lose,9,10,,18,20385.31629386982,2038.5316293869819,0.4,T,H,Lose,7,12,,18,7474.23202486615,747.4232024866151,0.5,T,H,Lose,10,9,,18,13646.368758706243,1364.6368758706244,0.4,T,H,Lose,7,12,,18,13646.368758706241,1364.6368758706242,0.4,T,H,Lose,8,11,,18,16678.895149529853,1667.8895149529853,0.3,T,T,Win,5,14,,18,6115.28074761776,611.5280747617761,0.5,H,T,Lose,10,9,,18,11165.210802577833,1116.5210802577833,0.7,H,H,Win,13,6,,18,7474.232024866151,747.4232024866151,0.4,T,T,Win,8,11,,18,9135.172474836407,913.5172474836407,0.6,H,T,Lose,11,8,,18,11165.210802577833,1116.5210802577833,0.6,H,T,Lose,11,8,,18,16678.895149529846,1667.8895149529847,0.3,T,T,Win,5,14,,18,11165.210802577833,1116.5210802577833,0.4,T,T,Win,7,12,,18,7474.23202486615,747.4232024866151,0.6,H,H,Win,12,7,,18,5003.41152077817,500.341152077817,0.5,T,T,Win,10,9,,18,6115.28074761776,611.5280747617761,0.5,T,H,Lose,9,10,,18,13646.368758706241,1364.6368758706242,0.7,H,H,Win,14,5,,18,5003.411520778167,500.34115207781673,0.5,H,H,Win,10,9,,18,5003.411520778167,500.34115207781673,0.5,H,H,Win,10,9,,18,7474.23202486615,747.4232024866151,0.5,H,T,Lose,10,9,,18,5003.411520778168,500.3411520778168,0.6,H,H,Win,12,7,,18,13646.368758706234,1364.6368758706235,0.3,T,T,Win,6,13,,18,7474.232024866154,747.4232024866154,0.5,T,T,Win,10,9,,18,6115.28074761776,611.5280747617761,0.5,H,T,Lose,9,10,,18,6115.280747617763,611.5280747617763,0.5,T,T,Win,9,10,,18,16678.895149529853,1667.8895149529853,0.3,T,H,Lose,6,13,,18,16678.895149529853,1667.8895149529853,0.6,H,T,Lose,12,7,,18,13646.368758706243,1364.6368758706244,0.6,H,T,Lose,12,7,,18,11165.210802577834,1116.5210802577835,0.3,T,T,Win,6,13,,18,6115.280747617761,611.5280747617761,0.5,T,H,Lose,10,9,,18,13646.368758706241,1364.6368758706242,0.4,T,H,Lose,7,12,,18,7474.232024866154,747.4232024866154,0.5,T,T,Win,10,9,,18,7474.232024866153,747.4232024866153,0.6,H,T,Lose,11,8,,18,4093.7003351821386,409.37003351821386,0.5,T,T,Win,9,10,,18,13646.368758706238,1364.636875870624,0.7,H,H,Win,13,6,,18,6115.280747617762,611.5280747617762,0.6,H,T,Lose,11,8,,18,13646.368758706238,1364.636875870624,0.7,H,T,Lose,13,6,,18,13646.368758706238,1364.636875870624,0.4,T,H,Lose,7,12,,18,7474.232024866154,747.4232024866154,0.5,T,T,Win,9,10,,18,5003.411520778169,500.3411520778169,0.6,T,H,Lose,11,8,,18,9135.172474836407,913.5172474836407,0.4,T,T,Win,8,11,,18,13646.368758706245,1364.6368758706246,0.3,T,T,Win,6,13,,18,6115.28074761776,611.5280747617761,0.5,H,H,Win,10,9,,18,20385.316293869815,2038.5316293869816,0.2,T,T,Win,4,15,,18,13646.368758706245,1364.6368758706246,0.6,H,T,Lose,11,8,,18,6115.28074761776,611.5280747617761,0.6,H,T,Lose,12,7,,18,11165.210802577833,1116.5210802577833,0.5,H,H,Win,10,9,,18,7474.232024866153,747.4232024866153,0.5,T,H,Lose,9,10,,18,9135.172474836407,913.5172474836407,0.7,H,T,Lose,13,6,,18,13646.368758706241,1364.6368758706242,0.6,H,T,Lose,11,8,,18,7474.232024866152,747.4232024866152,0.5,T,T,Win,10,9,,18,7474.232024866153,747.4232024866153,0.4,T,T,Win,8,11,,18,11165.210802577833,1116.5210802577833,0.5,H,T,Lose,10,9,,18,6115.2807476177595,611.528074761776,0.5,T,H,Lose,10,9,,18,9135.172474836407,913.5172474836407,0.6,H,H,Win,12,7,,18,7474.232024866152,747.4232024866152,0.6,H,H,Win,11,8,,18,6115.280747617761,611.5280747617761,0.6,T,H,Lose,11,8,,18,11165.210802577829,1116.5210802577828,0.6,T,H,Lose,11,8,,18,16678.89514952985,1667.889514952985,0.3,T,T,Win,5,14,,18,6115.28074761776,611.5280747617761,0.6,H,T,Lose,11,8,,18,6115.28074761776,611.5280747617761,0.6,H,T,Lose,11,8,,18,5003.411520778169,500.3411520778169,0.6,T,H,Lose,11,8,,18,13646.368758706241,1364.6368758706242,0.4,T,H,Lose,8,11,,18,11165.210802577834,1116.5210802577835,0.4,T,H,Lose,8,11,,18,7474.232024866152,747.4232024866152,0.5,T,H,Lose,9,10,,18,5003.411520778169,500.3411520778169,0.5,H,T,Lose,10,9,,18,6115.28074761776,611.5280747617761,0.5,T,T,Win,10,9,,18,6115.28074761776,611.5280747617761,0.6,H,T,Lose,11,8,,18,6115.280747617761,611.5280747617761,0.6,H,H,Win,11,8,,18,11165.210802577834,1116.5210802577835,0.4,T,T,Win,7,12,,18,9135.172474836407,913.5172474836407,0.4,T,T,Win,7,12,,18,11165.210802577833,1116.5210802577833,0.4,T,T,Win,7,12,,18,13646.368758706243,1364.6368758706244,0.3,T,T,Win,6,13,,18,7474.23202486615,747.4232024866151,0.6,T,H,Lose,11,8,,18,5003.411520778168,500.3411520778168,0.6,H,T,Lose,11,8,,18,7474.232024866152,747.4232024866152,0.6,H,H,Win,11,8,,18,7474.232024866154,747.4232024866154,0.4,T,T,Win,8,11,,18,9135.172474836407,913.5172474836407,0.6,H,T,Lose,12,7,,18,11165.210802577834,1116.5210802577835,0.7,H,H,Win,14,5,,18,16678.89514952985,1667.889514952985,0.3,T,H,Lose,6,13,,18,7474.232024866153,747.4232024866153,0.6,H,H,Win,12,7,,18,16678.89514952985,1667.889514952985,0.4,T,H,Lose,8,11,,18,16678.89514952985,1667.889514952985,0.8,H,H,Win,15,4,,18,11165.210802577829,1116.5210802577828,0.5,T,T,Win,10,9,,18,9135.172474836407,913.5172474836407,0.6,H,T,Lose,11,8,,18,2740.4109681797786,274.04109681797786,0.5,T,T,Win,9,10,,18,9135.172474836407,913.5172474836407,0.5,T,H,Lose,9,10,,18,9135.172474836407,913.5172474836407,0.5,T,T,Win,10,9,,18,11165.210802577833,1116.5210802577833,0.4,T,T,Win,8,11,,18,7474.23202486615,747.4232024866151,0.5,T,T,Win,10,9,,18,5003.411520778169,500.3411520778169,0.5,T,H,Lose,9,10,,18,11165.210802577829,1116.5210802577828,0.4,T,T,Win,7,12,,18,9135.172474836412,913.5172474836413,0.6,H,T,Lose,11,8,,18,11165.210802577833,1116.5210802577833,0.4,T,H,Lose,8,11,,18,9135.172474836409,913.5172474836409,0.6,H,H,Win,12,7,,18,9135.172474836407,913.5172474836407,0.4,T,T,Win,8,11,,18,5003.411520778168,500.3411520778168,0.5,T,T,Win,9,10,,18,9135.172474836407,913.5172474836407,0.4,T,H,Lose,8,11,,18,11165.210802577834,1116.5210802577835,0.5,T,T,Win,9,10,,18,6115.280747617762,611.5280747617762,0.5,H,T,Lose,10,9,,18,16678.895149529853,1667.8895149529853,0.7,H,H,Win,14,5,,18,7474.232024866152,747.4232024866152,0.5,T,T,Win,10,9,,18,13646.368758706238,1364.636875870624,0.3,T,T,Win,6,13,,18,4093.7003351821386,409.37003351821386,0.4,T,T,Win,8,11,,18,5003.411520778169,500.3411520778169,0.6,T,H,Lose,11,8,,18,7474.232024866153,747.4232024866153,0.5,H,T,Lose,9,10,,18,7474.232024866154,747.4232024866154,0.5,H,T,Lose,9,10,,18,13646.368758706238,1364.636875870624,0.7,H,H,Win,13,6,,18,16678.895149529853,1667.8895149529853,0.4,T,H,Lose,7,12,,18,4093.7003351821377,409.3700335182138,0.6,T,H,Lose,11,8,,18,11165.210802577834,1116.5210802577835,0.4,T,T,Win,8,11,,18,3349.3911833308402,334.939118333084,0.6,T,H,Lose,11,8,,18,6115.280747617763,611.5280747617763,0.5,T,H,Lose,9,10,,18,7474.232024866151,747.4232024866151,0.6,H,H,Win,11,8,,18,11165.210802577833,1116.5210802577833,0.6,H,H,Win,12,7,,18,11165.210802577829,1116.5210802577828,0.5,H,H,Win,10,9,,18,9135.17247483641,913.5172474836411,0.6,H,H,Win,12,7,,18,9135.172474836405,913.5172474836405,0.5,T,T,Win,10,9,,18,7474.232024866154,747.4232024866154,0.5,H,T,Lose,10,9,,18,7474.232024866152,747.4232024866152,0.5,H,H,Win,10,9,,18,9135.172474836405,913.5172474836405,0.6,T,H,Lose,11,8,,18,7474.232024866151,747.4232024866151,0.4,T,T,Win,8,11,,18,6115.2807476177595,611.528074761776,0.5,T,T,Win,10,9,,18,13646.368758706241,1364.6368758706242,0.3,T,T,Win,6,13,,18,11165.210802577836,1116.5210802577838,0.4,T,T,Win,7,12,,18,6115.28074761776,611.5280747617761,0.5,T,T,Win,10,9,,18,7474.23202486615,747.4232024866151,0.5,T,T,Win,9,10,,18,7474.2320248661545,747.4232024866155,0.5,T,T,Win,10,9,,18,11165.210802577829,1116.5210802577828,0.7,H,H,Win,14,5,,18,13646.368758706238,1364.636875870624,0.7,H,H,Win,13,6,,18,9135.172474836407,913.5172474836407,0.4,T,T,Win,7,12,,18,4093.700335182139,409.3700335182139,0.5,H,T,Lose,10,9,,18,5003.411520778169,500.3411520778169,0.6,T,H,Lose,11,8,,18,11165.210802577833,1116.5210802577833,0.7,H,H,Win,13,6,,18,11165.210802577833,1116.5210802577833,0.6,H,T,Lose,11,8,,18,24915.386581396444,2491.5386581396447,0.2,T,T,Win,4,15,,18,4093.7003351821377,409.3700335182138,0.5,H,T,Lose,10,9,,18,7474.23202486615,747.4232024866151,0.6,H,H,Win,12,7,,18,9135.172474836407,913.5172474836407,0.6,H,T,Lose,12,7,,18,11165.210802577834,1116.5210802577835,0.4,T,T,Win,7,12,,18,11165.210802577829,1116.5210802577828,0.5,H,H,Win,10,9,,18,13646.368758706241,1364.6368758706242,0.5,T,H,Lose,9,10,,18,7474.232024866154,747.4232024866154,0.5,T,T,Win,9,10,,18,11165.210802577833,1116.5210802577833,0.4,T,T,Win,7,12,,18,11165.210802577833,1116.5210802577833,0.4,T,H,Lose,8,11,,18,11165.210802577833,1116.5210802577833,0.7,H,H,Win,13,6,,18,13646.368758706243,1364.6368758706244,0.3,T,T,Win,6,13,,18,20385.31629386982,2038.5316293869819,0.3,T,T,Win,5,14,,18,24915.38658139645,2491.538658139645,0.3,T,H,Lose,6,13,,18,16678.895149529853,1667.8895149529853,0.7,H,H,Win,14,5,,18,5003.411520778167,500.34115207781673,0.6,T,H,Lose,11,8,,18,13646.368758706243,1364.6368758706244,0.6,H,H,Win,12,7,,18,5003.411520778168,500.3411520778168,0.6,H,H,Win,12,7,,18,9135.172474836407,913.5172474836407,0.5,T,H,Lose,9,10,,18,7474.23202486615,747.4232024866151,0.4,T,T,Win,8,11,,18,11165.210802577833,1116.5210802577833,0.4,T,T,Win,7,12,,18,16678.895149529853,1667.8895149529853,0.3,T,H,Lose,6,13,,18,11165.210802577833,1116.5210802577833,0.7,H,T,Lose,13,6,,18,9135.172474836409,913.5172474836409,0.7,H,H,Win,13,6,,18,9135.172474836407,913.5172474836407,0.6,H,T,Lose,12,7,,18,16678.895149529853,1667.8895149529853,0.3,T,T,Win,5,14,,18,13646.368758706243,1364.6368758706244,0.4,T,H,Lose,7,12,,18,4093.700335182138,409.37003351821386,0.5,T,T,Win,10,9,,18,9135.172474836407,913.5172474836407,0.5,H,T,Lose,9,10,,18,6115.28074761776,611.5280747617761,0.5,H,T,Lose,9,10,,18,13646.368758706234,1364.6368758706235,0.5,T,H,Lose,9,10,,18,20385.316293869815,2038.5316293869816,0.7,H,H,Win,14,5,,18,9135.172474836407,913.5172474836407,0.6,H,T,Lose,11,8,,18,9135.172474836407,913.5172474836407,0.4,T,T,Win,8,11,,18,6115.28074761776,611.5280747617761,0.6,H,T,Lose,11,8,,18,3349.3911833308402,334.939118333084,0.5,H,T,Lose,9,10,,18,7474.232024866151,747.4232024866151,0.5,H,T,Lose,10,9,,18,7474.232024866152,747.4232024866152,0.5,H,T,Lose,9,10,,18,16678.895149529853,1667.8895149529853,0.3,T,T,Win,5,14,,18,7474.232024866154,747.4232024866154,0.5,T,H,Lose,10,9,,18,6115.28074761776,611.5280747617761,0.6,T,H,Lose,11,8,,18,6115.2807476177595,611.528074761776,0.5,T,T,Win,9,10,,18,9135.172474836407,913.5172474836407,0.5,H,H,Win,10,9,,18,20385.316293869815,2038.5316293869816,0.7,H,T,Lose,13,6,,18,7474.232024866154,747.4232024866154,0.6,H,H,Win,12,7,,18,11165.210802577834,1116.5210802577835,0.7,H,T,Lose,13,6,,18,7474.232024866154,747.4232024866154,0.5,T,H,Lose,9,10,,18,4093.7003351821377,409.3700335182138,0.5,H,T,Lose,10,9,,18,13646.368758706238,1364.636875870624,0.6,H,T,Lose,12,7,,18,7474.23202486615,747.4232024866151,0.6,H,H,Win,12,7,,18,16678.89514952985,1667.889514952985,0.3,T,H,Lose,6,13,,18,11165.210802577833,1116.5210802577833,0.6,H,H,Win,12,7,,18,7474.232024866154,747.4232024866154,0.5,H,H,Win,10,9,,18,11165.210802577833,1116.5210802577833,0.7,H,H,Win,13,6,,18,9135.172474836405,913.5172474836405,0.5,T,H,Lose,10,9,,18,7474.232024866152,747.4232024866152,0.6,H,H,Win,12,7,,18,11165.210802577833,1116.5210802577833,0.5,T,T,Win,9,10,,18,13646.368758706238,1364.636875870624,0.7,H,H,Win,14,5,,18,7474.232024866153,747.4232024866153,0.6,H,T,Lose,11,8,,18,7474.232024866153,747.4232024866153,0.6,H,T,Lose,11,8,,18,11165.210802577834,1116.5210802577835,0.5,T,T,Win,10,9,,18,5003.411520778167,500.34115207781673,0.5,H,H,Win,10,9,,18,11165.210802577836,1116.5210802577838,0.5,H,T,Lose,9,10,,18,20385.31629386982,2038.5316293869819,0.4,T,H,Lose,7,12,,18,13646.368758706238,1364.636875870624,0.6,H,T,Lose,11,8,,18,5003.411520778169,500.3411520778169,0.5,H,T,Lose,9,10,,18,7474.232024866153,747.4232024866153,0.5,T,H,Lose,10,9,,18,6115.28074761776,611.5280747617761,0.6,H,T,Lose,11,8,,18,9135.172474836409,913.5172474836409,0.6,H,T,Lose,11,8,,18,6115.28074761776,611.5280747617761,0.4,T,T,Win,8,11,,18,5003.411520778168,500.3411520778168,0.5,H,T,Lose,10,9,,18,6115.28074761776,611.5280747617761,0.5,T,T,Win,9,10,,18,11165.210802577834,1116.5210802577835,0.4,T,T,Win,7,12,,18,6115.2807476177595,611.528074761776,0.5,T,H,Lose,10,9,,18,11165.210802577834,1116.5210802577835,0.4,T,T,Win,7,12,,18,11165.210802577833,1116.5210802577833,0.5,H,T,Lose,9,10,,18,11165.210802577833,1116.5210802577833,0.4,T,H,Lose,8,11,,18,9135.172474836407,913.5172474836407,0.4,T,T,Win,7,12,,18,5003.411520778169,500.3411520778169,0.5,T,H,Lose,10,9,,18,9135.172474836407,913.5172474836407,0.6,H,T,Lose,11,8,,18,11165.210802577829,1116.5210802577828,0.4,T,T,Win,7,12,,18,5003.411520778167,500.34115207781673,0.5,H,H,Win,10,9,,18,16678.89514952985,1667.889514952985,0.3,T,H,Lose,6,13,,18,13646.368758706241,1364.6368758706242,0.7,H,H,Win,13,6,,18,6115.28074761776,611.5280747617761,0.5,T,T,Win,9,10,,18,16678.895149529853,1667.8895149529853,0.4,T,T,Win,8,11,,18,11165.210802577834,1116.5210802577835,0.6,H,H,Win,11,8,,18,6115.280747617763,611.5280747617763,0.4,T,T,Win,8,11,,18,7474.232024866154,747.4232024866154,0.4,T,H,Lose,8,11,,18,11165.210802577834,1116.5210802577835,0.3,T,H,Lose,6,13,,18,9135.172474836409,913.5172474836409,0.4,T,T,Win,8,11,,18,6115.28074761776,611.5280747617761,0.5,H,T,Lose,10,9,,18,20385.316293869815,2038.5316293869816,0.7,H,T,Lose,13,6,,18,11165.210802577833,1116.5210802577833,0.4,T,H,Lose,7,12,,18,9135.172474836412,913.5172474836413,0.6,H,H,Win,12,7,,18,9135.172474836407,913.5172474836407,0.4,T,T,Win,8,11,,18,6115.28074761776,611.5280747617761,0.5,T,T,Win,10,9,,18,11165.210802577829,1116.5210802577828,0.4,T,H,Lose,8,11,,18,13646.368758706243,1364.6368758706244,0.4,T,H,Lose,7,12,,18,13646.368758706241,1364.6368758706242,0.3,T,T,Win,6,13,,18,9135.172474836407,913.5172474836407,0.4,T,T,Win,8,11,,18,5003.411520778169,500.3411520778169,0.6,T,H,Lose,11,8,,18,16678.89514952985,1667.889514952985,0.4,T,H,Lose,8,11,,18,5003.411520778167,500.34115207781673,0.5,H,T,Lose,9,10,,18,11165.210802577833,1116.5210802577833,0.6,H,T,Lose,11,8,,18,11165.210802577834,1116.5210802577835,0.4,T,H,Lose,7,12,,18,6115.280747617762,611.5280747617762,0.6,H,T,Lose,11,8,,18,9135.172474836407,913.5172474836407,0.5,H,T,Lose,9,10,,18,7474.23202486615,747.4232024866151,0.6,H,H,Win,11,8,,18,2740.410968179778,274.0410968179778,0.5,T,T,Win,10,9,,18,7474.23202486615,747.4232024866151,0.6,H,T,Lose,11,8,,18,11165.210802577834,1116.5210802577835,0.4,T,H,Lose,8,11,,18,7474.232024866152,747.4232024866152,0.5,T,T,Win,9,10,,18,16678.89514952985,1667.889514952985,0.3,T,H,Lose,6,13,,18,7474.232024866154,747.4232024866154,0.5,T,H,Lose,9,10,,18,16678.89514952985,1667.889514952985,0.3,T,H,Lose,6,13,,18,16678.895149529853,1667.8895149529853,0.3,T,T,Win,5,14,,18,9135.172474836405,913.5172474836405,0.4,T,T,Win,8,11,,18,16678.895149529853,1667.8895149529853,0.7,H,H,Win,14,5,,18,13646.368758706243,1364.6368758706244,0.4,T,H,Lose,7,12,,18,9135.172474836407,913.5172474836407,0.5,H,H,Win,10,9,,18,4093.7003351821386,409.37003351821386,0.5,H,H,Win,10,9,,18,7474.232024866153,747.4232024866153,0.4,T,T,Win,8,11,,18,16678.895149529853,1667.8895149529853,0.3,T,T,Win,5,14,,18,6115.280747617762,611.5280747617762,0.6,H,H,Win,12,7,,18,11165.210802577834,1116.5210802577835,0.6,H,T,Lose,11,8,,18,5003.411520778167,500.34115207781673,0.5,H,T,Lose,9,10,,18,6115.280747617761,611.5280747617761,0.6,H,H,Win,11,8,,18,5003.411520778168,500.3411520778168,0.5,T,T,Win,9,10,,18,11165.210802577833,1116.5210802577833,0.4,T,T,Win,8,11,,18,37219.28118949346,3721.928118949346,0.8,H,T,Lose,16,3,,18,11165.210802577829,1116.5210802577828,0.4,T,H,Lose,8,11,,18,7474.232024866153,747.4232024866153,0.5,H,H,Win,10,9,,18,11165.210802577834,1116.5210802577835,0.4,T,H,Lose,8,11,,18,7474.23202486615,747.4232024866151,0.6,H,H,Win,11,8,,18,16678.89514952985,1667.889514952985,0.7,H,T,Lose,14,5,,18,5003.411520778168,500.3411520778168,0.5,T,T,Win,9,10,,18,11165.210802577833,1116.5210802577833,0.4,T,T,Win,7,12,,18,16678.895149529846,1667.8895149529847,0.7,H,T,Lose,13,6,,18,11165.210802577834,1116.5210802577835,0.4,T,T,Win,7,12,,18,13646.368758706243,1364.6368758706244,0.7,H,T,Lose,13,6,,18,6115.280747617762,611.5280747617762,0.5,T,H,Lose,10,9,,18,4093.700335182138,409.37003351821386,0.5,H,T,Lose,10,9,,18,13646.368758706241,1364.6368758706242,0.5,H,T,Lose,9,10,,18,5003.411520778169,500.3411520778169,0.6,T,H,Lose,11,8,,18,9135.172474836407,913.5172474836407,0.5,T,T,Win,9,10,,18,13646.368758706238,1364.636875870624,0.8,H,H,Win,15,4,,18,13646.368758706241,1364.6368758706242,0.4,T,H,Lose,7,12,,18,16678.89514952985,1667.889514952985,0.3,T,T,Win,6,13,,18,13646.368758706241,1364.6368758706242,0.4,T,H,Lose,7,12,,18,6115.280747617759,611.5280747617759,0.6,H,T,Lose,11,8,,18,11165.210802577833,1116.5210802577833,0.4,T,T,Win,7,12,,18,3349.3911833308402,334.939118333084,0.5,H,H,Win,10,9,,18,24915.38658139645,2491.538658139645,0.2,T,H,Lose,4,15,,18,5003.411520778167,500.34115207781673,0.6,H,H,Win,11,8,,18,9135.17247483641,913.5172474836411,0.5,T,H,Lose,9,10,,18,11165.210802577833,1116.5210802577833,0.4,T,T,Win,7,12,,18,7474.232024866152,747.4232024866152,0.5,H,T,Lose,9,10,,18,6115.280747617761,611.5280747617761,0.5,H,T,Lose,9,10,,18,6115.2807476177595,611.528074761776,0.5,T,T,Win,10,9,,18,5003.411520778168,500.3411520778168,0.5,T,T,Win,9,10,,18,24915.386581396444,2491.5386581396447,0.8,H,H,Win,15,4,,18,7474.232024866154,747.4232024866154,0.4,T,T,Win,8,11,,18,11165.210802577834,1116.5210802577835,0.4,T,H,Lose,7,12,,18,7474.23202486615,747.4232024866151,0.5,H,T,Lose,10,9,,18,20385.316293869808,2038.531629386981,0.2,T,T,Win,4,15,,18,20385.316293869822,2038.5316293869823,0.2,T,T,Win,4,15,,18,7474.232024866152,747.4232024866152,0.5,T,H,Lose,10,9,,18,9135.172474836405,913.5172474836405,0.5,T,H,Lose,10,9,,18,7474.232024866153,747.4232024866153,0.6,H,T,Lose,11,8,,18,9135.172474836407,913.5172474836407,0.6,H,H,Win,11,8,,18,4093.700335182138,409.37003351821386,0.5,H,T,Lose,10,9,,18,9135.172474836412,913.5172474836413,0.6,H,T,Lose,12,7,,18,9135.17247483641,913.5172474836411,0.4,T,T,Win,8,11,,18,13646.368758706245,1364.6368758706246,0.3,T,T,Win,6,13,,18,13646.368758706238,1364.636875870624,0.7,H,H,Win,14,5,,18,7474.232024866152,747.4232024866152,0.5,H,T,Lose,10,9,,18,11165.210802577834,1116.5210802577835,0.6,H,T,Lose,11,8,,18,13646.368758706234,1364.6368758706235,0.4,T,H,Lose,7,12,,18,5003.411520778167,500.34115207781673,0.6,H,T,Lose,11,8,,18,13646.368758706243,1364.6368758706244,0.3,T,T,Win,6,13,,18,13646.368758706238,1364.636875870624,0.4,T,T,Win,8,11,,18,9135.172474836405,913.5172474836405,0.6,T,H,Lose,11,8,,18,11165.210802577829,1116.5210802577828,0.7,H,T,Lose,13,6,,18,5003.411520778169,500.3411520778169,0.5,T,H,Lose,10,9,,18,13646.368758706238,1364.636875870624,0.5,T,H,Lose,9,10,,18,9135.172474836407,913.5172474836407,0.5,T,H,Lose,9,10,,18,5003.411520778168,500.3411520778168,0.6,H,H,Win,12,7,,18,11165.210802577834,1116.5210802577835,0.6,H,H,Win,12,7,,18,11165.210802577833,1116.5210802577833,0.4,T,H,Lose,8,11,,18,9135.17247483641,913.5172474836411,0.5,T,H,Lose,9,10,,18,9135.172474836409,913.5172474836409,0.6,H,T,Lose,11,8,,18,9135.17247483641,913.5172474836411,0.6,H,T,Lose,11,8,,18,16678.895149529853,1667.8895149529853,0.7,H,H,Win,13,6,,18,11165.210802577829,1116.5210802577828,0.4,T,T,Win,8,11,,18,7474.232024866152,747.4232024866152,0.5,H,H,Win,10,9,,18,13646.368758706238,1364.636875870624,0.4,T,H,Lose,7,12,,18,13646.368758706241,1364.6368758706242,0.7,H,H,Win,13,6,,18,13646.368758706241,1364.6368758706242,0.4,T,T,Win,7,12,,18,4093.700335182138,409.37003351821386,0.6,T,H,Lose,11,8,,18,7474.232024866153,747.4232024866153,0.4,T,T,Win,8,11,,18,13646.368758706243,1364.6368758706244,0.3,T,T,Win,6,13,,18,6115.2807476177595,611.528074761776,0.5,H,T,Lose,9,10,,18,13646.368758706243,1364.6368758706244,0.4,T,H,Lose,7,12,,18,5003.411520778167,500.34115207781673,0.6,H,T,Lose,11,8,,18,7474.232024866153,747.4232024866153,0.5,T,H,Lose,9,10,,18,20385.316293869822,2038.5316293869823,0.8,H,H,Win,15,4,,18,16678.89514952985,1667.889514952985,0.6,H,T,Lose,12,7,,18,13646.368758706243,1364.6368758706244,0.5,T,T,Win,10,9,,18,5003.411520778169,500.3411520778169,0.6,H,H,Win,12,7,,18,6115.28074761776,611.5280747617761,0.5,H,H,Win,10,9,,18,13646.368758706243,1364.6368758706244,0.7,H,T,Lose,13,6,,18,7474.232024866155,747.4232024866155,0.6,H,H,Win,12,7,,18,9135.172474836409,913.5172474836409,0.5,T,H,Lose,9,10,,18,11165.210802577829,1116.5210802577828,0.4,T,H,Lose,8,11,,18,6115.28074761776,611.5280747617761,0.5,T,T,Win,9,10,,18,6115.28074761776,611.5280747617761,0.5,H,T,Lose,10,9,,18,9135.17247483641,913.5172474836411,0.4,T,T,Win,8,11,,18,11165.210802577833,1116.5210802577833,0.6,H,T,Lose,12,7,,18,7474.232024866151,747.4232024866151,0.5,T,H,Lose,9,10,,18,7474.232024866152,747.4232024866152,0.6,H,H,Win,12,7,,18,9135.172474836409,913.5172474836409,0.4,T,T,Win,8,11,,18,6115.28074761776,611.5280747617761,0.4,T,T,Win,7,12,,18,9135.172474836407,913.5172474836407,0.4,T,T,Win,8,11,,18,9135.172474836407,913.5172474836407,0.4,T,T,Win,8,11,,18,7474.232024866152,747.4232024866152,0.5,T,H,Lose,10,9,,18,11165.210802577834,1116.5210802577835,0.6,H,T,Lose,12,7,,18,13646.368758706243,1364.6368758706244,0.6,H,T,Lose,12,7,,18,7474.2320248661545,747.4232024866155,0.5,H,H,Win,10,9,,18,9135.172474836405,913.5172474836405,0.4,T,T,Win,8,11,,18,7474.232024866153,747.4232024866153,0.6,T,H,Lose,11,8,,18,6115.28074761776,611.5280747617761,0.6,H,H,Win,11,8,,18,11165.210802577834,1116.5210802577835,0.7,H,H,Win,13,6,,18,9135.17247483641,913.5172474836411,0.7,H,H,Win,13,6,,18,5003.41152077817,500.341152077817,0.6,T,H,Lose,11,8,,18,13646.368758706234,1364.6368758706235,0.3,T,T,Win,6,13,,18,7474.232024866154,747.4232024866154,0.5,T,H,Lose,10,9,,18,9135.172474836407,913.5172474836407,0.5,T,H,Lose,9,10,,18,9135.172474836407,913.5172474836407,0.6,H,H,Win,11,8,,18,6115.280747617761,611.5280747617761,0.4,T,T,Win,8,11,,18,6115.2807476177595,611.528074761776,0.5,H,T,Lose,10,9,,18,7474.232024866153,747.4232024866153,0.5,T,H,Lose,9,10,,18,6115.280747617762,611.5280747617762,0.5,H,T,Lose,10,9,,18,13646.368758706241,1364.6368758706242,0.4,T,T,Win,7,12,,18,6115.280747617762,611.5280747617762,0.5,H,T,Lose,10,9,,18,4093.700335182138,409.37003351821386,0.5,H,T,Lose,10,9,,18,7474.232024866154,747.4232024866154,0.6,T,H,Lose,11,8,,18,7474.232024866151,747.4232024866151,0.4,T,H,Lose,8,11,,18,6115.28074761776,611.5280747617761,0.4,T,T,Win,8,11,,18,7474.232024866153,747.4232024866153,0.5,T,H,Lose,10,9,,18,20385.31629386982,2038.5316293869819,0.8,H,T,Lose,15,4,,18,4093.7003351821377,409.3700335182138,0.5,H,T,Lose,9,10,,18,11165.210802577833,1116.5210802577833,0.4,T,H,Lose,8,11,,18,24915.386581396444,2491.5386581396447,0.7,H,T,Lose,14,5,,18,11165.210802577833,1116.5210802577833,0.4,T,H,Lose,8,11,,18,6115.28074761776,611.5280747617761,0.6,H,T,Lose,11,8,,18,5003.411520778169,500.3411520778169,0.6,H,H,Win,12,7,,18,9135.172474836407,913.5172474836407,0.6,H,T,Lose,11,8,,18,11165.210802577833,1116.5210802577833,0.5,T,H,Lose,10,9,,18,9135.17247483641,913.5172474836411,0.4,T,T,Win,8,11,,18,6115.2807476177595,611.528074761776,0.5,T,H,Lose,10,9,,18,9135.172474836409,913.5172474836409,0.6,H,H,Win,12,7,,18,7474.232024866152,747.4232024866152,0.5,T,T,Win,9,10,,18,11165.210802577834,1116.5210802577835,0.4,T,H,Lose,8,11,,18,7474.232024866151,747.4232024866151,0.6,H,H,Win,12,7,,18,9135.172474836405,913.5172474836405,0.5,T,H,Lose,9,10,,18,16678.895149529846,1667.8895149529847,0.6,H,T,Lose,12,7,,18,16678.895149529853,1667.8895149529853,0.4,T,H,Lose,7,12,,18,4093.7003351821377,409.3700335182138,0.6,H,H,Win,11,8,,18,9135.172474836407,913.5172474836407,0.5,T,H,Lose,9,10,,18,11165.210802577834,1116.5210802577835,0.4,T,T,Win,8,11,,18,5003.411520778168,500.3411520778168,0.6,H,H,Win,12,7,,18,6115.280747617761,611.5280747617761,0.5,T,T,Win,10,9,,18,7474.232024866154,747.4232024866154,0.6,H,T,Lose,11,8,,18,6115.280747617761,611.5280747617761,0.6,H,H,Win,12,7,,18,9135.172474836409,913.5172474836409,0.6,T,H,Lose,11,8,,18,9135.172474836405,913.5172474836405,0.5,H,H,Win,10,9,,18,11165.210802577833,1116.5210802577833,0.5,T,H,Lose,9,10,,18,11165.210802577833,1116.5210802577833,0.7,H,H,Win,13,6,,18,9135.172474836405,913.5172474836405,0.5,T,H,Lose,9,10,,18,9135.172474836407,913.5172474836407,0.6,H,H,Win,12,7,,18,7474.23202486615,747.4232024866151,0.5,T,T,Win,10,9,,18,11165.210802577833,1116.5210802577833,0.7,H,H,Win,14,5,,18,6115.280747617759,611.5280747617759,0.4,T,T,Win,8,11,,18,7474.232024866152,747.4232024866152,0.5,T,T,Win,9,10,,18,20385.31629386982,2038.5316293869819,0.3,T,H,Lose,6,13,,18,6115.280747617763,611.5280747617763,0.5,T,T,Win,10,9,,18,20385.316293869822,2038.5316293869823,0.3,T,H,Lose,5,14,,18,11165.210802577834,1116.5210802577835,0.5,T,H,Lose,10,9,,18,13646.368758706241,1364.6368758706242,0.4,T,H,Lose,7,12,,18,4093.7003351821377,409.3700335182138,0.5,H,H,Win,10,9,,18,7474.232024866154,747.4232024866154,0.5,H,T,Lose,9,10,,18,11165.210802577833,1116.5210802577833,0.3,T,T,Win,6,13,,18,13646.368758706241,1364.6368758706242,0.3,T,T,Win,6,13,,18,5003.411520778169,500.3411520778169,0.6,H,H,Win,11,8,,18,6115.28074761776,611.5280747617761,0.5,H,H,Win,10,9,,18,20385.316293869822,2038.5316293869823,0.3,T,T,Win,6,13,,18,9135.172474836407,913.5172474836407,0.4,T,T,Win,8,11,,18,9135.172474836407,913.5172474836407,0.6,H,T,Lose,11,8,,18,11165.210802577833,1116.5210802577833,0.5,T,H,Lose,9,10,,18,20385.316293869822,2038.5316293869823,0.3,T,H,Lose,5,14,,18,13646.368758706241,1364.6368758706242,0.3,T,T,Win,6,13,,18,11165.210802577833,1116.5210802577833,0.5,T,H,Lose,9,10,,18,6115.28074761776,611.5280747617761,0.5,T,T,Win,9,10,,18,11165.210802577834,1116.5210802577835,0.7,H,H,Win,14,5,,18,11165.210802577834,1116.5210802577835,0.3,T,T,Win,6,13,,18,16678.895149529853,1667.8895149529853,0.7,H,H,Win,14,5,,18,11165.210802577833,1116.5210802577833,0.4,T,H,Lose,8,11,,18,7474.232024866154,747.4232024866154,0.6,H,H,Win,12,7,,18,13646.368758706241,1364.6368758706242,0.5,H,H,Win,10,9,,18,13646.368758706243,1364.6368758706244,0.7,H,H,Win,13,6,,18,7474.232024866151,747.4232024866151,0.5,H,H,Win,10,9,,18,5003.411520778167,500.34115207781673,0.5,H,T,Lose,10,9,,18,7474.232024866154,747.4232024866154,0.5,H,H,Win,10,9,,18,16678.89514952985,1667.889514952985,0.7,H,H,Win,14,5,,18,7474.232024866152,747.4232024866152,0.5,H,T,Lose,9,10,,18,6115.28074761776,611.5280747617761,0.6,T,H,Lose,11,8,,18,11165.210802577836,1116.5210802577838,0.4,T,T,Win,7,12,,18,7474.23202486615,747.4232024866151,0.5,T,H,Lose,9,10,,18,11165.210802577833,1116.5210802577833,0.7,H,H,Win,14,5,,18,6115.280747617761,611.5280747617761,0.6,H,T,Lose,11,8,,18,7474.232024866154,747.4232024866154,0.5,T,T,Win,10,9,,18,13646.368758706241,1364.6368758706242,0.3,T,T,Win,6,13,,18,13646.36875870624,1364.636875870624,0.6,H,T,Lose,11,8,,18,13646.368758706243,1364.6368758706244,0.4,T,T,Win,7,12,,18,6115.28074761776,611.5280747617761,0.6,H,T,Lose,11,8,,18,6115.280747617761,611.5280747617761,0.6,H,H,Win,11,8,,18,4093.7003351821377,409.3700335182138,0.5,T,T,Win,9,10,,18,11165.210802577833,1116.5210802577833,0.5,H,H,Win,10,9,,18,20385.316293869822,2038.5316293869823,0.7,H,H,Win,14,5,,18,24915.386581396448,2491.538658139645,0.3,T,H,Lose,5,14,,18,9135.172474836405,913.5172474836405,0.4,T,H,Lose,8,11,,18,13646.368758706241,1364.6368758706242,0.5,T,H,Lose,9,10,,18,6115.280747617762,611.5280747617762,0.4,T,H,Lose,8,11,,18,9135.172474836405,913.5172474836405,0.4,T,H,Lose,8,11,,18,11165.210802577834,1116.5210802577835,0.5,H,T,Lose,10,9,,18,20385.31629386982,2038.5316293869819,0.3,T,H,Lose,5,14,,18,13646.368758706243,1364.6368758706244,0.3,T,T,Win,6,13,,18,4093.7003351821377,409.3700335182138,0.5,T,T,Win,10,9,,18,16678.895149529853,1667.8895149529853,0.7,H,H,Win,13,6,,18,13646.368758706245,1364.6368758706246,0.4,T,T,Win,8,11,,18,11165.210802577833,1116.5210802577833,0.6,H,T,Lose,11,8,,18,11165.210802577829,1116.5210802577828,0.6,H,T,Lose,11,8,,18,7474.232024866154,747.4232024866154,0.6,H,H,Win,11,8,,18,4093.7003351821368,409.3700335182137,0.5,H,T,Lose,9,10,,18,11165.210802577833,1116.5210802577833,0.4,T,H,Lose,8,11,,18,6115.28074761776,611.5280747617761,0.6,H,T,Lose,11,8,,18,4093.7003351821386,409.37003351821386,0.6,H,H,Win,11,8,,18,11165.210802577833,1116.5210802577833,0.4,T,T,Win,7,12,,18,11165.210802577833,1116.5210802577833,0.4,T,T,Win,7,12,,18,24915.386581396444,2491.5386581396447,0.8,H,T,Lose,15,4,,18,6115.28074761776,611.5280747617761,0.5,T,T,Win,10,9,,18,6115.280747617761,611.5280747617761,0.5,T,H,Lose,9,10,,18,9135.172474836409,913.5172474836409,0.4,T,T,Win,8,11,,18,30452.139155040095,3045.2139155040095,0.2,T,T,Win,4,15,,18,7474.232024866153,747.4232024866153,0.5,T,H,Lose,9,10,,18,11165.210802577833,1116.5210802577833,0.4,T,T,Win,7,12,,18,11165.210802577833,1116.5210802577833,0.6,H,H,Win,12,7,,18,13646.368758706241,1364.6368758706242,0.4,T,H,Lose,7,12,,18,13646.368758706243,1364.6368758706244,0.4,T,H,Lose,8,11,,18,11165.210802577833,1116.5210802577833,0.7,H,H,Win,13,6,,18,4093.7003351821386,409.37003351821386,0.4,T,H,Lose,8,11,,18,11165.210802577833,1116.5210802577833,0.5,T,T,Win,9,10,,18,9135.172474836407,913.5172474836407,0.4,T,T,Win,8,11,,18,13646.368758706245,1364.6368758706246,0.7,H,H,Win,14,5,,18,9135.172474836405,913.5172474836405,0.5,T,H,Lose,9,10,,18,9135.172474836409,913.5172474836409,0.6,H,T,Lose,11,8,,18,16678.895149529846,1667.8895149529847,0.7,H,T,Lose,13,6,,18,13646.368758706241,1364.6368758706242,0.3,T,T,Win,6,13,,18,7474.232024866152,747.4232024866152,0.5,T,T,Win,9,10,,18,13646.368758706243,1364.6368758706244,0.3,T,T,Win,6,13,,18,7474.232024866151,747.4232024866151,0.4,T,H,Lose,8,11,,18,11165.210802577833,1116.5210802577833,0.7,H,T,Lose,13,6,,18,9135.172474836407,913.5172474836407,0.5,T,H,Lose,9,10,,18,5003.411520778169,500.3411520778169,0.4,T,T,Win,8,11,,18,20385.316293869822,2038.5316293869823,0.3,T,T,Win,6,13,,18,4093.7003351821377,409.3700335182138,0.6,H,H,Win,12,7,,18,6115.280747617762,611.5280747617762,0.5,T,H,Lose,10,9,,18,9135.172474836407,913.5172474836407,0.5,T,T,Win,9,10,,18,13646.368758706238,1364.636875870624,0.4,T,T,Win,7,12,,18,9135.17247483641,913.5172474836411,0.6,H,H,Win,11,8,,18,11165.210802577829,1116.5210802577828,0.7,H,T,Lose,13,6,,18,11165.210802577833,1116.5210802577833,0.4,T,H,Lose,8,11,,18,6115.280747617761,611.5280747617761,0.5,H,T,Lose,9,10,,18,6115.28074761776,611.5280747617761,0.5,T,T,Win,9,10,,18,11165.210802577833,1116.5210802577833,0.6,H,T,Lose,12,7,,18,7474.232024866152,747.4232024866152,0.5,T,T,Win,10,9,,18,6115.280747617761,611.5280747617761,0.5,H,H,Win,10,9,,18,5003.411520778167,500.34115207781673,0.5,T,T,Win,10,9,,18,13646.368758706241,1364.6368758706242,0.4,T,H,Lose,8,11,,18,6115.280747617761,611.5280747617761,0.6,H,H,Win,12,7,,18,7474.232024866154,747.4232024866154,0.6,H,T,Lose,11,8,,18,16678.89514952985,1667.889514952985,0.7,H,H,Win,13,6,,18,9135.172474836407,913.5172474836407,0.6,H,H,Win,12,7,,18,9135.172474836407,913.5172474836407,0.4,T,T,Win,8,11,,18,9135.172474836409,913.5172474836409,0.5,T,H,Lose,10,9,,18,6115.28074761776,611.5280747617761,0.5,T,H,Lose,9,10,,18,13646.368758706243,1364.6368758706244,0.3,T,T,Win,6,13,,18,11165.210802577833,1116.5210802577833,0.4,T,T,Win,7,12,,18,7474.23202486615,747.4232024866151,0.6,H,H,Win,12,7,,18,11165.210802577833,1116.5210802577833,0.6,T,H,Lose,11,8,,18,6115.280747617763,611.5280747617763,0.6,H,H,Win,11,8,,18,11165.210802577834,1116.5210802577835,0.4,T,T,Win,7,12,,18,16678.89514952985,1667.889514952985,0.8,H,H,Win,15,4,,18,16678.89514952985,1667.889514952985,0.6,H,T,Lose,12,7,,18,11165.210802577833,1116.5210802577833,0.4,T,H,Lose,7,12,,18,9135.172474836405,913.5172474836405,0.5,T,H,Lose,9,10,,18,20385.31629386982,2038.5316293869819,0.7,H,H,Win,14,5,,18,5003.411520778168,500.3411520778168,0.5,T,H,Lose,10,9,,18,16678.895149529853,1667.8895149529853,0.7,H,H,Win,14,5,,18,5003.411520778168,500.3411520778168,0.6,T,H,Lose,11,8,,18,6115.28074761776,611.5280747617761,0.5,T,H,Lose,10,9,,18,16678.895149529853,1667.8895149529853,0.7,H,H,Win,13,6,,18,13646.368758706243,1364.6368758706244,0.3,T,T,Win,6,13,,18,16678.895149529846,1667.8895149529847,0.3,T,H,Lose,6,13,,18,16678.895149529846,1667.8895149529847,0.4,T,H,Lose,8,11,,18,4093.7003351821368,409.3700335182137,0.5,T,H,Lose,10,9,,18,7474.232024866154,747.4232024866154,0.4,T,H,Lose,8,11,,18,13646.368758706241,1364.6368758706242,0.4,T,H,Lose,7,12,,18,11165.210802577836,1116.5210802577838,0.5,T,H,Lose,9,10,,18,7474.232024866153,747.4232024866153,0.6,H,H,Win,12,7,,18,11165.210802577829,1116.5210802577828,0.5,T,H,Lose,9,10,,18,6115.28074761776,611.5280747617761,0.5,T,H,Lose,10,9,,18,7474.232024866152,747.4232024866152,0.6,H,H,Win,12,7,,18,5003.411520778169,500.3411520778169,0.6,H,H,Win,11,8,,18,9135.172474836407,913.5172474836407,0.7,H,H,Win,13,6,,18,4093.7003351821377,409.3700335182138,0.5,H,T,Lose,9,10,,18,9135.17247483641,913.5172474836411,0.4,T,T,Win,8,11,,18,11165.210802577833,1116.5210802577833,0.4,T,T,Win,8,11,,18,24915.38658139645,2491.538658139645,0.3,T,T,Win,5,14,,18,13646.368758706243,1364.6368758706244,0.4,T,H,Lose,7,12,,18,3349.3911833308402,334.939118333084,0.5,H,T,Lose,9,10,,18,13646.368758706238,1364.636875870624,0.5,T,H,Lose,9,10,,18,9135.17247483641,913.5172474836411,0.4,T,T,Win,8,11,,18,9135.172474836409,913.5172474836409,0.7,H,H,Win,13,6,,18,16678.895149529853,1667.8895149529853,0.7,H,T,Lose,13,6,,18,7474.232024866152,747.4232024866152,0.5,H,T,Lose,10,9,,18,11165.210802577834,1116.5210802577835,0.4,T,H,Lose,8,11,,18,13646.368758706238,1364.636875870624,0.7,H,T,Lose,13,6,,18,7474.232024866151,747.4232024866151,0.5,H,T,Lose,9,10,,18,7474.232024866153,747.4232024866153,0.4,T,T,Win,8,11,,18,11165.210802577833,1116.5210802577833,0.3,T,T,Win,6,13,,18,9135.172474836407,913.5172474836407,0.4,T,T,Win,8,11,,18,16678.89514952985,1667.889514952985,0.3,T,T,Win,5,14,,18,20385.316293869815,2038.5316293869816,0.3,T,H,Lose,6,13,,18,9135.17247483641,913.5172474836411,0.4,T,T,Win,8,11,,18,9135.172474836405,913.5172474836405,0.4,T,T,Win,8,11,,18,20385.316293869822,2038.5316293869823,0.3,T,H,Lose,5,14,,18,7474.232024866152,747.4232024866152,0.6,T,H,Lose,11,8,,18,9135.172474836407,913.5172474836407,0.4,T,H,Lose,8,11,,18,16678.89514952985,1667.889514952985,0.3,T,T,Win,6,13,,18,5003.411520778169,500.3411520778169,0.5,H,T,Lose,9,10,,18,7474.232024866152,747.4232024866152,0.5,T,T,Win,9,10,,18,5003.411520778167,500.34115207781673,0.5,H,H,Win,10,9,,18,11165.210802577833,1116.5210802577833,0.4,T,T,Win,8,11,,18,7474.232024866152,747.4232024866152,0.5,H,H,Win,10,9,,18,13646.368758706243,1364.6368758706244,0.3,T,T,Win,6,13,,18,4093.700335182138,409.37003351821386,0.5,H,T,Lose,10,9,,18,9135.172474836407,913.5172474836407,0.4,T,T,Win,8,11,,18,11165.210802577833,1116.5210802577833,0.4,T,H,Lose,8,11,,18,3349.3911833308393,334.93911833308397,0.5,H,H,Win,10,9,,18,9135.172474836407,913.5172474836407,0.6,H,T,Lose,11,8,,18,11165.210802577829,1116.5210802577828,0.6,H,H,Win,12,7,,18,13646.368758706238,1364.636875870624,0.3,T,T,Win,6,13,,18,4093.700335182138,409.37003351821386,0.5,H,T,Lose,10,9,,18,9135.172474836407,913.5172474836407,0.6,H,H,Win,11,8,,18,9135.17247483641,913.5172474836411,0.5,T,T,Win,9,10,,18,16678.89514952985,1667.889514952985,0.3,T,T,Win,6,13,,18,6115.280747617761,611.5280747617761,0.5,T,H,Lose,9,10,,18,6115.28074761776,611.5280747617761,0.5,H,H,Win,10,9,,18,4093.7003351821377,409.3700335182138,0.5,H,T,Lose,9,10,,18,13646.368758706241,1364.6368758706242,0.6,H,T,Lose,11,8,,18,9135.172474836407,913.5172474836407,0.5,T,H,Lose,10,9,,18,16678.895149529846,1667.8895149529847,0.6,H,T,Lose,12,7,,18,6115.280747617762,611.5280747617762,0.6,H,H,Win,12,7,,18,24915.386581396444,2491.5386581396447,0.3,T,H,Lose,6,13,,18,6115.280747617761,611.5280747617761,0.5,T,T,Win,10,9,,18,6115.280747617761,611.5280747617761,0.5,T,H,Lose,9,10,,18,9135.172474836409,913.5172474836409,0.6,H,H,Win,12,7,,18,13646.368758706241,1364.6368758706242,0.4,T,T,Win,7,12,,18,5003.411520778167,500.34115207781673,0.5,T,H,Lose,10,9,,18,9135.172474836409,913.5172474836409,0.6,H,T,Lose,11,8,,18,9135.172474836407,913.5172474836407,0.5,H,T,Lose,10,9,,18,6115.28074761776,611.5280747617761,0.5,T,T,Win,10,9,,18,13646.368758706241,1364.6368758706242,0.6,H,H,Win,12,7,,18,6115.28074761776,611.5280747617761,0.5,H,T,Lose,9,10,,18,16678.895149529853,1667.8895149529853,0.7,H,H,Win,14,5,,18,13646.368758706243,1364.6368758706244,0.4,T,T,Win,7,12,,18,13646.368758706238,1364.636875870624,0.6,H,T,Lose,11,8,,18,7474.232024866154,747.4232024866154,0.4,T,T,Win,8,11,,18,7474.232024866153,747.4232024866153,0.6,H,H,Win,12,7,,18,9135.17247483641,913.5172474836411,0.5,T,H,Lose,9,10,,18,16678.89514952985,1667.889514952985,0.7,H,H,Win,13,6,,18,9135.172474836407,913.5172474836407,0.6,T,H,Lose,11,8,,18,20385.316293869815,2038.5316293869816,0.3,T,H,Lose,5,14,,18,11165.210802577834,1116.5210802577835,0.6,H,H,Win,12,7,,18,13646.368758706241,1364.6368758706242,0.4,T,H,Lose,7,12,,18,11165.210802577834,1116.5210802577835,0.4,T,H,Lose,8,11,,18,6115.280747617761,611.5280747617761,0.5,T,T,Win,10,9,,18,20385.316293869815,2038.5316293869816,0.3,T,T,Win,6,13,,18,6115.28074761776,611.5280747617761,0.6,T,H,Lose,11,8,,18,7474.23202486615,747.4232024866151,0.5,T,T,Win,9,10,,18,20385.31629386982,2038.5316293869819,0.3,T,H,Lose,5,14,,18,7474.232024866151,747.4232024866151,0.4,T,T,Win,8,11,,18,6115.28074761776,611.5280747617761,0.5,T,H,Lose,9,10,,18,5003.411520778169,500.3411520778169,0.5,T,T,Win,10,9,,18,9135.172474836407,913.5172474836407,0.5,T,H,Lose,9,10,,18,7474.232024866154,747.4232024866154,0.5,T,H,Lose,9,10,,18,13646.368758706243,1364.6368758706244,0.7,H,H,Win,13,6,,18,11165.210802577833,1116.5210802577833,0.5,T,H,Lose,9,10,,18,5003.411520778169,500.3411520778169,0.5,T,H,Lose,9,10,,18,11165.210802577834,1116.5210802577835,0.6,H,T,Lose,11,8,,18,11165.210802577834,1116.5210802577835,0.6,H,H,Win,12,7,,18,4093.7003351821377,409.3700335182138,0.6,T,H,Lose,11,8,,18,9135.172474836407,913.5172474836407,0.6,H,T,Lose,11,8,,18,6115.28074761776,611.5280747617761,0.5,T,H,Lose,10,9,,18,5003.411520778167,500.34115207781673,0.5,H,T,Lose,9,10,,18,9135.17247483641,913.5172474836411,0.6,H,T,Lose,11,8,,18,11165.210802577833,1116.5210802577833,0.6,H,H,Win,12,7,,18,11165.210802577834,1116.5210802577835,0.5,T,H,Lose,10,9,,18,13646.368758706238,1364.636875870624,0.3,T,T,Win,6,13,,18,11165.210802577834,1116.5210802577835,0.6,H,T,Lose,11,8,,18,7474.232024866153,747.4232024866153,0.4,T,T,Win,7,12,,18,16678.89514952985,1667.889514952985,0.7,H,H,Win,14,5,,18,7474.23202486615,747.4232024866151,0.4,T,T,Win,8,11,,18,24915.38658139645,2491.538658139645,0.2,T,T,Win,3,16,,18,7474.232024866154,747.4232024866154,0.6,H,H,Win,11,8,,18,6115.28074761776,611.5280747617761,0.5,T,T,Win,9,10,,18,9135.17247483641,913.5172474836411,0.5,T,T,Win,9,10,,18,5003.411520778169,500.3411520778169,0.5,T,T,Win,9,10,,18,13646.368758706238,1364.636875870624,0.4,T,H,Lose,8,11,,18,7474.232024866154,747.4232024866154,0.5,H,H,Win,10,9,,18,7474.232024866153,747.4232024866153,0.5,T,T,Win,9,10,,18,6115.280747617761,611.5280747617761,0.5,T,T,Win,10,9,,18,6115.28074761776,611.5280747617761,0.5,T,H,Lose,9,10,,18,7474.232024866152,747.4232024866152,0.5,T,T,Win,9,10,,18,11165.210802577834,1116.5210802577835,0.6,H,H,Win,12,7,,18,11165.210802577834,1116.5210802577835,0.6,H,H,Win,12,7,,18,9135.172474836412,913.5172474836413,0.5,H,T,Lose,9,10,,18,11165.210802577834,1116.5210802577835,0.4,T,T,Win,7,12,,18,11165.210802577834,1116.5210802577835,0.4,T,H,Lose,8,11,,18,9135.172474836407,913.5172474836407,0.4,T,T,Win,8,11,,18,16678.895149529846,1667.8895149529847,0.4,T,H,Lose,8,11,,18,20385.316293869815,2038.5316293869816,0.4,T,H,Lose,7,12,,18,9135.172474836407,913.5172474836407,0.5,T,H,Lose,9,10,,18,9135.17247483641,913.5172474836411,0.6,H,T,Lose,11,8,,18,11165.210802577833,1116.5210802577833,0.4,T,H,Lose,8,11,,18,6115.280747617762,611.5280747617762,0.6,H,T,Lose,11,8,,18,6115.28074761776,611.5280747617761,0.4,T,T,Win,8,11,,18,9135.172474836407,913.5172474836407,0.4,T,T,Win,8,11,,18,5003.411520778168,500.3411520778168,0.6,H,H,Win,12,7,,18,5003.411520778167,500.34115207781673,0.6,T,H,Lose,11,8,,18,11165.210802577833,1116.5210802577833,0.4,T,T,Win,7,12,,18,3349.3911833308393,334.93911833308397,0.5,T,T,Win,9,10,,18,7474.232024866151,747.4232024866151,0.5,H,T,Lose,9,10,,18,13646.368758706241,1364.6368758706242,0.4,T,H,Lose,8,11,,18,9135.17247483641,913.5172474836411,0.4,T,H,Lose,8,11,,18,13646.368758706243,1364.6368758706244,0.7,H,H,Win,13,6,,18,6115.28074761776,611.5280747617761,0.4,T,T,Win,7,12,,18,13646.368758706241,1364.6368758706242,0.4,T,T,Win,7,12,,18,9135.172474836409,913.5172474836409,0.6,H,H,Win,11,8,,18,11165.210802577833,1116.5210802577833,0.6,H,H,Win,11,8,,18,11165.210802577833,1116.5210802577833,0.4,T,H,Lose,8,11,,18,11165.210802577833,1116.5210802577833,0.6,H,H,Win,12,7,,18,7474.232024866151,747.4232024866151,0.4,T,T,Win,8,11,,18,5003.411520778168,500.3411520778168,0.5,T,T,Win,10,9,,18,7474.232024866154,747.4232024866154,0.5,H,T,Lose,10,9,,18,7474.232024866151,747.4232024866151,0.5,T,H,Lose,10,9,,18,16678.895149529846,1667.8895149529847,0.4,T,H,Lose,8,11,,18,6115.280747617761,611.5280747617761,0.4,T,T,Win,8,11,,18,11165.210802577833,1116.5210802577833,0.6,H,H,Win,12,7,,18,11165.210802577833,1116.5210802577833,0.4,T,H,Lose,8,11,,18,6115.28074761776,611.5280747617761,0.5,H,H,Win,10,9,,18,16678.895149529853,1667.8895149529853,0.3,T,T,Win,5,14,,18,6115.28074761776,611.5280747617761,0.6,T,H,Lose,11,8,,18,5003.411520778167,500.34115207781673,0.6,T,H,Lose,11,8,,18,13646.368758706241,1364.6368758706242,0.6,H,H,Win,11,8,,18,6115.280747617763,611.5280747617763,0.5,T,T,Win,9,10,,18,7474.232024866154,747.4232024866154,0.6,T,H,Lose,11,8,,18,13646.368758706243,1364.6368758706244,0.6,H,H,Win,12,7,,18,7474.232024866152,747.4232024866152,0.5,H,H,Win,10,9,,18,11165.210802577833,1116.5210802577833,0.4,T,H,Lose,8,11,,18,13646.368758706241,1364.6368758706242,0.4,T,H,Lose,7,12,,18,7474.232024866154,747.4232024866154,0.4,T,T,Win,8,11,,18,9135.172474836405,913.5172474836405,0.5,T,T,Win,10,9,,18,13646.368758706243,1364.6368758706244,0.3,T,T,Win,6,13,,18,11165.210802577829,1116.5210802577828,0.4,T,T,Win,7,12,,18,13646.368758706238,1364.636875870624,0.7,H,T,Lose,14,5,,18,13646.368758706243,1364.6368758706244,0.4,T,T,Win,7,12,,18,7474.232024866154,747.4232024866154,0.5,T,T,Win,9,10,,18,13646.368758706243,1364.6368758706244,0.5,T,H,Lose,9,10,,18,6115.28074761776,611.5280747617761,0.4,T,T,Win,8,11,,18,5003.411520778167,500.34115207781673,0.6,H,H,Win,12,7,,18,13646.368758706241,1364.6368758706242,0.4,T,H,Lose,7,12,,18,9135.172474836407,913.5172474836407,0.5,T,H,Lose,9,10,,18,6115.280747617759,611.5280747617759,0.6,H,T,Lose,11,8,,18,6115.28074761776,611.5280747617761,0.5,T,T,Win,10,9,,18,7474.23202486615,747.4232024866151,0.6,H,H,Win,11,8,,18,11165.210802577833,1116.5210802577833,0.4,T,T,Win,7,12,,18,7474.232024866152,747.4232024866152,0.5,T,T,Win,9,10,,18,6115.28074761776,611.5280747617761,0.5,T,H,Lose,9,10,,18,7474.232024866154,747.4232024866154,0.6,H,T,Lose,11,8,,18,16678.895149529846,1667.8895149529847,0.4,T,H,Lose,8,11,,18,16678.89514952985,1667.889514952985,0.7,H,H,Win,13,6,,18,9135.17247483641,913.5172474836411,0.6,H,H,Win,11,8,,18,11165.210802577836,1116.5210802577838,0.4,T,T,Win,7,12,,18,11165.210802577833,1116.5210802577833,0.5,T,T,Win,9,10,,18,11165.210802577833,1116.5210802577833,0.6,H,H,Win,12,7,,18,9135.172474836407,913.5172474836407,0.6,H,H,Win,12,7,,18,9135.17247483641,913.5172474836411,0.5,T,H,Lose,9,10,,18,13646.368758706243,1364.6368758706244,0.3,T,T,Win,6,13,,18,9135.172474836407,913.5172474836407,0.4,T,T,Win,8,11,,18,6115.280747617759,611.5280747617759,0.4,T,H,Lose,8,11,,18,6115.280747617761,611.5280747617761,0.5,T,H,Lose,9,10,,18,9135.172474836409,913.5172474836409,0.6,H,H,Win,11,8,,18,6115.28074761776,611.5280747617761,0.5,H,T,Lose,10,9,,18,7474.232024866152,747.4232024866152,0.5,T,T,Win,9,10,,18,3349.3911833308402,334.939118333084,0.5,T,T,Win,10,9,,18,6115.28074761776,611.5280747617761,0.5,H,H,Win,10,9,,18,16678.895149529846,1667.8895149529847,0.4,T,H,Lose,8,11,,18,6115.280747617762,611.5280747617762,0.5,T,T,Win,9,10,,18,13646.368758706238,1364.636875870624,0.4,T,H,Lose,7,12,,18,7474.232024866154,747.4232024866154,0.5,T,T,Win,10,9,,18,20385.316293869815,2038.5316293869816,0.2,T,T,Win,4,15,,18,7474.232024866154,747.4232024866154,0.6,H,H,Win,12,7,,18,7474.232024866153,747.4232024866153,0.7,H,H,Win,13,6,,18,11165.210802577834,1116.5210802577835,0.4,T,T,Win,7,12,,18,11165.210802577833,1116.5210802577833,0.5,T,H,Lose,9,10,,18,13646.368758706241,1364.6368758706242,0.4,T,T,Win,7,12,,18,7474.232024866152,747.4232024866152,0.6,H,H,Win,12,7,,18,7474.232024866152,747.4232024866152,0.5,T,H,Lose,9,10,,18,7474.232024866152,747.4232024866152,0.5,H,T,Lose,10,9,,18,11165.210802577833,1116.5210802577833,0.4,T,T,Win,7,12,,18,11165.210802577829,1116.5210802577828,0.4,T,H,Lose,8,11,,18,6115.2807476177595,611.528074761776,0.5,H,T,Lose,9,10,,18,6115.280747617762,611.5280747617762,0.5,T,T,Win,9,10,,18,11165.210802577834,1116.5210802577835,0.4,T,H,Lose,8,11,,18,11165.210802577833,1116.5210802577833,0.7,H,H,Win,14,5,,18,7474.232024866154,747.4232024866154,0.6,T,H,Lose,11,8,,18,13646.368758706243,1364.6368758706244,0.3,T,T,Win,6,13,,18,11165.210802577833,1116.5210802577833,0.5,T,H,Lose,9,10,,18,13646.368758706241,1364.6368758706242,0.3,T,T,Win,6,13,,18,11165.210802577833,1116.5210802577833,0.4,T,H,Lose,8,11,,18,9135.172474836405,913.5172474836405,0.4,T,H,Lose,8,11,,18,6115.28074761776,611.5280747617761,0.4,T,T,Win,8,11,,18,30452.139155040106,3045.213915504011,0.8,H,T,Lose,15,4,,18,13646.368758706243,1364.6368758706244,0.3,T,T,Win,6,13,,18,13646.368758706241,1364.6368758706242,0.4,T,T,Win,8,11,,18,13646.368758706241,1364.6368758706242,0.6,H,T,Lose,12,7,,18,7474.232024866152,747.4232024866152,0.6,H,H,Win,12,7,,18,3349.3911833308402,334.939118333084,0.5,H,T,Lose,10,9,,18,9135.172474836407,913.5172474836407,0.5,T,H,Lose,10,9,,18,16678.89514952985,1667.889514952985,0.3,T,H,Lose,6,13,,18,13646.368758706241,1364.6368758706242,0.7,H,H,Win,13,6,,18,11165.210802577833,1116.5210802577833,0.4,T,T,Win,7,12,,18,9135.17247483641,913.5172474836411,0.6,H,T,Lose,12,7,,18,6115.28074761776,611.5280747617761,0.5,T,T,Win,10,9,,18,9135.172474836409,913.5172474836409,0.4,T,T,Win,8,11,,18,13646.368758706243,1364.6368758706244,0.4,T,T,Win,7,12,,18,7474.232024866153,747.4232024866153,0.6,H,T,Lose,11,8,,18,7474.23202486615,747.4232024866151,0.5,T,T,Win,10,9,,18,20385.316293869815,2038.5316293869816,0.7,H,T,Lose,14,5,,18,13646.368758706243,1364.6368758706244,0.5,T,T,Win,9,10,,18,6115.28074761776,611.5280747617761,0.5,T,H,Lose,9,10,,18,11165.210802577833,1116.5210802577833,0.4,T,H,Lose,8,11,,18,9135.172474836409,913.5172474836409,0.5,T,H,Lose,10,9,,18,6115.280747617763,611.5280747617763,0.5,H,T,Lose,9,10,,18,13646.368758706243,1364.6368758706244,0.4,T,T,Win,8,11,,18,4093.7003351821386,409.37003351821386,0.5,T,H,Lose,9,10,,18,5003.411520778167,500.34115207781673,0.5,T,H,Lose,9,10,,18,6115.28074761776,611.5280747617761,0.6,H,H,Win,11,8,,18,11165.210802577833,1116.5210802577833,0.4,T,T,Win,7,12,,18,6115.280747617762,611.5280747617762,0.6,H,H,Win,12,7,,18,20385.316293869822,2038.5316293869823,0.7,H,T,Lose,13,6,,18,5003.411520778169,500.3411520778169,0.6,H,H,Win,11,8,,18,11165.210802577833,1116.5210802577833,0.7,H,H,Win,13,6,,18,11165.210802577834,1116.5210802577835,0.6,H,H,Win,11,8,,18,13646.368758706241,1364.6368758706242,0.6,H,T,Lose,12,7,,18,5003.411520778169,500.3411520778169,0.5,H,T,Lose,10,9,,18,11165.210802577834,1116.5210802577835,0.4,T,T,Win,8,11,,18,16678.895149529853,1667.8895149529853,0.3,T,H,Lose,6,13,,18,11165.210802577829,1116.5210802577828,0.4,T,T,Win,7,12,,18,9135.172474836405,913.5172474836405,0.4,T,T,Win,8,11,,18,20385.316293869826,2038.5316293869828,0.3,T,H,Lose,5,14,,18,11165.210802577833,1116.5210802577833,0.4,T,H,Lose,8,11,,18,16678.895149529853,1667.8895149529853,0.3,T,T,Win,6,13,,18,7474.232024866154,747.4232024866154,0.5,T,H,Lose,10,9,,18,13646.368758706241,1364.6368758706242,0.6,H,T,Lose,12,7,,18,7474.2320248661545,747.4232024866155,0.6,T,H,Lose,11,8,,18,13646.368758706243,1364.6368758706244,0.4,T,T,Win,8,11,,18,11165.210802577834,1116.5210802577835,0.5,H,T,Lose,10,9,,18,9135.172474836407,913.5172474836407,0.4,T,T,Win,8,11,,18,5003.411520778168,500.3411520778168,0.5,H,T,Lose,10,9,,18,16678.89514952985,1667.889514952985,0.6,H,T,Lose,11,8,,18,9135.172474836405,913.5172474836405,0.6,H,T,Lose,11,8,,18,7474.232024866154,747.4232024866154,0.5,T,T,Win,9,10,,18,9135.172474836407,913.5172474836407,0.5,H,T,Lose,10,9,,18,7474.232024866154,747.4232024866154,0.6,H,H,Win,12,7,,18,9135.172474836409,913.5172474836409,0.4,T,T,Win,8,11,,18,11165.210802577829,1116.5210802577828,0.4,T,T,Win,7,12,,18,16678.89514952985,1667.889514952985,0.7,H,H,Win,13,6,,18,7474.232024866152,747.4232024866152,0.5,T,T,Win,10,9,,18,9135.172474836407,913.5172474836407,0.6,T,H,Lose,11,8,,18,7474.232024866152,747.4232024866152,0.5,H,H,Win,10,9,,18,7474.23202486615,747.4232024866151,0.5,T,T,Win,9,10,,18,11165.210802577833,1116.5210802577833,0.4,T,T,Win,8,11,,18,16678.89514952985,1667.889514952985,0.3,T,H,Lose,6,13,,18,13646.368758706241,1364.6368758706242,0.4,T,T,Win,7,12,,18,5003.411520778167,500.34115207781673,0.5,H,T,Lose,9,10,,18,9135.172474836407,913.5172474836407,0.5,H,T,Lose,10,9,,18,20385.31629386982,2038.5316293869819,0.7,H,H,Win,14,5,,18,13646.368758706243,1364.6368758706244,0.4,T,H,Lose,8,11,,18,9135.172474836407,913.5172474836407,0.5,T,H,Lose,9,10,,18,7474.23202486615,747.4232024866151,0.6,H,T,Lose,11,8,,18,11165.210802577833,1116.5210802577833,0.4,T,T,Win,7,12,,18,20385.316293869815,2038.5316293869816,0.3,T,T,Win,6,13,,18,13646.368758706241,1364.6368758706242,0.4,T,H,Lose,7,12,,18,9135.17247483641,913.5172474836411,0.5,T,H,Lose,9,10,,18,13646.368758706241,1364.6368758706242,0.4,T,H,Lose,7,12,,18,7474.232024866151,747.4232024866151,0.5,H,T,Lose,9,10,,18,5003.411520778168,500.3411520778168,0.5,H,T,Lose,9,10,,18,9135.172474836407,913.5172474836407,0.4,T,T,Win,8,11,,18,11165.210802577834,1116.5210802577835,0.6,H,H,Win,12,7,,18,13646.368758706241,1364.6368758706242,0.4,T,T,Win,8,11,,18,11165.210802577833,1116.5210802577833,0.4,T,T,Win,7,12,,18,9135.172474836409,913.5172474836409,0.6,H,T,Lose,11,8,,18,5003.411520778167,500.34115207781673,0.4,T,T,Win,8,11,,18,11165.210802577834,1116.5210802577835,0.6,H,T,Lose,11,8,,18,7474.232024866154,747.4232024866154,0.5,H,H,Win,10,9,,18,20385.31629386982,2038.5316293869819,0.7,H,H,Win,14,5,,18,9135.172474836407,913.5172474836407,0.6,H,H,Win,12,7,,18,7474.232024866152,747.4232024866152,0.5,T,T,Win,10,9,,18,9135.172474836407,913.5172474836407,0.7,H,H,Win,13,6,,18,9135.172474836405,913.5172474836405,0.5,H,H,Win,10,9,,18,9135.17247483641,913.5172474836411,0.4,T,T,Win,8,11,,18,16678.895149529853,1667.8895149529853,0.3,T,H,Lose,6,13,,18,7474.232024866153,747.4232024866153,0.6,H,T,Lose,11,8,,18,5003.411520778168,500.3411520778168,0.5,H,T,Lose,10,9,,18,9135.172474836407,913.5172474836407,0.4,T,T,Win,8,11,,18,13646.368758706241,1364.6368758706242,0.3,T,T,Win,6,13,,18,5003.411520778169,500.3411520778169,0.6,H,H,Win,11,8,,18,16678.895149529853,1667.8895149529853,0.7,H,H,Win,13,6,,18,11165.210802577834,1116.5210802577835,0.5,H,T,Lose,10,9,,18,20385.316293869822,2038.5316293869823,0.4,T,H,Lose,7,12,,18,13646.368758706241,1364.6368758706242,0.5,T,T,Win,9,10,,18,9135.17247483641,913.5172474836411,0.6,H,H,Win,12,7,,18,9135.172474836407,913.5172474836407,0.6,H,T,Lose,12,7,,18,11165.210802577834,1116.5210802577835,0.5,H,H,Win,10,9,,18,11165.210802577834,1116.5210802577835,0.6,H,H,Win,12,7,,18,6115.28074761776,611.5280747617761,0.6,H,T,Lose,11,8,,18,7474.232024866152,747.4232024866152,0.5,H,H,Win,10,9,,18,9135.172474836405,913.5172474836405,0.6,T,H,Lose,11,8,,18,7474.232024866154,747.4232024866154,0.5,T,H,Lose,9,10,,18,6115.28074761776,611.5280747617761,0.6,T,H,Lose,11,8,,18,7474.232024866154,747.4232024866154,0.5,H,T,Lose,9,10,,18,11165.210802577834,1116.5210802577835,0.5,T,H,Lose,9,10,,18,11165.210802577834,1116.5210802577835,0.4,T,T,Win,7,12,,18,9135.172474836409,913.5172474836409,0.4,T,T,Win,7,12,,18,7474.232024866153,747.4232024866153,0.5,H,H,Win,10,9,,18,9135.17247483641,913.5172474836411,0.6,H,H,Win,12,7,,18,7474.23202486615,747.4232024866151,0.5,T,T,Win,10,9,,18,9135.172474836407,913.5172474836407,0.5,T,H,Lose,9,10,,18,7474.232024866154,747.4232024866154,0.5,H,T,Lose,10,9,,18,11165.210802577833,1116.5210802577833,0.6,H,T,Lose,11,8,,18,20385.316293869815,2038.5316293869816,0.3,T,H,Lose,6,13,,18,6115.280747617762,611.5280747617762,0.4,T,T,Win,8,11,,18,7474.232024866152,747.4232024866152,0.5,T,H,Lose,9,10,,18,4093.7003351821386,409.37003351821386,0.6,H,H,Win,12,7,,18,9135.172474836409,913.5172474836409,0.5,H,T,Lose,10,9,,18,13646.368758706241,1364.6368758706242,0.4,T,T,Win,8,11,,18,6115.280747617762,611.5280747617762,0.5,T,H,Lose,10,9,,18,4093.7003351821377,409.3700335182138,0.5,T,T,Win,9,10,,18,5003.411520778167,500.34115207781673,0.5,H,H,Win,10,9,,18,24915.38658139644,2491.538658139644,0.8,H,H,Win,15,4,,18,9135.172474836409,913.5172474836409,0.5,H,T,Lose,10,9,,18,9135.172474836407,913.5172474836407,0.4,T,T,Win,8,11,,18,16678.895149529846,1667.8895149529847,0.4,T,T,Win,7,12,,18,9135.172474836405,913.5172474836405,0.4,T,T,Win,7,12,,18,6115.28074761776,611.5280747617761,0.5,H,H,Win,10,9,,18,6115.280747617761,611.5280747617761,0.5,T,T,Win,9,10,,18,9135.172474836405,913.5172474836405,0.6,T,H,Lose,11,8,,18,11165.210802577833,1116.5210802577833,0.4,T,H,Lose,8,11,,18,20385.31629386982,2038.5316293869819,0.4,T,H,Lose,7,12,,18,11165.210802577833,1116.5210802577833,0.4,T,H,Lose,8,11,,18,6115.280747617762,611.5280747617762,0.5,T,T,Win,9,10,,18,5003.411520778169,500.3411520778169,0.6,H,T,Lose,11,8,,18,11165.210802577833,1116.5210802577833,0.4,T,T,Win,8,11,,18,13646.368758706238,1364.636875870624,0.6,H,T,Lose,11,8,,18,6115.280747617761,611.5280747617761,0.5,H,T,Lose,10,9,,18,6115.280747617759,611.5280747617759,0.7,H,H,Win,13,6,,18,6115.280747617763,611.5280747617763,0.5,T,T,Win,9,10,,18,7474.232024866154,747.4232024866154,0.5,T,H,Lose,9,10,,18,7474.232024866154,747.4232024866154,0.6,H,T,Lose,12,7,,18,6115.28074761776,611.5280747617761,0.5,T,T,Win,10,9,,18,11165.210802577834,1116.5210802577835,0.6,H,T,Lose,11,8,,18,6115.280747617763,611.5280747617763,0.5,T,H,Lose,9,10,,18,9135.17247483641,913.5172474836411,0.4,T,H,Lose,8,11,,18,9135.172474836407,913.5172474836407,0.6,H,T,Lose,11,8,,18,6115.28074761776,611.5280747617761,0.4,T,T,Win,8,11,,18,11165.210802577834,1116.5210802577835,0.5,T,H,Lose,9,10,,18,9135.172474836407,913.5172474836407,0.6,H,H,Win,12,7,,18,16678.89514952985,1667.889514952985,0.4,T,H,Lose,8,11,,18,13646.368758706241,1364.6368758706242,0.5,H,T,Lose,9,10,,18,16678.895149529853,1667.8895149529853,0.7,H,H,Win,13,6,,18,3349.3911833308402,334.939118333084,0.5,T,H,Lose,10,9,,18,5003.411520778168,500.3411520778168,0.5,H,T,Lose,10,9,,18,9135.172474836409,913.5172474836409,0.5,T,H,Lose,9,10,,18,9135.172474836407,913.5172474836407,0.4,T,T,Win,8,11,,18,11165.210802577834,1116.5210802577835,0.6,H,T,Lose,12,7,,18,9135.172474836412,913.5172474836413,0.5,H,T,Lose,9,10,,18,6115.280747617761,611.5280747617761,0.5,H,T,Lose,9,10,,18,11165.210802577834,1116.5210802577835,0.4,T,T,Win,7,12,,18,7474.232024866152,747.4232024866152,0.4,T,T,Win,8,11,
19,15011.00563457686,1501.1005634576861,0.7,H,H,Win,13,7,,19,12281.731882835611,1228.173188283561,0.4,T,T,Win,8,12,,19,6726.8088223795385,672.6808822379539,0.4,T,T,Win,8,12,,19,6726.808822379538,672.6808822379538,0.5,T,T,Win,10,10,,19,8221.655227352767,822.1655227352767,0.5,H,H,Win,10,10,,19,10048.689722320047,1004.8689722320047,0.5,H,H,Win,10,10,,19,6726.808822379537,672.6808822379537,0.5,H,T,Lose,10,10,,19,6726.8088223795385,672.6808822379539,0.5,T,T,Win,10,10,,19,12281.731882835616,1228.1731882835618,0.3,T,T,Win,7,13,,19,5503.752672855984,550.3752672855984,0.5,H,T,Lose,9,11,,19,10048.689722320047,1004.8689722320047,0.6,T,H,Lose,11,9,,19,10048.689722320049,1004.8689722320049,0.4,T,T,Win,8,12,,19,8221.655227352767,822.1655227352767,0.5,T,T,Win,9,11,,19,22423.847923256806,2242.384792325681,0.3,T,H,Lose,7,13,,19,8221.655227352765,822.1655227352766,0.3,T,T,Win,6,14,,19,8221.655227352767,822.1655227352767,0.6,H,H,Win,12,8,,19,12281.731882835616,1228.1731882835618,0.3,T,T,Win,7,13,,19,8221.655227352769,822.1655227352769,0.6,H,T,Lose,11,9,,19,8221.655227352767,822.1655227352767,0.6,H,T,Lose,11,9,,19,12281.731882835618,1228.1731882835618,0.3,T,T,Win,7,13,,19,4503.070368700351,450.30703687003506,0.5,H,T,Lose,10,10,,19,10048.689722320049,1004.8689722320049,0.5,T,H,Lose,9,11,,19,8221.655227352767,822.1655227352767,0.5,H,T,Lose,9,11,,19,18346.78466448284,1834.6784664482839,0.8,H,H,Win,15,5,,19,12281.731882835618,1228.1731882835618,0.7,H,T,Lose,13,7,,19,10048.68972232005,1004.868972232005,0.4,T,T,Win,8,12,,19,12281.731882835616,1228.1731882835618,0.6,H,T,Lose,11,9,,19,22423.847923256795,2242.3847923256794,0.2,T,T,Win,4,16,,19,6726.808822379537,672.6808822379537,0.5,H,T,Lose,9,11,,19,4503.0703687003515,450.3070368700352,0.6,H,H,Win,12,8,,19,12281.731882835611,1228.173188283561,0.7,H,T,Lose,13,7,,19,10048.689722320049,1004.8689722320049,0.7,H,H,Win,13,7,,19,8221.655227352767,822.1655227352767,0.5,H,T,Lose,9,11,,19,12281.731882835616,1228.1731882835618,0.5,T,H,Lose,9,11,,19,6726.808822379537,672.6808822379537,0.6,H,T,Lose,11,9,,19,10048.689722320052,1004.8689722320053,0.4,T,T,Win,8,12,,19,12281.73188283562,1228.173188283562,0.4,T,H,Lose,8,12,,19,8221.655227352767,822.1655227352767,0.5,H,H,Win,10,10,,19,15011.005634576868,1501.1005634576868,0.5,H,T,Lose,10,10,,19,12281.731882835618,1228.1731882835618,0.4,T,T,Win,8,12,,19,15011.005634576864,1501.1005634576866,0.4,T,T,Win,8,12,,19,12281.731882835618,1228.1731882835618,0.5,T,H,Lose,9,11,,19,10048.689722320047,1004.8689722320047,0.4,T,T,Win,8,12,,19,10048.689722320045,1004.8689722320046,0.4,T,H,Lose,8,12,,19,8221.655227352767,822.1655227352767,0.5,T,T,Win,10,10,,19,8221.65522735277,822.1655227352771,0.7,H,H,Win,13,7,,19,15011.005634576868,1501.1005634576868,0.7,H,T,Lose,13,7,,19,6726.808822379538,672.6808822379538,0.4,T,H,Lose,8,12,,19,8221.655227352767,822.1655227352767,0.5,T,T,Win,9,11,,19,15011.005634576868,1501.1005634576868,0.3,T,T,Win,6,14,,19,8221.655227352767,822.1655227352767,0.4,T,T,Win,8,12,,19,15011.005634576868,1501.1005634576868,0.3,T,H,Lose,7,13,,19,8221.655227352769,822.1655227352769,0.5,H,T,Lose,9,11,,19,18346.78466448284,1834.6784664482839,0.4,T,H,Lose,8,12,,19,6726.808822379535,672.6808822379535,0.6,T,H,Lose,11,9,,19,12281.731882835618,1228.1731882835618,0.4,T,H,Lose,8,12,,19,12281.731882835616,1228.1731882835618,0.4,T,T,Win,8,12,,19,18346.78466448284,1834.6784664482839,0.3,T,H,Lose,6,14,,19,5503.752672855984,550.3752672855984,0.6,T,H,Lose,11,9,,19,12281.731882835616,1228.1731882835618,0.7,H,H,Win,14,6,,19,8221.655227352767,822.1655227352767,0.5,T,H,Lose,9,11,,19,8221.655227352767,822.1655227352767,0.6,H,T,Lose,11,9,,19,10048.689722320049,1004.8689722320049,0.6,H,H,Win,12,8,,19,18346.78466448283,1834.6784664482832,0.2,T,T,Win,5,15,,19,12281.731882835616,1228.1731882835618,0.3,T,T,Win,7,13,,19,8221.655227352765,822.1655227352766,0.7,H,H,Win,13,7,,19,5503.752672855987,550.3752672855987,0.6,H,H,Win,11,9,,19,5503.752672855984,550.3752672855984,0.5,T,T,Win,9,11,,19,15011.005634576866,1501.1005634576868,0.8,H,H,Win,15,5,,19,5503.752672855983,550.3752672855984,0.6,T,H,Lose,11,9,,19,5503.752672855983,550.3752672855984,0.6,H,H,Win,11,9,,19,6726.808822379535,672.6808822379535,0.6,T,H,Lose,11,9,,19,5503.752672855984,550.3752672855984,0.6,H,T,Lose,12,8,,19,15011.005634576857,1501.100563457686,0.3,T,H,Lose,7,13,,19,8221.655227352769,822.1655227352769,0.5,H,T,Lose,10,10,,19,5503.752672855984,550.3752672855984,0.5,T,H,Lose,10,10,,19,6726.808822379539,672.6808822379539,0.5,T,T,Win,9,11,,19,15011.005634576868,1501.1005634576868,0.3,T,H,Lose,7,13,,19,15011.005634576868,1501.1005634576868,0.7,H,H,Win,13,7,,19,12281.731882835618,1228.1731882835618,0.6,H,T,Lose,12,8,,19,12281.731882835618,1228.1731882835618,0.3,T,T,Win,6,14,,19,5503.752672855985,550.3752672855985,0.6,T,H,Lose,11,9,,19,12281.731882835616,1228.1731882835618,0.4,T,H,Lose,8,12,,19,8221.655227352769,822.1655227352769,0.6,H,H,Win,11,9,,19,6726.808822379538,672.6808822379538,0.6,H,H,Win,12,8,,19,4503.070368700352,450.3070368700353,0.5,H,H,Win,10,10,,19,15011.00563457686,1501.1005634576861,0.7,H,T,Lose,13,7,,19,5503.752672855986,550.3752672855986,0.6,H,T,Lose,11,9,,19,12281.731882835615,1228.1731882835616,0.7,H,H,Win,14,6,,19,12281.731882835615,1228.1731882835616,0.3,T,T,Win,7,13,,19,8221.655227352769,822.1655227352769,0.5,H,T,Lose,9,11,,19,4503.0703687003515,450.3070368700352,0.6,H,T,Lose,11,9,,19,10048.689722320047,1004.8689722320047,0.4,T,T,Win,8,12,,19,15011.00563457687,1501.100563457687,0.3,T,T,Win,6,14,,19,6726.808822379537,672.6808822379537,0.6,T,H,Lose,11,9,,19,22423.847923256795,2242.3847923256794,0.2,T,T,Win,4,16,,19,12281.73188283562,1228.173188283562,0.6,H,T,Lose,11,9,,19,5503.752672855984,550.3752672855984,0.7,H,H,Win,13,7,,19,12281.731882835616,1228.1731882835618,0.5,T,T,Win,10,10,,19,6726.808822379538,672.6808822379538,0.5,T,T,Win,9,11,,19,8221.655227352767,822.1655227352767,0.7,H,T,Lose,13,7,,19,12281.731882835616,1228.1731882835618,0.6,H,H,Win,12,8,,19,8221.655227352767,822.1655227352767,0.5,T,T,Win,10,10,,19,8221.655227352769,822.1655227352769,0.4,T,T,Win,8,12,,19,10048.689722320049,1004.8689722320049,0.5,T,T,Win,10,10,,19,5503.752672855983,550.3752672855984,0.6,H,H,Win,11,9,,19,10048.689722320047,1004.8689722320047,0.6,H,T,Lose,12,8,,19,8221.655227352767,822.1655227352767,0.6,H,T,Lose,11,9,,19,5503.752672855985,550.3752672855985,0.6,H,H,Win,12,8,,19,10048.689722320047,1004.8689722320047,0.6,H,T,Lose,11,9,,19,18346.784664482835,1834.6784664482836,0.2,T,T,Win,5,15,,19,5503.752672855984,550.3752672855984,0.6,H,T,Lose,11,9,,19,5503.752672855984,550.3752672855984,0.6,H,H,Win,12,8,,19,4503.0703687003515,450.3070368700352,0.6,H,H,Win,12,8,,19,12281.731882835616,1228.1731882835618,0.4,T,T,Win,8,12,,19,10048.68972232005,1004.868972232005,0.4,T,T,Win,8,12,,19,6726.808822379537,672.6808822379537,0.5,T,H,Lose,10,10,,19,4503.0703687003515,450.3070368700352,0.6,H,H,Win,11,9,,19,6726.808822379537,672.6808822379537,0.5,H,T,Lose,10,10,,19,5503.752672855984,550.3752672855984,0.6,H,H,Win,12,8,,19,6726.808822379538,672.6808822379538,0.6,H,H,Win,12,8,,19,12281.731882835618,1228.1731882835618,0.3,T,T,Win,7,13,,19,10048.689722320047,1004.8689722320047,0.4,T,H,Lose,8,12,,19,12281.731882835616,1228.1731882835618,0.3,T,T,Win,7,13,,19,15011.005634576868,1501.1005634576868,0.3,T,T,Win,6,14,,19,6726.808822379535,672.6808822379535,0.6,H,H,Win,12,8,,19,4503.0703687003515,450.3070368700352,0.6,H,H,Win,12,8,,19,8221.655227352767,822.1655227352767,0.6,H,H,Win,12,8,,19,8221.655227352769,822.1655227352769,0.4,T,T,Win,8,12,,19,8221.655227352767,822.1655227352767,0.7,H,H,Win,13,7,,19,12281.731882835618,1228.1731882835618,0.7,H,T,Lose,14,6,,19,15011.005634576864,1501.1005634576866,0.3,T,H,Lose,7,13,,19,8221.655227352769,822.1655227352769,0.7,H,H,Win,13,7,,19,15011.005634576864,1501.1005634576866,0.4,T,T,Win,8,12,,19,18346.784664482835,1834.6784664482836,0.8,H,H,Win,16,4,,19,12281.731882835611,1228.173188283561,0.5,H,T,Lose,10,10,,19,8221.655227352767,822.1655227352767,0.6,H,T,Lose,11,9,,19,3014.4520649977567,301.4452064997757,0.5,T,T,Win,9,11,,19,8221.655227352767,822.1655227352767,0.5,H,T,Lose,9,11,,19,10048.689722320047,1004.8689722320047,0.5,T,T,Win,10,10,,19,12281.731882835616,1228.1731882835618,0.4,T,T,Win,8,12,,19,8221.655227352765,822.1655227352766,0.5,H,T,Lose,10,10,,19,4503.0703687003515,450.3070368700352,0.5,H,T,Lose,9,11,,19,12281.731882835611,1228.173188283561,0.4,T,H,Lose,8,12,,19,8221.65522735277,822.1655227352771,0.6,H,H,Win,12,8,,19,10048.689722320049,1004.8689722320049,0.4,T,T,Win,8,12,,19,10048.68972232005,1004.868972232005,0.7,H,H,Win,13,7,,19,10048.689722320047,1004.8689722320047,0.5,T,H,Lose,9,11,,19,5503.752672855984,550.3752672855984,0.5,T,T,Win,9,11,,19,8221.655227352767,822.1655227352767,0.5,T,H,Lose,9,11,,19,12281.731882835618,1228.1731882835618,0.5,H,T,Lose,9,11,,19,5503.752672855986,550.3752672855986,0.6,H,H,Win,11,9,,19,18346.78466448284,1834.6784664482839,0.7,H,T,Lose,14,6,,19,8221.655227352767,822.1655227352767,0.5,T,T,Win,10,10,,19,15011.00563457686,1501.1005634576861,0.3,T,H,Lose,7,13,,19,4503.070368700352,450.3070368700353,0.4,T,T,Win,8,12,,19,4503.0703687003515,450.3070368700352,0.6,H,T,Lose,11,9,,19,6726.808822379538,672.6808822379538,0.5,T,H,Lose,10,10,,19,6726.8088223795385,672.6808822379539,0.5,H,H,Win,10,10,,19,15011.00563457686,1501.1005634576861,0.7,H,H,Win,14,6,,19,15011.005634576868,1501.1005634576868,0.4,T,H,Lose,8,12,,19,3684.330301663924,368.4330301663924,0.6,H,T,Lose,11,9,,19,12281.731882835618,1228.1731882835618,0.4,T,T,Win,8,12,,19,3014.452064997756,301.4452064997756,0.6,H,H,Win,12,8,,19,5503.752672855987,550.3752672855987,0.5,T,T,Win,9,11,,19,8221.655227352767,822.1655227352767,0.6,H,H,Win,12,8,,19,12281.731882835616,1228.1731882835618,0.6,H,T,Lose,12,8,,19,12281.731882835611,1228.173188283561,0.5,H,T,Lose,10,10,,19,10048.689722320052,1004.8689722320053,0.7,H,H,Win,13,7,,19,10048.689722320045,1004.8689722320046,0.6,H,H,Win,11,9,,19,6726.8088223795385,672.6808822379539,0.5,H,T,Lose,10,10,,19,8221.655227352767,822.1655227352767,0.5,T,T,Win,10,10,,19,8221.655227352765,822.1655227352766,0.6,H,H,Win,12,8,,19,8221.655227352767,822.1655227352767,0.4,T,T,Win,8,12,,19,6726.808822379536,672.6808822379536,0.6,H,H,Win,11,9,,19,15011.005634576866,1501.1005634576868,0.3,T,H,Lose,7,13,,19,12281.73188283562,1228.173188283562,0.4,T,H,Lose,8,12,,19,6726.808822379537,672.6808822379537,0.6,H,H,Win,11,9,,19,8221.655227352765,822.1655227352766,0.5,H,H,Win,10,10,,19,8221.65522735277,822.1655227352771,0.5,H,T,Lose,10,10,,19,12281.731882835611,1228.173188283561,0.8,H,H,Win,15,5,,19,15011.00563457686,1501.1005634576861,0.7,H,T,Lose,13,7,,19,10048.689722320047,1004.8689722320047,0.3,T,T,Win,7,13,,19,3684.330301663925,368.43303016639254,0.6,H,H,Win,11,9,,19,4503.0703687003515,450.3070368700352,0.6,H,T,Lose,11,9,,19,12281.731882835616,1228.1731882835618,0.7,H,H,Win,14,6,,19,10048.689722320049,1004.8689722320049,0.6,H,H,Win,12,8,,19,27406.92523953609,2740.692523953609,0.2,T,T,Win,4,16,,19,3684.330301663924,368.4330301663924,0.6,T,H,Lose,11,9,,19,8221.655227352765,822.1655227352766,0.6,H,T,Lose,12,8,,19,8221.655227352767,822.1655227352767,0.6,H,T,Lose,12,8,,19,12281.731882835618,1228.1731882835618,0.3,T,T,Win,7,13,,19,12281.731882835611,1228.173188283561,0.6,T,H,Lose,11,9,,19,12281.731882835616,1228.1731882835618,0.5,T,H,Lose,10,10,,19,8221.655227352769,822.1655227352769,0.5,T,T,Win,9,11,,19,12281.731882835616,1228.1731882835618,0.4,T,H,Lose,8,12,,19,10048.689722320049,1004.8689722320049,0.5,T,H,Lose,9,11,,19,12281.731882835616,1228.1731882835618,0.7,H,T,Lose,13,7,,19,15011.005634576868,1501.1005634576868,0.3,T,T,Win,6,14,,19,22423.8479232568,2242.38479232568,0.3,T,H,Lose,6,14,,19,22423.847923256806,2242.384792325681,0.3,T,H,Lose,7,13,,19,18346.78466448284,1834.6784664482839,0.7,H,T,Lose,14,6,,19,4503.070368700351,450.30703687003506,0.6,H,T,Lose,11,9,,19,15011.005634576868,1501.1005634576868,0.7,H,H,Win,13,7,,19,5503.752672855984,550.3752672855984,0.6,H,T,Lose,12,8,,19,8221.655227352767,822.1655227352767,0.5,H,H,Win,10,10,,19,8221.655227352765,822.1655227352766,0.5,T,H,Lose,9,11,,19,12281.731882835616,1228.1731882835618,0.3,T,T,Win,7,13,,19,15011.005634576868,1501.1005634576868,0.3,T,T,Win,6,14,,19,10048.689722320049,1004.8689722320049,0.7,H,H,Win,14,6,,19,10048.68972232005,1004.868972232005,0.7,H,H,Win,14,6,,19,8221.655227352767,822.1655227352767,0.6,H,T,Lose,12,8,,19,18346.78466448284,1834.6784664482839,0.3,T,H,Lose,6,14,,19,12281.731882835618,1228.1731882835618,0.4,T,H,Lose,8,12,,19,4503.0703687003515,450.3070368700352,0.6,T,H,Lose,11,9,,19,8221.655227352767,822.1655227352767,0.5,H,T,Lose,9,11,,19,5503.752672855984,550.3752672855984,0.5,T,H,Lose,10,10,,19,12281.731882835611,1228.173188283561,0.5,T,T,Win,9,11,,19,22423.847923256795,2242.3847923256794,0.8,H,H,Win,15,5,,19,8221.655227352767,822.1655227352767,0.6,H,T,Lose,11,9,,19,10048.689722320047,1004.8689722320047,0.4,T,T,Win,8,12,,19,5503.752672855984,550.3752672855984,0.6,H,T,Lose,11,9,,19,3014.452064997756,301.4452064997756,0.5,T,H,Lose,10,10,,19,6726.808822379536,672.6808822379536,0.5,T,T,Win,10,10,,19,6726.808822379537,672.6808822379537,0.5,H,H,Win,10,10,,19,18346.78466448284,1834.6784664482839,0.3,T,H,Lose,6,14,,19,6726.8088223795385,672.6808822379539,0.6,H,H,Win,11,9,,19,5503.752672855984,550.3752672855984,0.6,H,H,Win,12,8,,19,6726.808822379536,672.6808822379536,0.5,T,H,Lose,10,10,,19,10048.689722320047,1004.8689722320047,0.6,T,H,Lose,11,9,,19,18346.784664482835,1834.6784664482836,0.7,H,T,Lose,13,7,,19,8221.655227352769,822.1655227352769,0.7,H,H,Win,13,7,,19,10048.68972232005,1004.868972232005,0.7,H,H,Win,14,6,,19,6726.8088223795385,672.6808822379539,0.5,T,T,Win,9,11,,19,3684.330301663924,368.4330301663924,0.5,T,T,Win,10,10,,19,12281.731882835615,1228.1731882835616,0.7,H,H,Win,13,7,,19,8221.655227352765,822.1655227352766,0.6,H,T,Lose,12,8,,19,15011.005634576864,1501.1005634576866,0.3,T,H,Lose,7,13,,19,12281.731882835616,1228.1731882835618,0.6,H,T,Lose,12,8,,19,8221.655227352769,822.1655227352769,0.6,H,H,Win,11,9,,19,12281.731882835616,1228.1731882835618,0.7,H,T,Lose,13,7,,19,8221.655227352765,822.1655227352766,0.6,H,H,Win,11,9,,19,8221.655227352767,822.1655227352767,0.6,H,T,Lose,12,8,,19,12281.731882835616,1228.1731882835618,0.5,T,T,Win,9,11,,19,15011.00563457686,1501.1005634576861,0.8,H,H,Win,15,5,,19,6726.808822379538,672.6808822379538,0.6,H,T,Lose,11,9,,19,6726.808822379538,672.6808822379538,0.6,H,H,Win,12,8,,19,12281.731882835618,1228.1731882835618,0.6,H,H,Win,11,9,,19,5503.752672855983,550.3752672855984,0.6,H,H,Win,11,9,,19,10048.689722320052,1004.8689722320053,0.5,H,T,Lose,9,11,,19,18346.78466448284,1834.6784664482839,0.3,T,T,Win,7,13,,19,12281.731882835615,1228.1731882835616,0.6,H,T,Lose,11,9,,19,4503.0703687003515,450.3070368700352,0.5,H,T,Lose,9,11,,19,6726.808822379538,672.6808822379538,0.6,H,H,Win,11,9,,19,5503.752672855984,550.3752672855984,0.6,H,H,Win,12,8,,19,8221.655227352767,822.1655227352767,0.6,H,H,Win,12,8,,19,6726.808822379537,672.6808822379537,0.5,T,H,Lose,9,11,,19,4503.0703687003515,450.3070368700352,0.6,T,H,Lose,11,9,,19,6726.808822379537,672.6808822379537,0.5,T,T,Win,9,11,,19,12281.731882835618,1228.1731882835618,0.4,T,H,Lose,8,12,,19,5503.752672855983,550.3752672855984,0.5,H,T,Lose,10,10,,19,12281.731882835618,1228.1731882835618,0.3,T,T,Win,7,13,,19,10048.689722320049,1004.8689722320049,0.5,T,T,Win,9,11,,19,10048.689722320049,1004.8689722320049,0.5,T,H,Lose,9,11,,19,10048.689722320047,1004.8689722320047,0.3,T,T,Win,7,13,,19,4503.0703687003515,450.3070368700352,0.5,T,T,Win,10,10,,19,8221.655227352767,822.1655227352767,0.6,H,T,Lose,11,9,,19,12281.731882835611,1228.173188283561,0.3,T,T,Win,7,13,,19,5503.752672855983,550.3752672855984,0.5,T,T,Win,10,10,,19,15011.005634576864,1501.1005634576866,0.3,T,H,Lose,7,13,,19,15011.005634576866,1501.1005634576868,0.7,H,H,Win,14,6,,19,6726.808822379537,672.6808822379537,0.5,H,H,Win,10,10,,19,18346.78466448284,1834.6784664482839,0.5,T,H,Lose,9,11,,19,12281.731882835618,1228.1731882835618,0.6,H,H,Win,12,8,,19,6726.808822379539,672.6808822379539,0.4,T,T,Win,8,12,,19,6726.8088223795385,672.6808822379539,0.5,T,H,Lose,9,11,,19,10048.68972232005,1004.868972232005,0.3,T,H,Lose,7,13,,19,10048.68972232005,1004.868972232005,0.4,T,T,Win,8,12,,19,5503.752672855984,550.3752672855984,0.6,H,H,Win,11,9,,19,18346.784664482835,1834.6784664482836,0.7,H,H,Win,14,6,,19,10048.689722320049,1004.8689722320049,0.4,T,H,Lose,8,12,,19,10048.689722320054,1004.8689722320055,0.7,H,H,Win,13,7,,19,10048.689722320047,1004.8689722320047,0.4,T,T,Win,8,12,,19,6726.808822379537,672.6808822379537,0.6,H,H,Win,11,9,,19,10048.689722320047,1004.8689722320047,0.4,T,T,Win,8,12,,19,12281.731882835618,1228.1731882835618,0.4,T,H,Lose,8,12,,19,15011.005634576866,1501.1005634576868,0.3,T,H,Lose,7,13,,19,10048.689722320047,1004.8689722320047,0.4,T,T,Win,8,12,,19,4503.0703687003515,450.3070368700352,0.6,H,H,Win,12,8,,19,15011.005634576864,1501.1005634576866,0.4,T,T,Win,8,12,,19,4503.070368700351,450.30703687003506,0.5,T,T,Win,9,11,,19,10048.689722320049,1004.8689722320049,0.6,H,T,Lose,11,9,,19,10048.68972232005,1004.868972232005,0.4,T,H,Lose,8,12,,19,5503.752672855986,550.3752672855986,0.6,H,T,Lose,11,9,,19,8221.655227352767,822.1655227352767,0.5,H,H,Win,10,10,,19,8221.655227352765,822.1655227352766,0.6,H,T,Lose,11,9,,19,3014.4520649977558,301.44520649977557,0.6,T,H,Lose,11,9,,19,6726.808822379535,672.6808822379535,0.6,H,H,Win,12,8,,19,10048.68972232005,1004.868972232005,0.4,T,T,Win,8,12,,19,8221.655227352767,822.1655227352767,0.5,T,T,Win,9,11,,19,15011.005634576864,1501.1005634576866,0.3,T,H,Lose,7,13,,19,6726.8088223795385,672.6808822379539,0.5,H,H,Win,10,10,,19,15011.005634576864,1501.1005634576866,0.3,T,T,Win,6,14,,19,18346.78466448284,1834.6784664482839,0.3,T,H,Lose,6,14,,19,10048.689722320045,1004.8689722320046,0.4,T,T,Win,8,12,,19,18346.78466448284,1834.6784664482839,0.7,H,T,Lose,14,6,,19,12281.731882835618,1228.1731882835618,0.4,T,H,Lose,8,12,,19,10048.689722320047,1004.8689722320047,0.5,T,T,Win,10,10,,19,4503.070368700352,450.3070368700353,0.6,T,H,Lose,11,9,,19,8221.655227352769,822.1655227352769,0.5,T,H,Lose,9,11,,19,18346.78466448284,1834.6784664482839,0.2,T,T,Win,5,15,,19,6726.8088223795385,672.6808822379539,0.6,H,T,Lose,12,8,,19,10048.68972232005,1004.868972232005,0.6,H,T,Lose,11,9,,19,4503.070368700351,450.30703687003506,0.5,T,H,Lose,10,10,,19,6726.808822379538,672.6808822379538,0.6,H,H,Win,12,8,,19,5503.752672855984,550.3752672855984,0.5,H,H,Win,10,10,,19,12281.731882835616,1228.1731882835618,0.5,T,H,Lose,9,11,,19,33497.35307054411,3349.735307054411,0.8,H,H,Win,17,3,,19,10048.689722320047,1004.8689722320047,0.5,T,H,Lose,9,11,,19,8221.655227352769,822.1655227352769,0.5,H,T,Lose,10,10,,19,10048.68972232005,1004.868972232005,0.5,T,H,Lose,9,11,,19,8221.655227352765,822.1655227352766,0.6,H,H,Win,12,8,,19,15011.005634576864,1501.1005634576866,0.7,H,T,Lose,14,6,,19,5503.752672855984,550.3752672855984,0.5,T,H,Lose,10,10,,19,12281.731882835616,1228.1731882835618,0.4,T,H,Lose,8,12,,19,15011.00563457686,1501.1005634576861,0.7,H,T,Lose,13,7,,19,12281.731882835618,1228.1731882835618,0.4,T,H,Lose,8,12,,19,12281.731882835618,1228.1731882835618,0.7,H,H,Win,14,6,,19,5503.752672855986,550.3752672855986,0.6,H,H,Win,11,9,,19,3684.3303016639243,368.4330301663924,0.5,T,T,Win,10,10,,19,12281.731882835616,1228.1731882835618,0.5,H,T,Lose,9,11,,19,4503.0703687003515,450.3070368700352,0.6,H,H,Win,12,8,,19,10048.689722320047,1004.8689722320047,0.5,H,H,Win,10,10,,19,15011.00563457686,1501.1005634576861,0.8,H,H,Win,16,4,,19,12281.731882835616,1228.1731882835618,0.3,T,T,Win,7,13,,19,18346.784664482835,1834.6784664482836,0.3,T,T,Win,6,14,,19,12281.731882835616,1228.1731882835618,0.3,T,T,Win,7,13,,19,5503.752672855982,550.3752672855983,0.6,H,H,Win,12,8,,19,12281.731882835616,1228.1731882835618,0.4,T,H,Lose,8,12,,19,3684.3303016639243,368.4330301663924,0.5,T,T,Win,10,10,,19,22423.847923256806,2242.384792325681,0.2,T,T,Win,4,16,,19,5503.752672855983,550.3752672855984,0.6,H,H,Win,12,8,,19,8221.655227352769,822.1655227352769,0.5,H,T,Lose,9,11,,19,12281.731882835616,1228.1731882835618,0.4,T,H,Lose,8,12,,19,6726.808822379537,672.6808822379537,0.5,H,H,Win,10,10,,19,5503.752672855985,550.3752672855985,0.5,T,H,Lose,10,10,,19,6726.808822379536,672.6808822379536,0.6,T,H,Lose,11,9,,19,5503.752672855984,550.3752672855984,0.5,H,H,Win,10,10,,19,27406.92523953609,2740.692523953609,0.8,H,T,Lose,15,5,,19,8221.655227352769,822.1655227352769,0.5,T,H,Lose,9,11,,19,10048.68972232005,1004.868972232005,0.3,T,T,Win,7,13,,19,6726.808822379535,672.6808822379535,0.6,H,H,Win,11,9,,19,22423.847923256788,2242.384792325679,0.2,T,T,Win,4,16,,19,22423.847923256806,2242.384792325681,0.2,T,H,Lose,5,15,,19,6726.808822379537,672.6808822379537,0.6,T,H,Lose,11,9,,19,8221.655227352765,822.1655227352766,0.6,T,H,Lose,11,9,,19,6726.808822379538,672.6808822379538,0.6,H,H,Win,12,8,,19,10048.689722320047,1004.8689722320047,0.6,H,H,Win,12,8,,19,3684.3303016639243,368.4330301663924,0.6,H,H,Win,11,9,,19,8221.65522735277,822.1655227352771,0.6,H,T,Lose,12,8,,19,10048.689722320052,1004.8689722320053,0.4,T,T,Win,8,12,,19,15011.00563457687,1501.100563457687,0.3,T,T,Win,6,14,,19,15011.00563457686,1501.1005634576861,0.7,H,T,Lose,14,6,,19,6726.808822379537,672.6808822379537,0.5,T,T,Win,10,10,,19,10048.68972232005,1004.868972232005,0.6,H,H,Win,12,8,,19,12281.731882835611,1228.173188283561,0.3,T,T,Win,7,13,,19,4503.070368700351,450.30703687003506,0.6,H,T,Lose,11,9,,19,15011.005634576868,1501.1005634576868,0.3,T,T,Win,6,14,,19,15011.00563457686,1501.1005634576861,0.5,T,H,Lose,9,11,,19,8221.655227352765,822.1655227352766,0.6,H,T,Lose,11,9,,19,10048.689722320047,1004.8689722320047,0.7,H,H,Win,14,6,,19,4503.0703687003515,450.3070368700352,0.5,T,T,Win,10,10,,19,12281.731882835615,1228.1731882835616,0.5,H,H,Win,10,10,,19,8221.655227352767,822.1655227352767,0.5,T,H,Lose,10,10,,19,5503.752672855984,550.3752672855984,0.6,H,T,Lose,12,8,,19,12281.731882835618,1228.1731882835618,0.7,H,H,Win,13,7,,19,10048.689722320049,1004.8689722320049,0.5,T,H,Lose,9,11,,19,8221.655227352769,822.1655227352769,0.5,T,H,Lose,10,10,,19,8221.655227352767,822.1655227352767,0.6,H,H,Win,12,8,,19,8221.655227352769,822.1655227352769,0.6,H,H,Win,12,8,,19,18346.78466448284,1834.6784664482839,0.7,H,T,Lose,13,7,,19,12281.731882835611,1228.173188283561,0.5,T,H,Lose,9,11,,19,8221.655227352767,822.1655227352767,0.5,T,T,Win,10,10,,19,12281.731882835615,1228.1731882835616,0.3,T,T,Win,7,13,,19,15011.005634576866,1501.1005634576868,0.7,H,H,Win,14,6,,19,15011.005634576866,1501.1005634576868,0.4,T,H,Lose,8,12,,19,3684.3303016639243,368.4330301663924,0.6,H,T,Lose,11,9,,19,8221.655227352769,822.1655227352769,0.5,T,H,Lose,9,11,,19,15011.005634576868,1501.1005634576868,0.3,T,H,Lose,7,13,,19,5503.752672855983,550.3752672855984,0.5,H,H,Win,10,10,,19,12281.731882835618,1228.1731882835618,0.4,T,H,Lose,8,12,,19,4503.070368700351,450.30703687003506,0.6,H,H,Win,12,8,,19,6726.808822379538,672.6808822379538,0.5,H,H,Win,10,10,,19,22423.847923256806,2242.384792325681,0.8,H,H,Win,16,4,,19,15011.005634576864,1501.1005634576866,0.6,H,T,Lose,12,8,,19,15011.005634576868,1501.1005634576868,0.5,T,T,Win,10,10,,19,5503.752672855986,550.3752672855986,0.7,H,H,Win,13,7,,19,6726.808822379537,672.6808822379537,0.6,H,H,Win,11,9,,19,12281.731882835618,1228.1731882835618,0.7,H,T,Lose,13,7,,19,8221.65522735277,822.1655227352771,0.6,H,T,Lose,12,8,,19,8221.655227352767,822.1655227352767,0.5,T,T,Win,9,11,,19,10048.689722320047,1004.8689722320047,0.4,T,T,Win,8,12,,19,6726.808822379537,672.6808822379537,0.5,T,T,Win,9,11,,19,5503.752672855984,550.3752672855984,0.5,H,T,Lose,10,10,,19,10048.689722320052,1004.8689722320053,0.5,T,H,Lose,9,11,,19,10048.689722320049,1004.8689722320049,0.7,H,H,Win,13,7,,19,6726.808822379536,672.6808822379536,0.5,H,T,Lose,9,11,,19,8221.655227352767,822.1655227352767,0.7,H,H,Win,13,7,,19,10048.68972232005,1004.868972232005,0.5,T,H,Lose,9,11,,19,6726.808822379537,672.6808822379537,0.3,T,T,Win,7,13,,19,10048.689722320047,1004.8689722320047,0.5,T,H,Lose,9,11,,19,10048.689722320047,1004.8689722320047,0.4,T,T,Win,8,12,,19,6726.808822379537,672.6808822379537,0.6,H,H,Win,11,9,,19,10048.68972232005,1004.868972232005,0.6,H,T,Lose,12,8,,19,12281.731882835618,1228.1731882835618,0.7,H,H,Win,13,7,,19,8221.65522735277,822.1655227352771,0.6,H,H,Win,11,9,,19,10048.689722320045,1004.8689722320046,0.4,T,T,Win,8,12,,19,6726.808822379538,672.6808822379538,0.6,H,T,Lose,11,9,,19,6726.808822379537,672.6808822379537,0.6,H,H,Win,12,8,,19,12281.731882835618,1228.1731882835618,0.7,H,T,Lose,13,7,,19,10048.689722320052,1004.8689722320053,0.7,H,H,Win,14,6,,19,4503.070368700352,450.3070368700353,0.6,H,T,Lose,11,9,,19,15011.005634576857,1501.100563457686,0.3,T,T,Win,6,14,,19,6726.8088223795385,672.6808822379539,0.5,H,T,Lose,10,10,,19,8221.655227352767,822.1655227352767,0.5,T,T,Win,9,11,,19,10048.689722320047,1004.8689722320047,0.6,H,H,Win,12,8,,19,6726.808822379538,672.6808822379538,0.5,T,H,Lose,9,11,,19,5503.752672855983,550.3752672855984,0.6,H,H,Win,11,9,,19,6726.808822379538,672.6808822379538,0.5,H,T,Lose,9,11,,19,5503.752672855986,550.3752672855986,0.5,H,T,Lose,10,10,,19,15011.005634576866,1501.1005634576868,0.4,T,H,Lose,8,12,,19,5503.752672855986,550.3752672855986,0.6,T,H,Lose,11,9,,19,3684.3303016639243,368.4330301663924,0.6,T,H,Lose,11,9,,19,6726.8088223795385,672.6808822379539,0.6,H,T,Lose,11,9,,19,6726.808822379536,672.6808822379536,0.4,T,T,Win,8,12,,19,6726.808822379537,672.6808822379537,0.4,T,T,Win,8,12,,19,6726.808822379538,672.6808822379538,0.6,H,H,Win,11,9,,19,18346.78466448284,1834.6784664482839,0.8,H,T,Lose,15,5,,19,3684.330301663924,368.4330301663924,0.5,T,H,Lose,10,10,,19,10048.689722320049,1004.8689722320049,0.5,T,H,Lose,9,11,,19,22423.8479232568,2242.38479232568,0.7,H,T,Lose,14,6,,19,10048.689722320049,1004.8689722320049,0.4,T,T,Win,8,12,,19,5503.752672855984,550.3752672855984,0.6,H,H,Win,12,8,,19,5503.752672855986,550.3752672855986,0.6,H,T,Lose,12,8,,19,8221.655227352767,822.1655227352767,0.6,H,H,Win,12,8,,19,10048.689722320049,1004.8689722320049,0.5,H,T,Lose,10,10,,19,10048.689722320052,1004.8689722320053,0.4,T,T,Win,8,12,,19,5503.752672855983,550.3752672855984,0.5,H,T,Lose,10,10,,19,10048.68972232005,1004.868972232005,0.6,H,T,Lose,12,8,,19,8221.655227352767,822.1655227352767,0.5,T,H,Lose,10,10,,19,10048.68972232005,1004.868972232005,0.5,T,H,Lose,9,11,,19,8221.655227352767,822.1655227352767,0.7,H,H,Win,13,7,,19,8221.655227352765,822.1655227352766,0.5,T,T,Win,9,11,,19,15011.00563457686,1501.1005634576861,0.6,H,T,Lose,12,8,,19,15011.005634576868,1501.1005634576868,0.4,T,H,Lose,8,12,,19,4503.0703687003515,450.3070368700352,0.6,H,T,Lose,11,9,,19,8221.655227352767,822.1655227352767,0.5,H,H,Win,10,10,,19,12281.731882835618,1228.1731882835618,0.5,T,H,Lose,9,11,,19,5503.752672855984,550.3752672855984,0.7,H,H,Win,13,7,,19,6726.808822379538,672.6808822379538,0.6,H,H,Win,11,9,,19,6726.8088223795385,672.6808822379539,0.6,H,H,Win,12,8,,19,6726.808822379538,672.6808822379538,0.6,H,T,Lose,12,8,,19,8221.655227352767,822.1655227352767,0.6,H,H,Win,12,8,,19,10048.689722320045,1004.8689722320046,0.6,T,H,Lose,11,9,,19,10048.689722320049,1004.8689722320049,0.5,H,H,Win,10,10,,19,12281.731882835616,1228.1731882835618,0.7,H,T,Lose,13,7,,19,8221.655227352765,822.1655227352766,0.5,T,H,Lose,10,10,,19,10048.689722320047,1004.8689722320047,0.6,H,T,Lose,12,8,,19,8221.655227352765,822.1655227352766,0.5,T,T,Win,10,10,,19,12281.731882835616,1228.1731882835618,0.8,H,H,Win,15,5,,19,6726.808822379535,672.6808822379535,0.5,T,H,Lose,9,11,,19,8221.655227352767,822.1655227352767,0.5,H,H,Win,10,10,,19,18346.78466448284,1834.6784664482839,0.3,T,T,Win,6,14,,19,6726.808822379539,672.6808822379539,0.5,H,T,Lose,10,10,,19,18346.78466448284,1834.6784664482839,0.3,T,H,Lose,6,14,,19,10048.68972232005,1004.868972232005,0.5,H,T,Lose,10,10,,19,12281.731882835616,1228.1731882835618,0.4,T,H,Lose,8,12,,19,4503.0703687003515,450.3070368700352,0.6,H,H,Win,11,9,,19,6726.8088223795385,672.6808822379539,0.5,H,H,Win,10,10,,19,12281.731882835616,1228.1731882835618,0.3,T,T,Win,6,14,,19,15011.005634576866,1501.1005634576868,0.3,T,H,Lose,7,13,,19,5503.752672855986,550.3752672855986,0.6,H,T,Lose,11,9,,19,6726.808822379537,672.6808822379537,0.6,H,H,Win,11,9,,19,22423.847923256806,2242.384792325681,0.3,T,T,Win,6,14,,19,10048.689722320047,1004.8689722320047,0.4,T,T,Win,8,12,,19,8221.655227352767,822.1655227352767,0.6,H,T,Lose,11,9,,19,10048.689722320049,1004.8689722320049,0.5,T,H,Lose,10,10,,19,18346.78466448284,1834.6784664482839,0.2,T,T,Win,5,15,,19,15011.005634576866,1501.1005634576868,0.3,T,T,Win,6,14,,19,10048.689722320049,1004.8689722320049,0.5,T,T,Win,9,11,,19,6726.808822379537,672.6808822379537,0.5,H,H,Win,10,10,,19,12281.731882835618,1228.1731882835618,0.8,H,H,Win,15,5,,19,12281.731882835618,1228.1731882835618,0.3,T,T,Win,6,14,,19,18346.78466448284,1834.6784664482839,0.7,H,T,Lose,14,6,,19,10048.689722320049,1004.8689722320049,0.4,T,T,Win,8,12,,19,8221.655227352769,822.1655227352769,0.7,H,H,Win,13,7,,19,15011.005634576866,1501.1005634576868,0.5,H,T,Lose,10,10,,19,15011.005634576868,1501.1005634576868,0.7,H,H,Win,14,6,,19,8221.655227352767,822.1655227352767,0.6,H,H,Win,11,9,,19,4503.070368700351,450.30703687003506,0.6,H,H,Win,11,9,,19,8221.655227352769,822.1655227352769,0.5,T,T,Win,10,10,,19,18346.784664482835,1834.6784664482836,0.8,H,H,Win,15,5,,19,6726.808822379537,672.6808822379537,0.5,H,H,Win,10,10,,19,5503.752672855984,550.3752672855984,0.6,H,H,Win,12,8,,19,12281.73188283562,1228.173188283562,0.3,T,T,Win,7,13,,19,6726.808822379535,672.6808822379535,0.5,T,H,Lose,10,10,,19,12281.731882835616,1228.1731882835618,0.8,H,H,Win,15,5,,19,5503.752672855985,550.3752672855985,0.6,H,H,Win,12,8,,19,8221.655227352769,822.1655227352769,0.6,H,H,Win,11,9,,19,15011.005634576866,1501.1005634576868,0.3,T,H,Lose,7,13,,19,12281.731882835615,1228.1731882835616,0.6,H,T,Lose,11,9,,19,15011.005634576868,1501.1005634576868,0.3,T,T,Win,7,13,,19,5503.752672855984,550.3752672855984,0.6,H,H,Win,12,8,,19,6726.808822379538,672.6808822379538,0.6,H,H,Win,12,8,,19,4503.0703687003515,450.3070368700352,0.5,T,H,Lose,10,10,,19,12281.731882835616,1228.1731882835618,0.6,T,H,Lose,11,9,,19,22423.847923256806,2242.384792325681,0.8,H,H,Win,15,5,,19,22423.847923256802,2242.3847923256803,0.2,T,T,Win,5,15,,19,8221.655227352765,822.1655227352766,0.4,T,T,Win,8,12,,19,12281.731882835616,1228.1731882835618,0.5,H,T,Lose,9,11,,19,5503.752672855986,550.3752672855986,0.4,T,T,Win,8,12,,19,8221.655227352765,822.1655227352766,0.4,T,T,Win,8,12,,19,10048.68972232005,1004.868972232005,0.5,T,T,Win,10,10,,19,18346.78466448284,1834.6784664482839,0.3,T,H,Lose,6,14,,19,15011.005634576868,1501.1005634576868,0.3,T,T,Win,6,14,,19,4503.0703687003515,450.3070368700352,0.5,T,T,Win,10,10,,19,18346.78466448284,1834.6784664482839,0.7,H,T,Lose,13,7,,19,15011.00563457687,1501.100563457687,0.5,T,H,Lose,9,11,,19,10048.689722320049,1004.8689722320049,0.6,H,H,Win,12,8,,19,10048.689722320047,1004.8689722320047,0.6,H,H,Win,12,8,,19,8221.655227352769,822.1655227352769,0.6,H,H,Win,12,8,,19,3684.330301663923,368.4330301663923,0.5,T,H,Lose,10,10,,19,10048.689722320049,1004.8689722320049,0.5,T,H,Lose,9,11,,19,5503.752672855984,550.3752672855984,0.6,H,T,Lose,11,9,,19,4503.070368700352,450.3070368700353,0.6,H,T,Lose,11,9,,19,12281.731882835616,1228.1731882835618,0.3,T,T,Win,7,13,,19,12281.731882835616,1228.1731882835618,0.4,T,H,Lose,8,12,,19,22423.8479232568,2242.38479232568,0.8,H,T,Lose,15,5,,19,6726.808822379537,672.6808822379537,0.6,T,H,Lose,11,9,,19,5503.752672855985,550.3752672855985,0.5,T,H,Lose,10,10,,19,10048.68972232005,1004.868972232005,0.4,T,T,Win,8,12,,19,33497.35307054411,3349.735307054411,0.2,T,T,Win,4,16,,19,6726.808822379538,672.6808822379538,0.5,H,H,Win,10,10,,19,12281.731882835616,1228.1731882835618,0.4,T,H,Lose,8,12,,19,12281.731882835616,1228.1731882835618,0.7,H,H,Win,13,7,,19,12281.731882835616,1228.1731882835618,0.3,T,T,Win,7,13,,19,12281.731882835618,1228.1731882835618,0.4,T,T,Win,8,12,,19,12281.731882835616,1228.1731882835618,0.7,H,H,Win,14,6,,19,3684.3303016639247,368.4330301663925,0.4,T,T,Win,8,12,,19,12281.731882835616,1228.1731882835618,0.5,H,T,Lose,9,11,,19,10048.689722320047,1004.8689722320047,0.4,T,T,Win,8,12,,19,15011.00563457687,1501.100563457687,0.7,H,T,Lose,14,6,,19,8221.655227352765,822.1655227352766,0.5,H,T,Lose,9,11,,19,8221.655227352767,822.1655227352767,0.6,H,T,Lose,11,9,,19,15011.00563457686,1501.1005634576861,0.7,H,H,Win,14,6,,19,15011.005634576866,1501.1005634576868,0.3,T,T,Win,6,14,,19,8221.655227352767,822.1655227352767,0.5,H,T,Lose,9,11,,19,15011.005634576868,1501.1005634576868,0.3,T,H,Lose,7,13,,19,6726.808822379536,672.6808822379536,0.5,T,H,Lose,9,11,,19,10048.689722320049,1004.8689722320049,0.7,H,T,Lose,13,7,,19,8221.655227352767,822.1655227352767,0.5,T,T,Win,9,11,,19,5503.752672855986,550.3752672855986,0.4,T,T,Win,8,12,,19,22423.847923256806,2242.384792325681,0.3,T,T,Win,6,14,,19,4503.0703687003515,450.3070368700352,0.6,H,T,Lose,12,8,,19,5503.752672855986,550.3752672855986,0.5,H,T,Lose,10,10,,19,10048.689722320047,1004.8689722320047,0.5,H,T,Lose,9,11,,19,15011.00563457686,1501.1005634576861,0.3,T,T,Win,7,13,,19,10048.689722320052,1004.8689722320053,0.6,H,T,Lose,11,9,,19,10048.689722320047,1004.8689722320047,0.7,H,T,Lose,13,7,,19,10048.689722320049,1004.8689722320049,0.4,T,T,Win,8,12,,19,5503.752672855985,550.3752672855985,0.5,T,H,Lose,10,10,,19,6726.808822379537,672.6808822379537,0.5,H,T,Lose,9,11,,19,10048.689722320049,1004.8689722320049,0.6,H,T,Lose,12,8,,19,8221.655227352767,822.1655227352767,0.5,T,T,Win,10,10,,19,6726.808822379538,672.6808822379538,0.5,H,T,Lose,10,10,,19,5503.752672855983,550.3752672855984,0.6,H,H,Win,11,9,,19,12281.731882835616,1228.1731882835618,0.5,T,H,Lose,9,11,,19,6726.808822379538,672.6808822379538,0.7,H,H,Win,13,7,,19,6726.8088223795385,672.6808822379539,0.6,H,H,Win,12,8,,19,18346.784664482835,1834.6784664482836,0.7,H,T,Lose,13,7,,19,10048.689722320047,1004.8689722320047,0.7,H,H,Win,13,7,,19,10048.689722320047,1004.8689722320047,0.4,T,T,Win,8,12,,19,8221.655227352767,822.1655227352767,0.6,H,H,Win,11,9,,19,5503.752672855984,550.3752672855984,0.5,H,T,Lose,9,11,,19,15011.005634576868,1501.1005634576868,0.3,T,T,Win,6,14,,19,12281.731882835616,1228.1731882835618,0.4,T,H,Lose,8,12,,19,8221.655227352765,822.1655227352766,0.6,H,T,Lose,12,8,,19,10048.689722320049,1004.8689722320049,0.6,H,H,Win,12,8,,19,6726.808822379539,672.6808822379539,0.6,H,H,Win,12,8,,19,12281.731882835618,1228.1731882835618,0.3,T,T,Win,7,13,,19,18346.784664482835,1834.6784664482836,0.8,H,T,Lose,15,5,,19,15011.005634576864,1501.1005634576866,0.6,H,T,Lose,12,8,,19,10048.689722320049,1004.8689722320049,0.3,T,T,Win,7,13,,19,8221.655227352765,822.1655227352766,0.5,T,T,Win,9,11,,19,22423.8479232568,2242.38479232568,0.8,H,H,Win,15,5,,19,4503.0703687003515,450.3070368700352,0.6,T,H,Lose,11,9,,19,18346.78466448284,1834.6784664482839,0.8,H,H,Win,15,5,,19,4503.0703687003515,450.3070368700352,0.6,H,T,Lose,11,9,,19,5503.752672855984,550.3752672855984,0.6,H,H,Win,11,9,,19,18346.78466448284,1834.6784664482839,0.7,H,T,Lose,13,7,,19,15011.005634576868,1501.1005634576868,0.3,T,T,Win,6,14,,19,15011.00563457686,1501.1005634576861,0.3,T,T,Win,6,14,,19,15011.00563457686,1501.1005634576861,0.4,T,T,Win,8,12,,19,3684.330301663923,368.4330301663923,0.6,H,H,Win,11,9,,19,6726.8088223795385,672.6808822379539,0.4,T,T,Win,8,12,,19,12281.731882835616,1228.1731882835618,0.3,T,T,Win,7,13,,19,10048.689722320052,1004.8689722320053,0.5,T,T,Win,9,11,,19,8221.655227352769,822.1655227352769,0.7,H,H,Win,13,7,,19,10048.689722320047,1004.8689722320047,0.5,H,H,Win,10,10,,19,5503.752672855984,550.3752672855984,0.5,H,T,Lose,10,10,,19,8221.655227352767,822.1655227352767,0.7,H,H,Win,13,7,,19,5503.752672855986,550.3752672855986,0.6,H,H,Win,12,8,,19,10048.689722320047,1004.8689722320047,0.7,H,T,Lose,13,7,,19,3684.330301663924,368.4330301663924,0.5,T,H,Lose,10,10,,19,10048.689722320052,1004.8689722320053,0.4,T,T,Win,8,12,,19,12281.731882835616,1228.1731882835618,0.4,T,T,Win,8,12,,19,27406.925239536096,2740.69252395361,0.2,T,T,Win,5,15,,19,12281.731882835618,1228.1731882835618,0.3,T,T,Win,7,13,,19,3014.452064997756,301.4452064997756,0.5,T,T,Win,9,11,,19,12281.731882835615,1228.1731882835616,0.5,H,H,Win,10,10,,19,10048.689722320052,1004.8689722320053,0.5,T,H,Lose,9,11,,19,10048.68972232005,1004.868972232005,0.7,H,T,Lose,13,7,,19,15011.005634576868,1501.1005634576868,0.7,H,T,Lose,13,7,,19,6726.808822379537,672.6808822379537,0.6,T,H,Lose,11,9,,19,10048.68972232005,1004.868972232005,0.5,T,H,Lose,9,11,,19,12281.731882835615,1228.1731882835616,0.7,H,H,Win,14,6,,19,6726.808822379536,672.6808822379536,0.5,H,H,Win,10,10,,19,8221.655227352769,822.1655227352769,0.4,T,T,Win,8,12,,19,12281.731882835616,1228.1731882835618,0.3,T,T,Win,6,14,,19,10048.689722320047,1004.8689722320047,0.4,T,T,Win,8,12,,19,18346.784664482835,1834.6784664482836,0.2,T,T,Win,5,15,,19,18346.784664482835,1834.6784664482836,0.3,T,T,Win,6,14,,19,10048.689722320052,1004.8689722320053,0.5,T,H,Lose,9,11,,19,10048.689722320045,1004.8689722320046,0.4,T,T,Win,8,12,,19,18346.78466448284,1834.6784664482839,0.2,T,T,Win,5,15,,19,6726.808822379537,672.6808822379537,0.6,H,T,Lose,11,9,,19,8221.655227352767,822.1655227352767,0.4,T,T,Win,8,12,,19,18346.784664482835,1834.6784664482836,0.3,T,T,Win,6,14,,19,4503.0703687003515,450.3070368700352,0.5,T,H,Lose,10,10,,19,8221.655227352767,822.1655227352767,0.5,T,T,Win,9,11,,19,5503.752672855983,550.3752672855984,0.5,T,T,Win,10,10,,19,12281.731882835616,1228.1731882835618,0.4,T,T,Win,8,12,,19,8221.655227352767,822.1655227352767,0.6,T,H,Lose,11,9,,19,15011.005634576868,1501.1005634576868,0.3,T,H,Lose,7,13,,19,3684.3303016639243,368.4330301663924,0.6,T,H,Lose,11,9,,19,10048.689722320047,1004.8689722320047,0.5,T,H,Lose,9,11,,19,10048.689722320049,1004.8689722320049,0.5,T,H,Lose,9,11,,19,3684.3303016639234,368.43303016639237,0.5,T,T,Win,10,10,,19,8221.655227352767,822.1655227352767,0.6,H,T,Lose,11,9,,19,12281.731882835611,1228.173188283561,0.7,H,H,Win,13,7,,19,15011.00563457686,1501.1005634576861,0.3,T,T,Win,6,14,,19,3684.3303016639243,368.4330301663924,0.6,H,H,Win,11,9,,19,10048.689722320047,1004.8689722320047,0.6,H,T,Lose,11,9,,19,10048.689722320052,1004.8689722320053,0.5,T,T,Win,9,11,,19,18346.784664482835,1834.6784664482836,0.3,T,T,Win,6,14,,19,5503.752672855985,550.3752672855985,0.5,T,T,Win,9,11,,19,6726.808822379537,672.6808822379537,0.5,T,T,Win,10,10,,19,3684.330301663924,368.4330301663924,0.5,H,H,Win,10,10,,19,12281.731882835616,1228.1731882835618,0.6,H,H,Win,12,8,,19,8221.655227352767,822.1655227352767,0.6,T,H,Lose,11,9,,19,15011.00563457686,1501.1005634576861,0.7,H,H,Win,13,7,,19,6726.8088223795385,672.6808822379539,0.6,H,T,Lose,12,8,,19,22423.8479232568,2242.38479232568,0.3,T,T,Win,6,14,,19,6726.808822379538,672.6808822379538,0.6,T,H,Lose,11,9,,19,5503.752672855985,550.3752672855985,0.5,T,H,Lose,10,10,,19,10048.68972232005,1004.868972232005,0.7,H,H,Win,13,7,,19,15011.005634576866,1501.1005634576868,0.3,T,T,Win,7,13,,19,4503.070368700351,450.30703687003506,0.6,T,H,Lose,11,9,,19,8221.655227352767,822.1655227352767,0.6,H,T,Lose,11,9,,19,8221.655227352767,822.1655227352767,0.6,H,H,Win,11,9,,19,6726.808822379537,672.6808822379537,0.6,H,H,Win,11,9,,19,15011.005634576866,1501.1005634576868,0.6,H,T,Lose,12,8,,19,5503.752672855984,550.3752672855984,0.5,H,T,Lose,9,11,,19,18346.78466448284,1834.6784664482839,0.7,H,T,Lose,14,6,,19,15011.005634576868,1501.1005634576868,0.4,T,H,Lose,8,12,,19,12281.731882835615,1228.1731882835616,0.6,H,T,Lose,11,9,,19,8221.655227352769,822.1655227352769,0.4,T,T,Win,8,12,,19,8221.655227352769,822.1655227352769,0.7,H,H,Win,13,7,,19,8221.655227352769,822.1655227352769,0.5,T,T,Win,9,11,,19,18346.784664482835,1834.6784664482836,0.7,H,H,Win,14,6,,19,8221.655227352767,822.1655227352767,0.6,H,T,Lose,11,9,,19,18346.784664482835,1834.6784664482836,0.3,T,H,Lose,6,14,,19,12281.731882835618,1228.1731882835618,0.6,H,T,Lose,12,8,,19,12281.731882835616,1228.1731882835618,0.3,T,T,Win,7,13,,19,10048.68972232005,1004.868972232005,0.5,T,H,Lose,9,11,,19,6726.808822379538,672.6808822379538,0.6,T,H,Lose,11,9,,19,22423.847923256795,2242.3847923256794,0.3,T,H,Lose,7,13,,19,5503.752672855984,550.3752672855984,0.6,H,T,Lose,11,9,,19,8221.655227352765,822.1655227352766,0.5,H,H,Win,10,10,,19,18346.78466448284,1834.6784664482839,0.2,T,T,Win,5,15,,19,8221.655227352767,822.1655227352767,0.4,T,T,Win,8,12,,19,5503.752672855984,550.3752672855984,0.5,H,H,Win,10,10,,19,5503.752672855986,550.3752672855986,0.6,T,H,Lose,11,9,,19,8221.655227352767,822.1655227352767,0.5,T,T,Win,9,11,,19,6726.8088223795385,672.6808822379539,0.5,H,H,Win,10,10,,19,15011.005634576868,1501.1005634576868,0.7,H,T,Lose,13,7,,19,10048.689722320049,1004.8689722320049,0.5,H,H,Win,10,10,,19,4503.0703687003515,450.3070368700352,0.5,H,T,Lose,9,11,,19,10048.68972232005,1004.868972232005,0.6,H,T,Lose,11,9,,19,12281.731882835618,1228.1731882835618,0.6,H,T,Lose,12,8,,19,3684.330301663924,368.4330301663924,0.6,H,T,Lose,11,9,,19,8221.655227352767,822.1655227352767,0.6,H,T,Lose,11,9,,19,5503.752672855984,550.3752672855984,0.6,T,H,Lose,11,9,,19,4503.070368700351,450.30703687003506,0.5,T,H,Lose,10,10,,19,8221.655227352769,822.1655227352769,0.6,H,H,Win,12,8,,19,12281.731882835616,1228.1731882835618,0.6,H,T,Lose,12,8,,19,10048.68972232005,1004.868972232005,0.5,T,T,Win,10,10,,19,15011.00563457686,1501.1005634576861,0.3,T,T,Win,6,14,,19,10048.68972232005,1004.868972232005,0.6,H,T,Lose,11,9,,19,8221.655227352769,822.1655227352769,0.3,T,T,Win,7,13,,19,18346.784664482835,1834.6784664482836,0.7,H,T,Lose,14,6,,19,8221.655227352765,822.1655227352766,0.5,T,H,Lose,9,11,,19,27406.925239536096,2740.69252395361,0.2,T,H,Lose,4,16,,19,8221.655227352769,822.1655227352769,0.6,H,T,Lose,11,9,,19,6726.808822379537,672.6808822379537,0.5,H,H,Win,10,10,,19,10048.689722320052,1004.8689722320053,0.5,H,T,Lose,9,11,,19,5503.752672855986,550.3752672855986,0.5,T,H,Lose,10,10,,19,12281.731882835615,1228.1731882835616,0.5,T,H,Lose,9,11,,19,8221.655227352769,822.1655227352769,0.6,T,H,Lose,11,9,,19,8221.655227352769,822.1655227352769,0.5,T,T,Win,9,11,,19,6726.808822379538,672.6808822379538,0.6,H,H,Win,11,9,,19,5503.752672855984,550.3752672855984,0.5,H,T,Lose,9,11,,19,8221.655227352767,822.1655227352767,0.5,H,H,Win,10,10,,19,12281.731882835618,1228.1731882835618,0.7,H,H,Win,13,7,,19,12281.731882835618,1228.1731882835618,0.7,H,H,Win,13,7,,19,8221.65522735277,822.1655227352771,0.5,T,T,Win,9,11,,19,12281.731882835618,1228.1731882835618,0.4,T,H,Lose,8,12,,19,10048.68972232005,1004.868972232005,0.4,T,T,Win,8,12,,19,10048.689722320047,1004.8689722320047,0.5,T,H,Lose,9,11,,19,15011.00563457686,1501.1005634576861,0.4,T,T,Win,8,12,,19,18346.784664482835,1834.6784664482836,0.4,T,H,Lose,8,12,,19,8221.655227352767,822.1655227352767,0.5,H,H,Win,10,10,,19,8221.655227352769,822.1655227352769,0.6,H,T,Lose,11,9,,19,10048.689722320049,1004.8689722320049,0.4,T,T,Win,8,12,,19,5503.752672855986,550.3752672855986,0.6,H,H,Win,12,8,,19,6726.808822379537,672.6808822379537,0.4,T,T,Win,8,12,,19,10048.689722320047,1004.8689722320047,0.5,T,H,Lose,9,11,,19,5503.752672855984,550.3752672855984,0.7,H,H,Win,13,7,,19,4503.070368700351,450.30703687003506,0.6,H,H,Win,12,8,,19,12281.731882835616,1228.1731882835618,0.4,T,H,Lose,8,12,,19,3684.3303016639234,368.43303016639237,0.5,H,T,Lose,9,11,,19,6726.808822379536,672.6808822379536,0.5,T,T,Win,9,11,,19,12281.731882835616,1228.1731882835618,0.4,T,T,Win,8,12,,19,8221.655227352769,822.1655227352769,0.5,T,H,Lose,9,11,,19,15011.005634576868,1501.1005634576868,0.7,H,T,Lose,13,7,,19,6726.808822379537,672.6808822379537,0.3,T,T,Win,7,13,,19,15011.005634576866,1501.1005634576868,0.3,T,T,Win,7,13,,19,10048.68972232005,1004.868972232005,0.6,H,H,Win,12,8,,19,12281.731882835616,1228.1731882835618,0.6,H,H,Win,12,8,,19,10048.689722320049,1004.8689722320049,0.4,T,T,Win,8,12,,19,12281.731882835616,1228.1731882835618,0.6,H,T,Lose,12,8,,19,8221.655227352767,822.1655227352767,0.4,T,T,Win,8,12,,19,5503.752672855984,550.3752672855984,0.5,H,T,Lose,10,10,,19,6726.8088223795385,672.6808822379539,0.6,H,H,Win,11,9,,19,6726.808822379536,672.6808822379536,0.5,T,T,Win,10,10,,19,15011.00563457686,1501.1005634576861,0.5,T,H,Lose,9,11,,19,6726.808822379538,672.6808822379538,0.4,T,T,Win,8,12,,19,12281.731882835616,1228.1731882835618,0.7,H,H,Win,13,7,,19,10048.689722320049,1004.8689722320049,0.5,T,H,Lose,9,11,,19,6726.808822379537,672.6808822379537,0.6,H,H,Win,11,9,,19,18346.78466448284,1834.6784664482839,0.2,T,T,Win,5,15,,19,5503.752672855984,550.3752672855984,0.6,H,H,Win,12,8,,19,4503.070368700351,450.30703687003506,0.6,H,H,Win,12,8,,19,15011.005634576866,1501.1005634576868,0.6,H,H,Win,12,8,,19,6726.808822379539,672.6808822379539,0.5,H,T,Lose,9,11,,19,6726.8088223795385,672.6808822379539,0.6,H,H,Win,12,8,,19,15011.005634576868,1501.1005634576868,0.7,H,H,Win,13,7,,19,8221.655227352767,822.1655227352767,0.5,H,T,Lose,10,10,,19,10048.689722320049,1004.8689722320049,0.4,T,T,Win,8,12,,19,12281.731882835616,1228.1731882835618,0.4,T,H,Lose,8,12,,19,8221.655227352769,822.1655227352769,0.5,T,H,Lose,9,11,,19,10048.689722320045,1004.8689722320046,0.6,H,H,Win,11,9,,19,15011.005634576868,1501.1005634576868,0.3,T,H,Lose,7,13,,19,12281.731882835611,1228.173188283561,0.4,T,H,Lose,8,12,,19,12281.731882835615,1228.1731882835616,0.7,H,T,Lose,14,6,,19,15011.005634576868,1501.1005634576868,0.4,T,H,Lose,8,12,,19,8221.655227352769,822.1655227352769,0.5,T,H,Lose,10,10,,19,12281.731882835618,1228.1731882835618,0.5,T,T,Win,9,11,,19,6726.808822379537,672.6808822379537,0.4,T,T,Win,8,12,,19,5503.752672855983,550.3752672855984,0.7,H,H,Win,13,7,,19,12281.731882835616,1228.1731882835618,0.3,T,T,Win,7,13,,19,8221.655227352767,822.1655227352767,0.5,H,T,Lose,9,11,,19,5503.752672855982,550.3752672855983,0.6,H,T,Lose,11,9,,19,6726.808822379537,672.6808822379537,0.5,H,T,Lose,10,10,,19,8221.655227352765,822.1655227352766,0.6,H,H,Win,12,8,,19,12281.731882835616,1228.1731882835618,0.3,T,T,Win,7,13,,19,8221.655227352767,822.1655227352767,0.5,H,H,Win,10,10,,19,5503.752672855984,550.3752672855984,0.5,H,H,Win,10,10,,19,6726.8088223795385,672.6808822379539,0.6,H,T,Lose,11,9,,19,15011.00563457686,1501.1005634576861,0.5,T,H,Lose,9,11,,19,18346.784664482835,1834.6784664482836,0.7,H,T,Lose,13,7,,19,10048.689722320052,1004.8689722320053,0.6,H,H,Win,12,8,,19,12281.73188283562,1228.173188283562,0.3,T,T,Win,7,13,,19,12281.731882835616,1228.1731882835618,0.5,T,T,Win,9,11,,19,12281.731882835616,1228.1731882835618,0.7,H,H,Win,13,7,,19,10048.689722320047,1004.8689722320047,0.7,H,H,Win,13,7,,19,8221.655227352769,822.1655227352769,0.5,H,H,Win,10,10,,19,15011.005634576868,1501.1005634576868,0.3,T,H,Lose,7,13,,19,10048.689722320047,1004.8689722320047,0.5,T,H,Lose,9,11,,19,5503.752672855982,550.3752672855983,0.4,T,T,Win,8,12,,19,5503.752672855985,550.3752672855985,0.5,T,H,Lose,10,10,,19,10048.68972232005,1004.868972232005,0.6,H,T,Lose,11,9,,19,5503.752672855984,550.3752672855984,0.5,T,T,Win,10,10,,19,8221.655227352767,822.1655227352767,0.5,H,T,Lose,9,11,,19,3684.3303016639243,368.4330301663924,0.5,H,T,Lose,10,10,,19,6726.808822379537,672.6808822379537,0.6,T,H,Lose,11,9,,19,15011.00563457686,1501.1005634576861,0.5,T,H,Lose,9,11,,19,6726.8088223795385,672.6808822379539,0.5,T,H,Lose,10,10,,19,12281.731882835615,1228.1731882835616,0.4,T,H,Lose,8,12,,19,8221.655227352769,822.1655227352769,0.6,H,H,Win,11,9,,19,22423.847923256795,2242.3847923256794,0.2,T,H,Lose,5,15,,19,8221.655227352769,822.1655227352769,0.6,H,T,Lose,12,8,,19,8221.655227352769,822.1655227352769,0.7,H,T,Lose,13,7,,19,12281.731882835618,1228.1731882835618,0.4,T,H,Lose,8,12,,19,10048.689722320049,1004.8689722320049,0.5,H,T,Lose,9,11,,19,15011.005634576866,1501.1005634576868,0.3,T,T,Win,7,13,,19,8221.655227352767,822.1655227352767,0.6,H,T,Lose,12,8,,19,6726.808822379537,672.6808822379537,0.5,T,H,Lose,10,10,,19,6726.808822379537,672.6808822379537,0.5,T,T,Win,10,10,,19,12281.731882835616,1228.1731882835618,0.3,T,T,Win,7,13,,19,10048.689722320047,1004.8689722320047,0.5,T,H,Lose,9,11,,19,5503.752672855983,550.3752672855984,0.5,H,T,Lose,9,11,,19,6726.8088223795385,672.6808822379539,0.5,H,T,Lose,9,11,,19,10048.68972232005,1004.868972232005,0.4,T,T,Win,8,12,,19,12281.731882835616,1228.1731882835618,0.8,H,H,Win,15,5,,19,6726.8088223795385,672.6808822379539,0.6,H,T,Lose,11,9,,19,15011.005634576868,1501.1005634576868,0.3,T,T,Win,6,14,,19,10048.689722320049,1004.8689722320049,0.5,H,H,Win,10,10,,19,15011.005634576866,1501.1005634576868,0.3,T,H,Lose,7,13,,19,10048.689722320049,1004.8689722320049,0.4,T,T,Win,8,12,,19,8221.655227352765,822.1655227352766,0.5,T,H,Lose,9,11,,19,6726.808822379537,672.6808822379537,0.4,T,T,Win,8,12,,19,27406.925239536096,2740.69252395361,0.8,H,T,Lose,15,5,,19,15011.005634576868,1501.1005634576868,0.3,T,T,Win,6,14,,19,15011.005634576866,1501.1005634576868,0.5,T,H,Lose,9,11,,19,12281.731882835616,1228.1731882835618,0.6,H,T,Lose,12,8,,19,8221.655227352767,822.1655227352767,0.6,H,T,Lose,12,8,,19,3014.452064997756,301.4452064997756,0.5,T,T,Win,10,10,,19,8221.655227352767,822.1655227352767,0.5,T,T,Win,10,10,,19,15011.005634576864,1501.1005634576866,0.3,T,T,Win,6,14,,19,15011.005634576866,1501.1005634576868,0.7,H,H,Win,14,6,,19,12281.731882835616,1228.1731882835618,0.4,T,H,Lose,8,12,,19,8221.655227352769,822.1655227352769,0.7,H,H,Win,13,7,,19,6726.808822379537,672.6808822379537,0.6,H,H,Win,11,9,,19,10048.68972232005,1004.868972232005,0.4,T,T,Win,8,12,,19,15011.005634576868,1501.1005634576868,0.3,T,T,Win,7,13,,19,6726.808822379538,672.6808822379538,0.6,H,H,Win,12,8,,19,8221.655227352765,822.1655227352766,0.6,H,H,Win,11,9,,19,18346.784664482835,1834.6784664482836,0.7,H,T,Lose,14,6,,19,15011.005634576868,1501.1005634576868,0.5,T,H,Lose,10,10,,19,5503.752672855984,550.3752672855984,0.5,T,T,Win,9,11,,19,10048.689722320049,1004.8689722320049,0.4,T,T,Win,8,12,,19,8221.655227352767,822.1655227352767,0.6,T,H,Lose,11,9,,19,5503.752672855987,550.3752672855987,0.5,H,T,Lose,9,11,,19,15011.005634576868,1501.1005634576868,0.5,T,H,Lose,9,11,,19,3684.3303016639247,368.4330301663925,0.5,T,H,Lose,10,10,,19,4503.070368700351,450.30703687003506,0.5,T,H,Lose,10,10,,19,6726.808822379537,672.6808822379537,0.6,H,T,Lose,11,9,,19,12281.731882835616,1228.1731882835618,0.4,T,H,Lose,8,12,,19,6726.8088223795385,672.6808822379539,0.7,H,H,Win,13,7,,19,18346.78466448284,1834.6784664482839,0.7,H,T,Lose,13,7,,19,5503.752672855986,550.3752672855986,0.6,H,H,Win,12,8,,19,12281.731882835616,1228.1731882835618,0.7,H,H,Win,14,6,,19,12281.731882835618,1228.1731882835618,0.6,H,H,Win,12,8,,19,12281.731882835616,1228.1731882835618,0.6,H,T,Lose,12,8,,19,4503.0703687003515,450.3070368700352,0.6,H,H,Win,11,9,,19,12281.731882835618,1228.1731882835618,0.5,T,H,Lose,9,11,,19,15011.005634576868,1501.1005634576868,0.3,T,H,Lose,7,13,,19,12281.731882835611,1228.173188283561,0.4,T,H,Lose,8,12,,19,10048.689722320045,1004.8689722320046,0.4,T,T,Win,8,12,,19,18346.784664482842,1834.6784664482843,0.3,T,H,Lose,6,14,,19,10048.689722320049,1004.8689722320049,0.4,T,T,Win,8,12,,19,18346.78466448284,1834.6784664482839,0.3,T,H,Lose,7,13,,19,6726.8088223795385,672.6808822379539,0.5,T,T,Win,10,10,,19,12281.731882835616,1228.1731882835618,0.7,H,H,Win,13,7,,19,6726.8088223795385,672.6808822379539,0.6,H,H,Win,12,8,,19,15011.005634576868,1501.1005634576868,0.5,T,H,Lose,9,11,,19,10048.68972232005,1004.868972232005,0.5,T,T,Win,10,10,,19,10048.689722320047,1004.8689722320047,0.4,T,T,Win,8,12,,19,4503.0703687003515,450.3070368700352,0.5,T,T,Win,10,10,,19,15011.005634576864,1501.1005634576866,0.6,H,H,Win,12,8,,19,8221.655227352765,822.1655227352766,0.6,H,H,Win,12,8,,19,8221.655227352769,822.1655227352769,0.5,T,T,Win,9,11,,19,8221.655227352767,822.1655227352767,0.6,H,H,Win,11,9,,19,8221.655227352769,822.1655227352769,0.6,H,T,Lose,12,8,,19,10048.68972232005,1004.868972232005,0.4,T,T,Win,8,12,,19,12281.731882835611,1228.173188283561,0.4,T,H,Lose,8,12,,19,18346.784664482835,1834.6784664482836,0.7,H,H,Win,14,6,,19,8221.655227352767,822.1655227352767,0.6,T,H,Lose,11,9,,19,8221.655227352767,822.1655227352767,0.6,H,H,Win,12,8,,19,8221.655227352767,822.1655227352767,0.6,H,H,Win,11,9,,19,8221.655227352765,822.1655227352766,0.5,H,H,Win,10,10,,19,12281.731882835616,1228.1731882835618,0.5,T,H,Lose,9,11,,19,15011.005634576864,1501.1005634576866,0.3,T,T,Win,6,14,,19,15011.005634576866,1501.1005634576868,0.3,T,T,Win,7,13,,19,4503.070368700351,450.30703687003506,0.5,T,H,Lose,10,10,,19,8221.655227352767,822.1655227352767,0.6,T,H,Lose,11,9,,19,22423.8479232568,2242.38479232568,0.8,H,H,Win,15,5,,19,12281.731882835618,1228.1731882835618,0.5,T,H,Lose,9,11,,19,8221.655227352767,822.1655227352767,0.5,T,H,Lose,10,10,,19,6726.808822379535,672.6808822379535,0.6,H,H,Win,12,8,,19,12281.731882835616,1228.1731882835618,0.3,T,T,Win,7,13,,19,22423.847923256795,2242.3847923256794,0.3,T,T,Win,6,14,,19,12281.731882835616,1228.1731882835618,0.4,T,H,Lose,8,12,,19,8221.655227352769,822.1655227352769,0.5,H,T,Lose,9,11,,19,12281.731882835616,1228.1731882835618,0.4,T,H,Lose,8,12,,19,6726.808822379536,672.6808822379536,0.5,T,T,Win,9,11,,19,4503.0703687003515,450.3070368700352,0.5,T,T,Win,9,11,,19,10048.689722320047,1004.8689722320047,0.4,T,T,Win,8,12,,19,12281.731882835618,1228.1731882835618,0.6,H,T,Lose,12,8,,19,15011.005634576866,1501.1005634576868,0.4,T,T,Win,8,12,,19,12281.731882835616,1228.1731882835618,0.4,T,H,Lose,8,12,,19,8221.655227352767,822.1655227352767,0.6,H,H,Win,12,8,,19,5503.752672855983,550.3752672855984,0.4,T,T,Win,8,12,,19,10048.68972232005,1004.868972232005,0.6,H,T,Lose,11,9,,19,8221.655227352769,822.1655227352769,0.5,T,T,Win,10,10,,19,22423.8479232568,2242.38479232568,0.8,H,H,Win,15,5,,19,10048.689722320047,1004.8689722320047,0.7,H,H,Win,13,7,,19,8221.655227352767,822.1655227352767,0.5,T,T,Win,10,10,,19,10048.689722320047,1004.8689722320047,0.7,H,H,Win,14,6,,19,10048.689722320045,1004.8689722320046,0.6,T,H,Lose,11,9,,19,10048.689722320052,1004.8689722320053,0.4,T,T,Win,8,12,,19,15011.005634576868,1501.1005634576868,0.3,T,T,Win,6,14,,19,6726.808822379538,672.6808822379538,0.6,H,H,Win,12,8,,19,4503.0703687003515,450.3070368700352,0.5,H,T,Lose,10,10,,19,10048.689722320047,1004.8689722320047,0.5,T,H,Lose,9,11,,19,15011.005634576866,1501.1005634576868,0.3,T,H,Lose,7,13,,19,5503.752672855986,550.3752672855986,0.6,H,H,Win,12,8,,19,18346.78466448284,1834.6784664482839,0.7,H,T,Lose,13,7,,19,10048.68972232005,1004.868972232005,0.5,T,T,Win,10,10,,19,18346.78466448284,1834.6784664482839,0.3,T,T,Win,7,13,,19,15011.005634576866,1501.1005634576868,0.5,H,H,Win,10,10,,19,10048.689722320052,1004.8689722320053,0.6,H,T,Lose,12,8,,19,8221.655227352767,822.1655227352767,0.7,H,H,Win,13,7,,19,12281.731882835618,1228.1731882835618,0.6,H,H,Win,11,9,,19,12281.731882835618,1228.1731882835618,0.7,H,H,Win,13,7,,19,5503.752672855984,550.3752672855984,0.6,H,H,Win,12,8,,19,8221.655227352767,822.1655227352767,0.6,T,H,Lose,11,9,,19,8221.655227352765,822.1655227352766,0.6,H,T,Lose,11,9,,19,6726.8088223795385,672.6808822379539,0.5,T,H,Lose,10,10,,19,5503.752672855984,550.3752672855984,0.6,H,H,Win,12,8,,19,6726.8088223795385,672.6808822379539,0.5,H,T,Lose,9,11,,19,10048.68972232005,1004.868972232005,0.5,T,H,Lose,10,10,,19,12281.731882835618,1228.1731882835618,0.3,T,T,Win,7,13,,19,10048.68972232005,1004.868972232005,0.3,T,T,Win,7,13,,19,8221.655227352769,822.1655227352769,0.6,H,H,Win,11,9,,19,10048.689722320052,1004.8689722320053,0.6,H,T,Lose,12,8,,19,8221.655227352765,822.1655227352766,0.5,T,T,Win,10,10,,19,8221.655227352767,822.1655227352767,0.5,T,T,Win,9,11,,19,6726.8088223795385,672.6808822379539,0.5,H,T,Lose,10,10,,19,10048.689722320049,1004.8689722320049,0.6,H,H,Win,12,8,,19,18346.784664482835,1834.6784664482836,0.3,T,H,Lose,7,13,,19,6726.8088223795385,672.6808822379539,0.4,T,T,Win,8,12,,19,6726.808822379537,672.6808822379537,0.5,H,T,Lose,9,11,,19,4503.070368700352,450.3070368700353,0.7,H,H,Win,13,7,,19,8221.655227352767,822.1655227352767,0.5,T,T,Win,10,10,,19,15011.005634576866,1501.1005634576868,0.5,T,H,Lose,9,11,,19,5503.752672855986,550.3752672855986,0.5,H,T,Lose,10,10,,19,4503.0703687003515,450.3070368700352,0.5,H,T,Lose,9,11,,19,5503.752672855983,550.3752672855984,0.5,H,T,Lose,10,10,,19,27406.925239536085,2740.6925239536085,0.8,H,T,Lose,15,5,,19,8221.655227352767,822.1655227352767,0.5,H,T,Lose,10,10,,19,10048.689722320047,1004.8689722320047,0.5,T,H,Lose,9,11,,19,18346.78466448283,1834.6784664482832,0.4,T,H,Lose,8,12,,19,10048.689722320045,1004.8689722320046,0.3,T,T,Win,7,13,,19,6726.808822379537,672.6808822379537,0.6,T,H,Lose,11,9,,19,6726.808822379538,672.6808822379538,0.5,H,T,Lose,9,11,,19,8221.655227352765,822.1655227352766,0.6,H,H,Win,12,8,,19,10048.689722320049,1004.8689722320049,0.5,T,H,Lose,9,11,,19,18346.78466448284,1834.6784664482839,0.3,T,T,Win,7,13,,19,10048.689722320049,1004.8689722320049,0.5,T,H,Lose,9,11,,19,6726.8088223795385,672.6808822379539,0.5,T,H,Lose,10,10,,19,4503.0703687003515,450.3070368700352,0.6,H,H,Win,12,8,,19,12281.731882835616,1228.1731882835618,0.5,T,H,Lose,9,11,,19,12281.731882835615,1228.1731882835616,0.6,H,H,Win,12,8,,19,5503.752672855985,550.3752672855985,0.5,T,T,Win,10,10,,19,6726.808822379535,672.6808822379535,0.7,H,T,Lose,13,7,,19,6726.808822379539,672.6808822379539,0.5,H,T,Lose,9,11,,19,6726.8088223795385,672.6808822379539,0.5,H,T,Lose,9,11,,19,6726.8088223795385,672.6808822379539,0.6,H,T,Lose,12,8,,19,6726.808822379537,672.6808822379537,0.6,H,H,Win,11,9,,19,10048.68972232005,1004.868972232005,0.6,H,H,Win,12,8,,19,5503.752672855987,550.3752672855987,0.5,H,H,Win,10,10,,19,8221.655227352769,822.1655227352769,0.4,T,T,Win,8,12,,19,8221.655227352767,822.1655227352767,0.6,H,T,Lose,11,9,,19,6726.808822379537,672.6808822379537,0.4,T,T,Win,8,12,,19,10048.68972232005,1004.868972232005,0.5,T,H,Lose,10,10,,19,10048.689722320047,1004.8689722320047,0.7,H,H,Win,13,7,,19,15011.005634576864,1501.1005634576866,0.5,T,H,Lose,9,11,,19,12281.731882835616,1228.1731882835618,0.5,H,H,Win,10,10,,19,18346.78466448284,1834.6784664482839,0.7,H,T,Lose,13,7,,19,3014.452064997756,301.4452064997756,0.5,T,T,Win,10,10,,19,4503.0703687003515,450.3070368700352,0.6,H,H,Win,11,9,,19,8221.655227352767,822.1655227352767,0.5,H,H,Win,10,10,,19,10048.689722320047,1004.8689722320047,0.5,T,H,Lose,9,11,,19,10048.68972232005,1004.868972232005,0.7,H,H,Win,13,7,,19,8221.65522735277,822.1655227352771,0.5,H,T,Lose,9,11,,19,5503.752672855985,550.3752672855985,0.5,T,T,Win,9,11,,19,12281.731882835618,1228.1731882835618,0.4,T,H,Lose,8,12,,19,8221.655227352767,822.1655227352767,0.5,T,H,Lose,9,11,
20,16512.106198034548,1651.2106198034548,0.6,H,T,Lose,13,8,,20,13509.905071119172,1350.9905071119174,0.4,T,H,Lose,9,12,,20,7399.489704617492,739.9489704617492,0.4,T,T,Win,8,13,,20,7399.489704617491,739.9489704617491,0.5,T,T,Win,10,11,,20,9043.820750088043,904.3820750088043,0.5,T,T,Win,10,11,,20,11053.558694552052,1105.3558694552053,0.5,T,T,Win,10,11,,20,6054.127940141583,605.4127940141583,0.5,T,H,Lose,11,10,,20,7399.489704617492,739.9489704617492,0.5,H,T,Lose,10,11,,20,13509.905071119178,1350.9905071119179,0.4,T,H,Lose,8,13,,20,4953.377405570386,495.3377405570386,0.4,T,T,Win,9,12,,20,9043.820750088042,904.3820750088042,0.5,H,T,Lose,11,10,,20,11053.558694552054,1105.3558694552055,0.4,T,H,Lose,9,12,,20,9043.820750088043,904.3820750088043,0.4,T,T,Win,9,12,,20,20181.463130931126,2018.1463130931127,0.3,T,T,Win,7,14,,20,9043.820750088042,904.3820750088042,0.3,T,H,Lose,7,14,,20,9043.820750088043,904.3820750088043,0.6,H,T,Lose,12,9,,20,13509.905071119178,1350.9905071119179,0.4,T,H,Lose,8,13,,20,7399.489704617492,739.9489704617492,0.5,T,T,Win,11,10,,20,7399.48970461749,739.948970461749,0.5,T,T,Win,11,10,,20,13509.90507111918,1350.990507111918,0.3,T,T,Win,7,14,,20,4052.7633318303156,405.27633318303157,0.5,T,T,Win,10,11,,20,9043.820750088043,904.3820750088043,0.4,T,T,Win,9,12,,20,7399.48970461749,739.948970461749,0.5,T,H,Lose,10,11,,20,20181.463130931123,2018.1463130931124,0.8,H,H,Win,16,5,,20,11053.558694552057,1105.3558694552057,0.7,H,H,Win,14,7,,20,11053.558694552055,1105.3558694552055,0.4,T,H,Lose,9,12,,20,11053.558694552055,1105.3558694552055,0.6,T,H,Lose,12,9,,20,24666.232715582475,2466.623271558248,0.2,T,H,Lose,5,16,,20,6054.127940141583,605.4127940141583,0.5,T,H,Lose,10,11,,20,4953.377405570387,495.3377405570387,0.6,H,H,Win,13,8,,20,11053.55869455205,1105.355869455205,0.7,H,H,Win,14,7,,20,11053.558694552054,1105.3558694552055,0.6,H,T,Lose,13,8,,20,7399.48970461749,739.948970461749,0.4,T,T,Win,9,12,,20,11053.558694552055,1105.3558694552055,0.4,T,T,Win,9,12,,20,6054.127940141583,605.4127940141583,0.5,H,T,Lose,11,10,,20,11053.558694552057,1105.3558694552057,0.4,T,H,Lose,9,12,,20,11053.558694552059,1105.355869455206,0.4,T,T,Win,8,13,,20,9043.820750088043,904.3820750088043,0.5,T,H,Lose,11,10,,20,13509.905071119181,1350.9905071119183,0.5,T,T,Win,10,11,,20,13509.90507111918,1350.990507111918,0.4,T,T,Win,8,13,,20,16512.10619803455,1651.2106198034553,0.4,T,H,Lose,9,12,,20,11053.558694552057,1105.3558694552057,0.4,T,T,Win,9,12,,20,11053.558694552052,1105.3558694552053,0.4,T,H,Lose,9,12,,20,9043.82075008804,904.382075008804,0.4,T,T,Win,8,13,,20,9043.820750088043,904.3820750088043,0.5,H,T,Lose,10,11,,20,9043.820750088047,904.3820750088048,0.7,H,H,Win,14,7,,20,13509.905071119181,1350.9905071119183,0.7,H,H,Win,14,7,,20,6054.127940141584,605.4127940141584,0.4,T,T,Win,8,13,,20,9043.820750088043,904.3820750088043,0.4,T,T,Win,9,12,,20,16512.106198034555,1651.2106198034555,0.3,T,T,Win,6,15,,20,9043.820750088043,904.3820750088043,0.4,T,H,Lose,9,12,,20,13509.905071119181,1350.9905071119183,0.3,T,T,Win,7,14,,20,7399.489704617492,739.9489704617492,0.4,T,T,Win,9,12,,20,16512.106198034555,1651.2106198034555,0.4,T,T,Win,8,13,,20,6054.127940141581,605.4127940141582,0.5,T,T,Win,11,10,,20,11053.558694552057,1105.3558694552057,0.4,T,H,Lose,9,12,,20,13509.905071119178,1350.9905071119179,0.4,T,H,Lose,9,12,,20,16512.106198034555,1651.2106198034555,0.3,T,H,Lose,7,14,,20,4953.377405570386,495.3377405570386,0.6,T,H,Lose,12,9,,20,13509.905071119178,1350.9905071119179,0.7,H,T,Lose,14,7,,20,7399.48970461749,739.948970461749,0.5,T,H,Lose,10,11,,20,7399.48970461749,739.948970461749,0.5,H,T,Lose,11,10,,20,11053.558694552054,1105.3558694552055,0.6,H,T,Lose,12,9,,20,20181.463130931115,2018.1463130931115,0.2,T,T,Win,5,16,,20,13509.905071119178,1350.9905071119179,0.3,T,T,Win,7,14,,20,9043.820750088042,904.3820750088042,0.6,H,T,Lose,13,8,,20,6054.127940141586,605.4127940141586,0.6,T,H,Lose,12,9,,20,6054.127940141582,605.4127940141583,0.4,T,T,Win,9,12,,20,16512.106198034555,1651.2106198034555,0.7,H,T,Lose,15,6,,20,4953.377405570385,495.33774055703856,0.6,T,H,Lose,12,9,,20,6054.127940141581,605.4127940141582,0.5,H,T,Lose,11,10,,20,6054.127940141581,605.4127940141582,0.5,T,T,Win,11,10,,20,4953.377405570386,495.3377405570386,0.6,H,T,Lose,12,9,,20,13509.90507111917,1350.9905071119172,0.3,T,T,Win,7,14,,20,7399.489704617492,739.9489704617492,0.5,T,T,Win,10,11,,20,4953.377405570386,495.3377405570386,0.5,T,T,Win,10,11,,20,7399.489704617494,739.9489704617495,0.4,T,T,Win,9,12,,20,13509.905071119181,1350.9905071119183,0.4,T,H,Lose,8,13,,20,16512.106198034555,1651.2106198034555,0.6,H,T,Lose,13,8,,20,11053.558694552057,1105.3558694552057,0.6,H,T,Lose,12,9,,20,13509.90507111918,1350.990507111918,0.3,T,T,Win,6,15,,20,4953.377405570387,495.3377405570387,0.6,H,H,Win,12,9,,20,11053.558694552055,1105.3558694552055,0.4,T,T,Win,8,13,,20,9043.820750088045,904.3820750088046,0.5,T,T,Win,11,10,,20,7399.489704617491,739.9489704617491,0.6,H,H,Win,13,8,,20,4953.377405570388,495.33774055703884,0.5,H,T,Lose,10,11,,20,13509.905071119174,1350.9905071119174,0.7,H,H,Win,14,7,,20,4953.377405570387,495.3377405570387,0.6,H,H,Win,12,9,,20,13509.905071119176,1350.9905071119176,0.7,H,H,Win,15,6,,20,13509.905071119176,1350.9905071119176,0.4,T,H,Lose,8,13,,20,7399.489704617492,739.9489704617492,0.4,T,T,Win,9,12,,20,4052.7633318303165,405.2763331830317,0.5,T,T,Win,11,10,,20,11053.558694552052,1105.3558694552053,0.4,T,T,Win,8,13,,20,16512.10619803456,1651.210619803456,0.3,T,T,Win,6,15,,20,6054.127940141583,605.4127940141583,0.5,T,T,Win,11,10,,20,24666.232715582475,2466.623271558248,0.2,T,T,Win,4,17,,20,11053.558694552059,1105.355869455206,0.6,H,H,Win,12,9,,20,6054.127940141582,605.4127940141583,0.6,H,T,Lose,13,8,,20,13509.905071119178,1350.9905071119179,0.5,T,T,Win,10,11,,20,7399.489704617491,739.9489704617491,0.5,T,H,Lose,10,11,,20,7399.48970461749,739.948970461749,0.7,H,H,Win,14,7,,20,13509.905071119178,1350.9905071119179,0.6,H,T,Lose,12,9,,20,9043.820750088043,904.3820750088043,0.5,H,T,Lose,10,11,,20,9043.820750088045,904.3820750088046,0.4,T,T,Win,8,13,,20,11053.558694552054,1105.3558694552055,0.5,H,T,Lose,10,11,,20,6054.127940141581,605.4127940141582,0.6,H,H,Win,12,9,,20,9043.820750088042,904.3820750088042,0.6,H,H,Win,13,8,,20,7399.48970461749,739.948970461749,0.6,T,H,Lose,12,9,,20,6054.127940141583,605.4127940141583,0.6,H,H,Win,13,8,,20,9043.820750088042,904.3820750088042,0.6,H,H,Win,12,9,,20,20181.46313093112,2018.146313093112,0.2,T,T,Win,5,16,,20,4953.377405570386,495.3377405570386,0.6,T,H,Lose,12,9,,20,6054.127940141582,605.4127940141583,0.6,H,T,Lose,12,9,,20,4953.377405570387,495.3377405570387,0.6,H,H,Win,13,8,,20,13509.905071119178,1350.9905071119179,0.4,T,T,Win,8,13,,20,11053.558694552055,1105.3558694552055,0.4,T,H,Lose,9,12,,20,6054.127940141583,605.4127940141583,0.5,H,T,Lose,10,11,,20,4953.377405570387,495.3377405570387,0.5,H,T,Lose,11,10,,20,6054.127940141583,605.4127940141583,0.5,H,T,Lose,10,11,,20,6054.127940141582,605.4127940141583,0.6,H,H,Win,13,8,,20,7399.489704617491,739.9489704617491,0.6,H,H,Win,13,8,,20,13509.90507111918,1350.990507111918,0.4,T,H,Lose,8,13,,20,9043.820750088042,904.3820750088042,0.4,T,H,Lose,9,12,,20,13509.905071119178,1350.9905071119179,0.4,T,H,Lose,8,13,,20,16512.106198034555,1651.2106198034555,0.3,T,T,Win,6,15,,20,7399.489704617488,739.9489704617489,0.6,H,H,Win,13,8,,20,4953.377405570387,495.3377405570387,0.6,H,T,Lose,12,9,,20,9043.820750088043,904.3820750088043,0.6,H,H,Win,13,8,,20,9043.820750088045,904.3820750088046,0.4,T,H,Lose,9,12,,20,9043.820750088043,904.3820750088043,0.7,H,H,Win,14,7,,20,11053.558694552057,1105.3558694552057,0.7,H,T,Lose,14,7,,20,13509.905071119178,1350.9905071119179,0.3,T,T,Win,7,14,,20,9043.820750088045,904.3820750088046,0.7,H,H,Win,14,7,,20,16512.10619803455,1651.2106198034553,0.4,T,T,Win,8,13,,20,20181.46313093112,2018.146313093112,0.8,H,T,Lose,16,5,,20,11053.55869455205,1105.355869455205,0.5,H,T,Lose,10,11,,20,7399.48970461749,739.948970461749,0.6,T,H,Lose,12,9,,20,3315.8972714975325,331.5897271497533,0.4,T,T,Win,9,12,,20,7399.48970461749,739.948970461749,0.4,T,T,Win,9,12,,20,11053.558694552052,1105.3558694552053,0.5,T,T,Win,10,11,,20,13509.905071119178,1350.9905071119179,0.4,T,T,Win,8,13,,20,7399.489704617488,739.9489704617489,0.5,H,H,Win,11,10,,20,4052.7633318303165,405.2763331830317,0.5,T,H,Lose,10,11,,20,11053.55869455205,1105.355869455205,0.4,T,H,Lose,9,12,,20,9043.820750088047,904.3820750088048,0.6,H,H,Win,13,8,,20,11053.558694552054,1105.3558694552055,0.4,T,T,Win,8,13,,20,11053.558694552055,1105.3558694552055,0.6,H,T,Lose,13,8,,20,9043.820750088042,904.3820750088042,0.4,T,T,Win,9,12,,20,6054.127940141582,605.4127940141583,0.4,T,T,Win,9,12,,20,7399.48970461749,739.948970461749,0.4,T,T,Win,9,12,,20,11053.558694552057,1105.3558694552057,0.4,T,T,Win,9,12,,20,6054.127940141585,605.4127940141585,0.5,T,T,Win,11,10,,20,16512.106198034555,1651.2106198034555,0.7,H,H,Win,15,6,,20,9043.820750088043,904.3820750088043,0.5,T,T,Win,10,11,,20,13509.905071119174,1350.9905071119174,0.4,T,H,Lose,8,13,,20,4953.377405570388,495.33774055703884,0.4,T,H,Lose,9,12,,20,4052.7633318303165,405.2763331830317,0.5,H,T,Lose,11,10,,20,6054.127940141584,605.4127940141584,0.5,H,T,Lose,10,11,,20,7399.489704617492,739.9489704617492,0.5,H,H,Win,11,10,,20,16512.106198034548,1651.2106198034548,0.7,H,H,Win,15,6,,20,13509.905071119181,1350.9905071119183,0.4,T,T,Win,8,13,,20,3315.8972714975316,331.5897271497532,0.5,T,T,Win,11,10,,20,13509.90507111918,1350.990507111918,0.4,T,T,Win,8,13,,20,3315.8972714975316,331.5897271497532,0.6,H,T,Lose,12,9,,20,6054.127940141586,605.4127940141586,0.4,T,T,Win,9,12,,20,9043.820750088043,904.3820750088043,0.6,H,T,Lose,12,9,,20,11053.558694552055,1105.3558694552055,0.6,H,H,Win,13,8,,20,11053.55869455205,1105.355869455205,0.5,T,H,Lose,11,10,,20,11053.558694552057,1105.3558694552057,0.7,H,H,Win,14,7,,20,11053.55869455205,1105.355869455205,0.5,T,T,Win,11,10,,20,6054.127940141585,605.4127940141585,0.5,T,H,Lose,11,10,,20,9043.820750088043,904.3820750088043,0.5,T,H,Lose,11,10,,20,9043.820750088042,904.3820750088042,0.6,H,T,Lose,12,9,,20,9043.820750088043,904.3820750088043,0.4,T,T,Win,8,13,,20,7399.489704617489,739.948970461749,0.6,T,H,Lose,12,9,,20,13509.90507111918,1350.990507111918,0.4,T,H,Lose,8,13,,20,11053.558694552059,1105.355869455206,0.4,T,T,Win,8,13,,20,7399.48970461749,739.948970461749,0.5,H,T,Lose,11,10,,20,9043.820750088042,904.3820750088042,0.5,H,H,Win,11,10,,20,7399.489704617494,739.9489704617495,0.5,T,T,Win,10,11,,20,13509.905071119172,1350.9905071119174,0.7,H,T,Lose,15,6,,20,13509.905071119174,1350.9905071119174,0.6,H,T,Lose,13,8,,20,11053.558694552052,1105.3558694552053,0.3,T,T,Win,7,14,,20,4052.763331830318,405.2763331830318,0.5,T,T,Win,11,10,,20,4052.7633318303165,405.2763331830317,0.5,T,T,Win,11,10,,20,13509.905071119178,1350.9905071119179,0.7,H,T,Lose,14,7,,20,11053.558694552054,1105.3558694552055,0.6,H,T,Lose,12,9,,20,30147.6177634897,3014.76177634897,0.2,T,H,Lose,5,16,,20,3315.8972714975316,331.5897271497532,0.6,H,H,Win,12,9,,20,7399.489704617488,739.9489704617489,0.6,H,T,Lose,12,9,,20,7399.48970461749,739.948970461749,0.6,H,T,Lose,12,9,,20,13509.90507111918,1350.990507111918,0.3,T,T,Win,7,14,,20,11053.55869455205,1105.355869455205,0.5,H,T,Lose,11,10,,20,11053.558694552055,1105.3558694552055,0.5,T,T,Win,10,11,,20,9043.820750088045,904.3820750088046,0.4,T,T,Win,9,12,,20,11053.558694552055,1105.3558694552055,0.4,T,T,Win,8,13,,20,9043.820750088043,904.3820750088043,0.5,T,H,Lose,10,11,,20,11053.558694552055,1105.3558694552055,0.6,H,T,Lose,13,8,,20,16512.106198034555,1651.2106198034555,0.3,T,T,Win,6,15,,20,20181.46313093112,2018.146313093112,0.3,T,T,Win,6,15,,20,20181.463130931126,2018.1463130931127,0.4,T,H,Lose,8,13,,20,16512.106198034555,1651.2106198034555,0.7,H,H,Win,15,6,,20,4052.7633318303156,405.27633318303157,0.5,H,T,Lose,11,10,,20,16512.106198034555,1651.2106198034555,0.7,H,H,Win,14,7,,20,4953.377405570386,495.3377405570386,0.6,H,H,Win,13,8,,20,9043.820750088043,904.3820750088043,0.5,H,T,Lose,10,11,,20,7399.489704617488,739.9489704617489,0.5,T,H,Lose,10,11,,20,13509.905071119178,1350.9905071119179,0.4,T,H,Lose,8,13,,20,16512.106198034555,1651.2106198034555,0.3,T,H,Lose,7,14,,20,11053.558694552054,1105.3558694552055,0.7,H,H,Win,15,6,,20,11053.558694552055,1105.3558694552055,0.7,H,T,Lose,14,7,,20,7399.48970461749,739.948970461749,0.6,H,T,Lose,12,9,,20,16512.106198034555,1651.2106198034555,0.3,T,H,Lose,7,14,,20,11053.558694552057,1105.3558694552057,0.4,T,T,Win,8,13,,20,4052.7633318303165,405.2763331830317,0.5,T,T,Win,11,10,,20,7399.48970461749,739.948970461749,0.5,T,H,Lose,10,11,,20,4953.377405570386,495.3377405570386,0.5,H,H,Win,11,10,,20,13509.905071119172,1350.9905071119174,0.4,T,T,Win,9,12,,20,24666.232715582475,2466.623271558248,0.7,H,T,Lose,15,6,,20,7399.48970461749,739.948970461749,0.5,T,T,Win,11,10,,20,11053.558694552052,1105.3558694552053,0.4,T,H,Lose,9,12,,20,4953.377405570386,495.3377405570386,0.6,H,H,Win,12,9,,20,2713.006858497981,271.30068584979807,0.5,T,T,Win,10,11,,20,7399.489704617489,739.948970461749,0.5,H,T,Lose,10,11,,20,7399.48970461749,739.948970461749,0.5,H,H,Win,11,10,,20,16512.106198034555,1651.2106198034555,0.3,T,H,Lose,7,14,,20,7399.489704617492,739.9489704617492,0.6,H,H,Win,12,9,,20,6054.127940141582,605.4127940141583,0.6,H,T,Lose,12,9,,20,6054.127940141582,605.4127940141583,0.5,H,H,Win,11,10,,20,9043.820750088042,904.3820750088042,0.5,T,T,Win,11,10,,20,16512.10619803455,1651.2106198034553,0.6,H,T,Lose,13,8,,20,9043.820750088045,904.3820750088046,0.7,H,H,Win,14,7,,20,11053.558694552055,1105.3558694552055,0.7,H,T,Lose,14,7,,20,7399.489704617492,739.9489704617492,0.5,T,H,Lose,10,11,,20,4052.763331830316,405.2763331830316,0.5,T,T,Win,10,11,,20,13509.905071119176,1350.9905071119176,0.7,H,H,Win,14,7,,20,7399.489704617488,739.9489704617489,0.6,H,T,Lose,12,9,,20,13509.905071119178,1350.9905071119179,0.3,T,T,Win,7,14,,20,11053.558694552055,1105.3558694552055,0.6,H,T,Lose,12,9,,20,9043.820750088045,904.3820750088046,0.6,H,H,Win,12,9,,20,11053.558694552055,1105.3558694552055,0.7,H,H,Win,14,7,,20,9043.820750088042,904.3820750088042,0.5,H,T,Lose,11,10,,20,7399.48970461749,739.948970461749,0.6,H,H,Win,13,8,,20,13509.905071119178,1350.9905071119179,0.4,T,T,Win,9,12,,20,16512.106198034548,1651.2106198034548,0.7,H,T,Lose,15,6,,20,6054.127940141584,605.4127940141584,0.6,T,H,Lose,12,9,,20,7399.489704617491,739.9489704617491,0.6,H,T,Lose,12,9,,20,13509.90507111918,1350.990507111918,0.6,T,H,Lose,12,9,,20,6054.127940141581,605.4127940141582,0.6,T,H,Lose,12,9,,20,9043.820750088047,904.3820750088048,0.4,T,T,Win,9,12,,20,20181.463130931123,2018.1463130931124,0.3,T,T,Win,7,14,,20,11053.558694552054,1105.3558694552055,0.6,H,H,Win,12,9,,20,4052.7633318303165,405.2763331830317,0.4,T,T,Win,9,12,,20,7399.489704617491,739.9489704617491,0.6,T,H,Lose,12,9,,20,6054.127940141582,605.4127940141583,0.6,H,H,Win,13,8,,20,9043.820750088043,904.3820750088043,0.6,H,T,Lose,12,9,,20,6054.127940141583,605.4127940141583,0.5,T,H,Lose,10,11,,20,4052.7633318303165,405.2763331830317,0.5,H,T,Lose,11,10,,20,7399.48970461749,739.948970461749,0.5,T,H,Lose,10,11,,20,11053.558694552057,1105.3558694552057,0.4,T,T,Win,8,13,,20,4953.377405570385,495.33774055703856,0.5,H,H,Win,11,10,,20,13509.90507111918,1350.990507111918,0.3,T,T,Win,7,14,,20,11053.558694552054,1105.3558694552055,0.4,T,T,Win,9,12,,20,9043.820750088043,904.3820750088043,0.5,T,H,Lose,10,11,,20,11053.558694552052,1105.3558694552053,0.3,T,T,Win,7,14,,20,4953.377405570387,495.3377405570387,0.5,H,T,Lose,10,11,,20,7399.48970461749,739.948970461749,0.5,H,T,Lose,11,10,,20,13509.905071119172,1350.9905071119174,0.4,T,H,Lose,8,13,,20,6054.127940141581,605.4127940141582,0.5,T,T,Win,10,11,,20,13509.905071119178,1350.9905071119179,0.4,T,H,Lose,8,13,,20,16512.106198034555,1651.2106198034555,0.7,H,T,Lose,14,7,,20,7399.48970461749,739.948970461749,0.5,H,T,Lose,10,11,,20,16512.106198034555,1651.2106198034555,0.5,T,H,Lose,10,11,,20,13509.90507111918,1350.990507111918,0.6,H,T,Lose,12,9,,20,7399.489704617494,739.9489704617495,0.4,T,T,Win,8,13,,20,6054.127940141585,605.4127940141585,0.4,T,T,Win,9,12,,20,9043.820750088045,904.3820750088046,0.4,T,H,Lose,8,13,,20,11053.558694552055,1105.3558694552055,0.4,T,H,Lose,9,12,,20,6054.127940141582,605.4127940141583,0.6,H,H,Win,12,9,,20,20181.46313093112,2018.146313093112,0.7,H,T,Lose,14,7,,20,9043.820750088043,904.3820750088043,0.4,T,T,Win,8,13,,20,11053.558694552059,1105.355869455206,0.6,H,T,Lose,13,8,,20,11053.558694552052,1105.3558694552053,0.4,T,H,Lose,9,12,,20,7399.48970461749,739.948970461749,0.5,H,T,Lose,11,10,,20,11053.558694552052,1105.3558694552053,0.4,T,T,Win,8,13,,20,11053.558694552057,1105.3558694552057,0.4,T,T,Win,8,13,,20,13509.90507111918,1350.990507111918,0.3,T,T,Win,7,14,,20,11053.558694552052,1105.3558694552053,0.4,T,T,Win,8,13,,20,4953.377405570387,495.3377405570387,0.6,H,T,Lose,12,9,,20,16512.10619803455,1651.2106198034553,0.4,T,T,Win,8,13,,20,4953.377405570385,495.33774055703856,0.4,T,T,Win,9,12,,20,9043.820750088043,904.3820750088043,0.5,T,T,Win,11,10,,20,9043.820750088045,904.3820750088046,0.4,T,T,Win,8,13,,20,4953.377405570387,495.3377405570387,0.6,H,H,Win,12,9,,20,9043.820750088043,904.3820750088043,0.5,H,H,Win,11,10,,20,7399.489704617488,739.9489704617489,0.6,T,H,Lose,12,9,,20,2713.0068584979804,271.30068584979807,0.6,T,H,Lose,12,9,,20,7399.489704617488,739.9489704617489,0.6,H,T,Lose,12,9,,20,11053.558694552055,1105.3558694552055,0.4,T,H,Lose,9,12,,20,9043.820750088043,904.3820750088043,0.5,T,H,Lose,10,11,,20,13509.905071119178,1350.9905071119179,0.3,T,T,Win,7,14,,20,7399.489704617492,739.9489704617492,0.5,H,H,Win,11,10,,20,16512.10619803455,1651.2106198034553,0.3,T,T,Win,6,15,,20,16512.106198034555,1651.2106198034555,0.3,T,T,Win,6,15,,20,11053.55869455205,1105.355869455205,0.4,T,T,Win,8,13,,20,16512.106198034555,1651.2106198034555,0.7,H,T,Lose,14,7,,20,11053.558694552057,1105.3558694552057,0.4,T,T,Win,8,13,,20,11053.558694552052,1105.3558694552053,0.5,T,T,Win,10,11,,20,4052.763331830317,405.27633318303174,0.6,T,H,Lose,12,9,,20,7399.489704617492,739.9489704617492,0.5,T,H,Lose,10,11,,20,20181.463130931123,2018.1463130931124,0.3,T,H,Lose,6,15,,20,6054.127940141585,605.4127940141585,0.6,H,H,Win,13,8,,20,9043.820750088045,904.3820750088046,0.5,T,T,Win,11,10,,20,4052.7633318303156,405.27633318303157,0.5,H,T,Lose,10,11,,20,7399.489704617491,739.9489704617491,0.6,H,T,Lose,12,9,,20,6054.127940141582,605.4127940141583,0.5,T,H,Lose,11,10,,20,11053.558694552055,1105.3558694552055,0.5,T,H,Lose,10,11,,20,36847.08837759852,3684.708837759852,0.8,H,T,Lose,17,4,,20,9043.820750088042,904.3820750088042,0.4,T,T,Win,9,12,,20,7399.489704617492,739.9489704617492,0.5,H,H,Win,11,10,,20,9043.820750088045,904.3820750088046,0.5,T,H,Lose,10,11,,20,9043.820750088042,904.3820750088042,0.6,H,H,Win,13,8,,20,13509.905071119178,1350.9905071119179,0.7,H,T,Lose,14,7,,20,4953.377405570386,495.3377405570386,0.5,H,H,Win,11,10,,20,11053.558694552055,1105.3558694552055,0.4,T,T,Win,8,13,,20,13509.905071119174,1350.9905071119174,0.7,H,H,Win,14,7,,20,11053.558694552057,1105.3558694552057,0.4,T,H,Lose,9,12,,20,13509.90507111918,1350.990507111918,0.7,H,T,Lose,14,7,,20,6054.127940141585,605.4127940141585,0.5,T,T,Win,11,10,,20,4052.763331830317,405.27633318303174,0.5,H,T,Lose,10,11,,20,11053.558694552055,1105.3558694552055,0.5,T,H,Lose,10,11,,20,4953.377405570387,495.3377405570387,0.6,H,H,Win,13,8,,20,11053.558694552052,1105.3558694552053,0.5,H,T,Lose,10,11,,20,16512.106198034548,1651.2106198034548,0.8,H,T,Lose,16,5,,20,13509.905071119178,1350.9905071119179,0.4,T,H,Lose,8,13,,20,20181.46313093112,2018.146313093112,0.3,T,H,Lose,7,14,,20,13509.905071119178,1350.9905071119179,0.4,T,H,Lose,8,13,,20,6054.12794014158,605.4127940141581,0.6,H,H,Win,13,8,,20,11053.558694552055,1105.3558694552055,0.4,T,H,Lose,9,12,,20,4052.763331830317,405.27633318303174,0.5,H,T,Lose,10,11,,20,24666.232715582486,2466.6232715582487,0.2,T,T,Win,4,17,,20,6054.127940141581,605.4127940141582,0.6,H,T,Lose,12,9,,20,7399.489704617492,739.9489704617492,0.5,T,H,Lose,10,11,,20,11053.558694552055,1105.3558694552055,0.4,T,T,Win,8,13,,20,7399.48970461749,739.948970461749,0.5,H,T,Lose,10,11,,20,4953.377405570387,495.3377405570387,0.5,T,H,Lose,11,10,,20,6054.127940141582,605.4127940141583,0.5,T,T,Win,11,10,,20,6054.127940141582,605.4127940141583,0.5,H,H,Win,11,10,,20,24666.23271558248,2466.6232715582482,0.7,H,T,Lose,15,6,,20,7399.489704617492,739.9489704617492,0.4,T,T,Win,9,12,,20,11053.558694552055,1105.3558694552055,0.4,T,H,Lose,8,13,,20,7399.489704617488,739.9489704617489,0.6,T,H,Lose,12,9,,20,24666.232715582468,2466.623271558247,0.2,T,H,Lose,5,16,,20,20181.463130931126,2018.1463130931127,0.3,T,H,Lose,6,15,,20,6054.127940141583,605.4127940141583,0.5,H,T,Lose,11,10,,20,7399.489704617488,739.9489704617489,0.5,T,T,Win,11,10,,20,7399.489704617491,739.9489704617491,0.6,H,H,Win,13,8,,20,11053.558694552052,1105.3558694552053,0.6,H,T,Lose,12,9,,20,4052.763331830317,405.27633318303174,0.5,H,T,Lose,11,10,,20,7399.489704617494,739.9489704617495,0.6,H,T,Lose,12,9,,20,11053.558694552057,1105.3558694552057,0.4,T,T,Win,8,13,,20,16512.10619803456,1651.210619803456,0.3,T,T,Win,6,15,,20,13509.905071119174,1350.9905071119174,0.7,H,T,Lose,14,7,,20,7399.48970461749,739.948970461749,0.5,H,H,Win,11,10,,20,11053.558694552055,1105.3558694552055,0.6,H,T,Lose,12,9,,20,13509.905071119172,1350.9905071119174,0.3,T,T,Win,7,14,,20,4052.7633318303156,405.27633318303157,0.6,T,H,Lose,12,9,,20,16512.106198034555,1651.2106198034555,0.3,T,H,Lose,7,14,,20,13509.905071119174,1350.9905071119174,0.5,T,H,Lose,10,11,,20,7399.489704617488,739.9489704617489,0.5,H,T,Lose,11,10,,20,11053.558694552052,1105.3558694552053,0.7,H,T,Lose,14,7,,20,4953.377405570387,495.3377405570387,0.5,H,T,Lose,10,11,,20,13509.905071119176,1350.9905071119176,0.5,H,H,Win,11,10,,20,7399.48970461749,739.948970461749,0.5,H,T,Lose,10,11,,20,4953.377405570386,495.3377405570386,0.6,H,T,Lose,12,9,,20,13509.90507111918,1350.990507111918,0.7,H,H,Win,14,7,,20,9043.820750088043,904.3820750088043,0.5,T,H,Lose,10,11,,20,7399.489704617492,739.9489704617492,0.5,H,T,Lose,10,11,,20,9043.820750088043,904.3820750088043,0.6,H,H,Win,13,8,,20,9043.820750088045,904.3820750088046,0.6,H,H,Win,13,8,,20,16512.106198034555,1651.2106198034555,0.6,H,T,Lose,13,8,,20,11053.55869455205,1105.355869455205,0.5,T,H,Lose,10,11,,20,9043.820750088043,904.3820750088043,0.5,T,T,Win,10,11,,20,13509.905071119176,1350.9905071119176,0.4,T,H,Lose,8,13,,20,16512.106198034555,1651.2106198034555,0.7,H,T,Lose,14,7,,20,13509.90507111918,1350.990507111918,0.4,T,T,Win,8,13,,20,3315.8972714975316,331.5897271497532,0.6,T,H,Lose,12,9,,20,7399.489704617492,739.9489704617492,0.4,T,T,Win,9,12,,20,13509.905071119181,1350.9905071119183,0.4,T,H,Lose,8,13,,20,6054.127940141581,605.4127940141582,0.5,T,H,Lose,11,10,,20,11053.558694552057,1105.3558694552057,0.4,T,T,Win,8,13,,20,4953.377405570385,495.33774055703856,0.6,H,H,Win,13,8,,20,7399.489704617491,739.9489704617491,0.5,T,T,Win,10,11,,20,24666.232715582486,2466.6232715582487,0.8,H,H,Win,17,4,,20,13509.905071119178,1350.9905071119179,0.6,H,T,Lose,12,9,,20,16512.106198034555,1651.2106198034555,0.5,T,H,Lose,11,10,,20,6054.127940141585,605.4127940141585,0.6,H,T,Lose,13,8,,20,7399.48970461749,739.948970461749,0.5,H,T,Lose,11,10,,20,11053.558694552057,1105.3558694552057,0.7,H,H,Win,14,7,,20,7399.489704617494,739.9489704617495,0.6,H,H,Win,13,8,,20,9043.820750088043,904.3820750088043,0.4,T,T,Win,9,12,,20,11053.558694552052,1105.3558694552053,0.4,T,T,Win,8,13,,20,7399.48970461749,739.948970461749,0.5,T,H,Lose,10,11,,20,4953.377405570386,495.3377405570386,0.5,H,H,Win,11,10,,20,9043.820750088047,904.3820750088048,0.4,T,T,Win,9,12,,20,11053.558694552054,1105.3558694552055,0.6,H,T,Lose,13,8,,20,6054.127940141582,605.4127940141583,0.4,T,T,Win,9,12,,20,9043.820750088043,904.3820750088043,0.6,H,T,Lose,13,8,,20,9043.820750088045,904.3820750088046,0.5,T,H,Lose,10,11,,20,7399.48970461749,739.948970461749,0.4,T,H,Lose,8,13,,20,9043.820750088042,904.3820750088042,0.5,T,H,Lose,10,11,,20,11053.558694552052,1105.3558694552053,0.4,T,T,Win,8,13,,20,7399.48970461749,739.948970461749,0.6,T,H,Lose,12,9,,20,9043.820750088045,904.3820750088046,0.6,H,T,Lose,12,9,,20,13509.90507111918,1350.990507111918,0.6,H,T,Lose,13,8,,20,9043.820750088047,904.3820750088048,0.6,T,H,Lose,12,9,,20,11053.55869455205,1105.355869455205,0.4,T,H,Lose,9,12,,20,6054.127940141584,605.4127940141584,0.5,H,T,Lose,11,10,,20,7399.48970461749,739.948970461749,0.6,H,T,Lose,12,9,,20,11053.558694552057,1105.3558694552057,0.6,H,T,Lose,13,8,,20,11053.558694552057,1105.3558694552057,0.7,H,H,Win,15,6,,20,4052.763331830317,405.27633318303174,0.6,H,H,Win,12,9,,20,16512.106198034544,1651.2106198034544,0.3,T,T,Win,6,15,,20,6054.127940141585,605.4127940141585,0.5,H,H,Win,11,10,,20,9043.820750088043,904.3820750088043,0.4,T,T,Win,9,12,,20,11053.558694552052,1105.3558694552053,0.6,H,T,Lose,12,9,,20,6054.127940141584,605.4127940141584,0.4,T,T,Win,9,12,,20,6054.127940141581,605.4127940141582,0.5,H,T,Lose,11,10,,20,6054.127940141584,605.4127940141584,0.5,T,H,Lose,10,11,,20,4953.377405570387,495.3377405570387,0.5,T,T,Win,10,11,,20,13509.90507111918,1350.990507111918,0.4,T,H,Lose,9,12,,20,4953.377405570387,495.3377405570387,0.6,T,H,Lose,12,9,,20,3315.8972714975316,331.5897271497532,0.5,H,T,Lose,11,10,,20,6054.127940141585,605.4127940141585,0.5,T,T,Win,11,10,,20,7399.489704617489,739.948970461749,0.4,T,T,Win,8,13,,20,7399.48970461749,739.948970461749,0.4,T,H,Lose,9,12,,20,7399.489704617491,739.9489704617491,0.5,H,T,Lose,11,10,,20,16512.106198034555,1651.2106198034555,0.8,H,H,Win,16,5,,20,3315.8972714975316,331.5897271497532,0.5,T,T,Win,10,11,,20,9043.820750088043,904.3820750088043,0.4,T,T,Win,9,12,,20,20181.46313093112,2018.146313093112,0.7,H,H,Win,15,6,,20,11053.558694552054,1105.3558694552055,0.4,T,H,Lose,9,12,,20,6054.127940141582,605.4127940141583,0.6,H,T,Lose,12,9,,20,4953.377405570387,495.3377405570387,0.6,H,T,Lose,12,9,,20,9043.820750088043,904.3820750088043,0.6,H,H,Win,13,8,,20,9043.820750088043,904.3820750088043,0.5,T,H,Lose,11,10,,20,11053.558694552057,1105.3558694552057,0.4,T,H,Lose,9,12,,20,4953.377405570385,495.33774055703856,0.5,H,H,Win,11,10,,20,9043.820750088045,904.3820750088046,0.6,H,T,Lose,12,9,,20,7399.48970461749,739.948970461749,0.5,T,T,Win,10,11,,20,9043.820750088045,904.3820750088046,0.4,T,T,Win,9,12,,20,9043.820750088043,904.3820750088043,0.6,H,T,Lose,13,8,,20,9043.820750088042,904.3820750088042,0.5,T,H,Lose,10,11,,20,13509.905071119174,1350.9905071119174,0.6,H,H,Win,13,8,,20,13509.905071119181,1350.9905071119183,0.4,T,H,Lose,9,12,,20,4052.7633318303165,405.2763331830317,0.5,H,T,Lose,11,10,,20,9043.820750088043,904.3820750088043,0.5,T,T,Win,10,11,,20,11053.558694552057,1105.3558694552057,0.4,T,T,Win,9,12,,20,6054.127940141582,605.4127940141583,0.7,H,H,Win,14,7,,20,7399.489704617491,739.9489704617491,0.5,T,T,Win,11,10,,20,7399.489704617492,739.9489704617492,0.6,H,T,Lose,12,9,,20,6054.127940141584,605.4127940141584,0.6,H,H,Win,13,8,,20,9043.820750088043,904.3820750088043,0.6,H,T,Lose,12,9,,20,9043.82075008804,904.382075008804,0.5,T,T,Win,11,10,,20,11053.558694552054,1105.3558694552055,0.5,T,H,Lose,11,10,,20,11053.558694552055,1105.3558694552055,0.6,H,T,Lose,13,8,,20,7399.489704617488,739.9489704617489,0.5,T,T,Win,10,11,,20,9043.820750088042,904.3820750088042,0.6,H,T,Lose,12,9,,20,9043.820750088042,904.3820750088042,0.5,H,H,Win,11,10,,20,13509.905071119178,1350.9905071119179,0.7,H,T,Lose,15,6,,20,6054.127940141581,605.4127940141582,0.4,T,T,Win,9,12,,20,9043.820750088043,904.3820750088043,0.5,H,T,Lose,10,11,,20,20181.463130931123,2018.1463130931124,0.3,T,H,Lose,7,14,,20,6054.127940141585,605.4127940141585,0.5,T,T,Win,10,11,,20,16512.106198034555,1651.2106198034555,0.3,T,H,Lose,7,14,,20,9043.820750088045,904.3820750088046,0.5,H,H,Win,11,10,,20,11053.558694552055,1105.3558694552055,0.4,T,H,Lose,9,12,,20,4953.377405570387,495.3377405570387,0.6,H,H,Win,12,9,,20,7399.489704617492,739.9489704617492,0.5,H,H,Win,11,10,,20,13509.905071119178,1350.9905071119179,0.3,T,T,Win,6,15,,20,13509.90507111918,1350.990507111918,0.4,T,H,Lose,8,13,,20,4953.377405570387,495.3377405570387,0.6,T,H,Lose,12,9,,20,7399.48970461749,739.948970461749,0.5,T,T,Win,11,10,,20,24666.232715582486,2466.6232715582487,0.3,T,T,Win,6,15,,20,11053.558694552052,1105.3558694552053,0.4,T,T,Win,8,13,,20,7399.48970461749,739.948970461749,0.6,T,H,Lose,12,9,,20,9043.820750088043,904.3820750088043,0.5,H,T,Lose,10,11,,20,20181.463130931123,2018.1463130931124,0.2,T,T,Win,5,16,,20,16512.106198034555,1651.2106198034555,0.3,T,H,Lose,7,14,,20,11053.558694552054,1105.3558694552055,0.5,T,H,Lose,10,11,,20,7399.48970461749,739.948970461749,0.5,H,T,Lose,10,11,,20,13509.90507111918,1350.990507111918,0.8,H,H,Win,16,5,,20,13509.90507111918,1350.990507111918,0.3,T,H,Lose,7,14,,20,16512.106198034555,1651.2106198034555,0.7,H,H,Win,15,6,,20,11053.558694552054,1105.3558694552055,0.4,T,T,Win,8,13,,20,9043.820750088045,904.3820750088046,0.7,H,H,Win,14,7,,20,13509.90507111918,1350.990507111918,0.5,H,H,Win,11,10,,20,16512.106198034555,1651.2106198034555,0.7,H,T,Lose,14,7,,20,9043.820750088043,904.3820750088043,0.6,H,H,Win,12,9,,20,4953.377405570385,495.33774055703856,0.6,H,H,Win,12,9,,20,9043.820750088045,904.3820750088046,0.5,T,T,Win,10,11,,20,20181.46313093112,2018.146313093112,0.8,H,H,Win,16,5,,20,7399.48970461749,739.948970461749,0.5,T,T,Win,10,11,,20,6054.127940141582,605.4127940141583,0.6,H,H,Win,13,8,,20,13509.905071119181,1350.9905071119183,0.3,T,T,Win,7,14,,20,6054.127940141581,605.4127940141582,0.5,T,T,Win,10,11,,20,13509.905071119178,1350.9905071119179,0.7,H,T,Lose,15,6,,20,6054.127940141583,605.4127940141583,0.6,H,T,Lose,12,9,,20,9043.820750088045,904.3820750088046,0.6,H,H,Win,12,9,,20,13509.90507111918,1350.990507111918,0.3,T,T,Win,7,14,,20,11053.558694552054,1105.3558694552055,0.6,T,H,Lose,12,9,,20,16512.106198034555,1651.2106198034555,0.4,T,H,Lose,8,13,,20,6054.127940141582,605.4127940141583,0.6,H,T,Lose,12,9,,20,7399.489704617491,739.9489704617491,0.6,H,T,Lose,12,9,,20,4052.7633318303165,405.2763331830317,0.5,T,T,Win,10,11,,20,11053.558694552055,1105.3558694552055,0.5,T,T,Win,11,10,,20,24666.232715582486,2466.6232715582487,0.7,H,T,Lose,15,6,,20,24666.232715582482,2466.6232715582482,0.2,T,T,Win,5,16,,20,9043.820750088042,904.3820750088042,0.4,T,T,Win,8,13,,20,11053.558694552055,1105.3558694552055,0.4,T,T,Win,9,12,,20,6054.127940141585,605.4127940141585,0.4,T,T,Win,8,13,,20,9043.820750088042,904.3820750088042,0.4,T,T,Win,8,13,,20,11053.558694552055,1105.3558694552055,0.5,H,H,Win,11,10,,20,16512.106198034555,1651.2106198034555,0.3,T,T,Win,6,15,,20,16512.106198034555,1651.2106198034555,0.3,T,T,Win,6,15,,20,4953.377405570387,495.3377405570387,0.5,T,T,Win,10,11,,20,16512.106198034555,1651.2106198034555,0.6,H,T,Lose,13,8,,20,13509.905071119183,1350.9905071119183,0.5,T,H,Lose,10,11,,20,11053.558694552054,1105.3558694552055,0.6,H,T,Lose,12,9,,20,11053.558694552052,1105.3558694552053,0.6,H,T,Lose,12,9,,20,9043.820750088045,904.3820750088046,0.6,H,H,Win,13,8,,20,3315.8972714975307,331.5897271497531,0.5,T,H,Lose,11,10,,20,9043.820750088043,904.3820750088043,0.4,T,T,Win,9,12,,20,4953.377405570386,495.3377405570386,0.6,T,H,Lose,12,9,,20,4052.763331830317,405.27633318303174,0.5,H,T,Lose,11,10,,20,13509.905071119178,1350.9905071119179,0.4,T,H,Lose,8,13,,20,11053.558694552055,1105.3558694552055,0.4,T,T,Win,8,13,,20,20181.46313093112,2018.146313093112,0.7,H,T,Lose,15,6,,20,6054.127940141583,605.4127940141583,0.5,H,T,Lose,11,10,,20,4953.377405570387,495.3377405570387,0.5,H,H,Win,11,10,,20,11053.558694552055,1105.3558694552055,0.4,T,T,Win,8,13,,20,36847.08837759852,3684.708837759852,0.2,T,H,Lose,5,16,,20,7399.489704617491,739.9489704617491,0.5,H,H,Win,11,10,,20,11053.558694552055,1105.3558694552055,0.4,T,T,Win,8,13,,20,13509.905071119178,1350.9905071119179,0.7,H,H,Win,14,7,,20,13509.905071119178,1350.9905071119179,0.4,T,H,Lose,8,13,,20,13509.90507111918,1350.990507111918,0.4,T,H,Lose,9,12,,20,13509.905071119178,1350.9905071119179,0.7,H,T,Lose,14,7,,20,4052.7633318303174,405.27633318303174,0.4,T,H,Lose,9,12,,20,11053.558694552055,1105.3558694552055,0.4,T,T,Win,9,12,,20,11053.558694552052,1105.3558694552053,0.4,T,H,Lose,9,12,,20,13509.905071119183,1350.9905071119183,0.7,H,T,Lose,14,7,,20,7399.489704617488,739.9489704617489,0.5,T,H,Lose,10,11,,20,7399.48970461749,739.948970461749,0.5,H,T,Lose,11,10,,20,16512.106198034548,1651.2106198034548,0.7,H,H,Win,15,6,,20,16512.106198034555,1651.2106198034555,0.3,T,T,Win,6,15,,20,7399.48970461749,739.948970461749,0.4,T,T,Win,9,12,,20,13509.905071119181,1350.9905071119183,0.3,T,T,Win,7,14,,20,6054.127940141582,605.4127940141583,0.5,T,H,Lose,10,11,,20,9043.820750088043,904.3820750088043,0.6,H,T,Lose,13,8,,20,9043.820750088043,904.3820750088043,0.4,T,T,Win,9,12,,20,6054.127940141585,605.4127940141585,0.4,T,H,Lose,9,12,,20,24666.232715582486,2466.6232715582487,0.3,T,H,Lose,7,14,,20,4052.7633318303165,405.2763331830317,0.6,H,H,Win,13,8,,20,4953.377405570387,495.3377405570387,0.5,T,T,Win,10,11,,20,9043.820750088042,904.3820750088042,0.5,T,H,Lose,10,11,,20,16512.106198034548,1651.2106198034548,0.4,T,H,Lose,8,13,,20,9043.820750088047,904.3820750088048,0.5,H,T,Lose,11,10,,20,9043.820750088042,904.3820750088042,0.6,H,T,Lose,13,8,,20,11053.558694552054,1105.3558694552055,0.4,T,H,Lose,9,12,,20,4953.377405570387,495.3377405570387,0.5,T,H,Lose,11,10,,20,6054.127940141583,605.4127940141583,0.4,T,T,Win,9,12,,20,9043.820750088043,904.3820750088043,0.6,H,T,Lose,12,9,,20,9043.820750088043,904.3820750088043,0.5,H,T,Lose,10,11,,20,6054.127940141584,605.4127940141584,0.5,T,T,Win,10,11,,20,6054.127940141581,605.4127940141582,0.6,H,H,Win,12,9,,20,11053.558694552055,1105.3558694552055,0.5,T,H,Lose,10,11,,20,7399.489704617491,739.9489704617491,0.6,H,T,Lose,13,8,,20,7399.489704617492,739.9489704617492,0.6,H,T,Lose,12,9,,20,16512.10619803455,1651.2106198034553,0.7,H,H,Win,14,7,,20,11053.558694552052,1105.3558694552053,0.7,H,H,Win,14,7,,20,11053.558694552052,1105.3558694552053,0.4,T,H,Lose,9,12,,20,9043.820750088043,904.3820750088043,0.6,H,H,Win,12,9,,20,4953.377405570386,495.3377405570386,0.5,T,H,Lose,10,11,,20,16512.106198034555,1651.2106198034555,0.3,T,T,Win,6,15,,20,11053.558694552055,1105.3558694552055,0.4,T,T,Win,8,13,,20,7399.489704617488,739.9489704617489,0.6,H,H,Win,13,8,,20,11053.558694552054,1105.3558694552055,0.6,H,H,Win,13,8,,20,7399.489704617494,739.9489704617495,0.6,H,T,Lose,12,9,,20,13509.90507111918,1350.990507111918,0.3,T,T,Win,7,14,,20,16512.10619803455,1651.2106198034553,0.7,H,T,Lose,15,6,,20,13509.905071119178,1350.9905071119179,0.6,H,H,Win,13,8,,20,11053.558694552054,1105.3558694552055,0.3,T,T,Win,7,14,,20,9043.820750088042,904.3820750088042,0.5,T,H,Lose,10,11,,20,24666.23271558248,2466.6232715582482,0.8,H,H,Win,16,5,,20,4052.7633318303165,405.2763331830317,0.5,T,T,Win,11,10,,20,20181.463130931123,2018.1463130931124,0.7,H,T,Lose,15,6,,20,4052.7633318303165,405.2763331830317,0.6,H,H,Win,12,9,,20,6054.127940141582,605.4127940141583,0.5,H,T,Lose,11,10,,20,16512.106198034555,1651.2106198034555,0.6,H,T,Lose,13,8,,20,16512.106198034555,1651.2106198034555,0.3,T,H,Lose,7,14,,20,16512.106198034548,1651.2106198034548,0.3,T,H,Lose,7,14,,20,16512.106198034548,1651.2106198034548,0.4,T,H,Lose,9,12,,20,4052.763331830315,405.2763331830315,0.5,H,T,Lose,11,10,,20,7399.489704617492,739.9489704617492,0.4,T,H,Lose,9,12,,20,13509.905071119178,1350.9905071119179,0.3,T,T,Win,7,14,,20,11053.558694552057,1105.3558694552057,0.4,T,T,Win,9,12,,20,9043.820750088045,904.3820750088046,0.7,H,H,Win,14,7,,20,11053.558694552052,1105.3558694552053,0.5,T,H,Lose,11,10,,20,4953.377405570386,495.3377405570386,0.5,H,T,Lose,10,11,,20,9043.820750088043,904.3820750088043,0.6,H,T,Lose,13,8,,20,6054.127940141585,605.4127940141585,0.6,H,H,Win,13,8,,20,9043.820750088042,904.3820750088042,0.6,H,T,Lose,13,8,,20,3315.8972714975316,331.5897271497532,0.5,T,H,Lose,11,10,,20,11053.558694552057,1105.3558694552057,0.4,T,H,Lose,9,12,,20,13509.905071119178,1350.9905071119179,0.4,T,H,Lose,9,12,,20,30147.617763489707,3014.7617763489707,0.3,T,H,Lose,6,15,,20,13509.90507111918,1350.990507111918,0.4,T,H,Lose,8,13,,20,3315.8972714975316,331.5897271497532,0.5,T,H,Lose,10,11,,20,13509.905071119176,1350.9905071119176,0.5,H,H,Win,11,10,,20,9043.820750088047,904.3820750088048,0.4,T,T,Win,9,12,,20,9043.820750088045,904.3820750088046,0.6,H,T,Lose,13,8,,20,13509.905071119181,1350.9905071119183,0.7,H,H,Win,14,7,,20,6054.127940141583,605.4127940141583,0.6,T,H,Lose,12,9,,20,9043.820750088045,904.3820750088046,0.5,T,H,Lose,10,11,,20,13509.905071119176,1350.9905071119176,0.7,H,H,Win,15,6,,20,7399.489704617489,739.948970461749,0.5,T,H,Lose,11,10,,20,9043.820750088045,904.3820750088046,0.4,T,H,Lose,9,12,,20,13509.905071119178,1350.9905071119179,0.3,T,T,Win,6,15,,20,11053.558694552052,1105.3558694552053,0.4,T,T,Win,8,13,,20,20181.46313093112,2018.146313093112,0.3,T,H,Lose,6,15,,20,20181.46313093112,2018.146313093112,0.3,T,T,Win,6,15,,20,9043.820750088047,904.3820750088048,0.4,T,T,Win,9,12,,20,11053.55869455205,1105.355869455205,0.4,T,H,Lose,9,12,,20,20181.463130931123,2018.1463130931124,0.2,T,T,Win,5,16,,20,6054.127940141583,605.4127940141583,0.6,H,H,Win,12,9,,20,9043.820750088043,904.3820750088043,0.4,T,H,Lose,9,12,,20,20181.46313093112,2018.146313093112,0.3,T,T,Win,6,15,,20,4052.7633318303165,405.2763331830317,0.5,T,T,Win,10,11,,20,9043.820750088043,904.3820750088043,0.5,T,H,Lose,10,11,,20,6054.127940141581,605.4127940141582,0.5,H,H,Win,11,10,,20,13509.905071119178,1350.9905071119179,0.4,T,H,Lose,9,12,,20,7399.48970461749,739.948970461749,0.5,H,T,Lose,11,10,,20,13509.905071119181,1350.9905071119183,0.4,T,H,Lose,8,13,,20,3315.8972714975316,331.5897271497532,0.5,T,T,Win,11,10,,20,9043.820750088042,904.3820750088042,0.4,T,T,Win,9,12,,20,9043.820750088043,904.3820750088043,0.5,T,H,Lose,10,11,,20,4052.7633318303156,405.27633318303157,0.5,H,H,Win,11,10,,20,7399.48970461749,739.948970461749,0.5,H,T,Lose,11,10,,20,13509.905071119172,1350.9905071119174,0.6,H,T,Lose,13,8,,20,16512.106198034548,1651.2106198034548,0.3,T,T,Win,6,15,,20,4052.763331830317,405.27633318303174,0.6,T,H,Lose,12,9,,20,9043.820750088042,904.3820750088042,0.6,H,H,Win,12,9,,20,11053.558694552057,1105.3558694552057,0.4,T,T,Win,9,12,,20,20181.46313093112,2018.146313093112,0.3,T,T,Win,6,15,,20,6054.127940141583,605.4127940141583,0.5,T,H,Lose,10,11,,20,7399.48970461749,739.948970461749,0.5,T,H,Lose,11,10,,20,4052.763331830316,405.2763331830316,0.5,H,T,Lose,10,11,,20,13509.905071119178,1350.9905071119179,0.6,H,H,Win,13,8,,20,7399.48970461749,739.948970461749,0.5,H,T,Lose,11,10,,20,16512.106198034548,1651.2106198034548,0.6,H,T,Lose,13,8,,20,6054.127940141585,605.4127940141585,0.6,H,T,Lose,12,9,,20,24666.23271558248,2466.6232715582482,0.3,T,T,Win,6,15,,20,6054.127940141584,605.4127940141584,0.6,H,H,Win,12,9,,20,4953.377405570387,495.3377405570387,0.5,H,H,Win,11,10,,20,11053.558694552055,1105.3558694552055,0.7,H,H,Win,14,7,,20,16512.106198034555,1651.2106198034555,0.3,T,T,Win,7,14,,20,4052.7633318303156,405.27633318303157,0.5,H,T,Lose,11,10,,20,7399.48970461749,739.948970461749,0.5,T,T,Win,11,10,,20,9043.820750088043,904.3820750088043,0.5,T,T,Win,11,10,,20,7399.48970461749,739.948970461749,0.6,T,H,Lose,12,9,,20,13509.90507111918,1350.990507111918,0.6,H,H,Win,13,8,,20,4953.377405570386,495.3377405570386,0.5,T,H,Lose,10,11,,20,16512.106198034555,1651.2106198034555,0.7,H,T,Lose,14,7,,20,13509.905071119181,1350.9905071119183,0.4,T,T,Win,8,13,,20,11053.558694552054,1105.3558694552055,0.6,H,H,Win,12,9,,20,9043.820750088045,904.3820750088046,0.4,T,H,Lose,9,12,,20,9043.820750088045,904.3820750088046,0.6,H,T,Lose,13,8,,20,9043.820750088045,904.3820750088046,0.5,T,H,Lose,10,11,,20,20181.46313093112,2018.146313093112,0.7,H,H,Win,15,6,,20,7399.48970461749,739.948970461749,0.6,H,H,Win,12,9,,20,16512.10619803455,1651.2106198034553,0.3,T,H,Lose,7,14,,20,11053.558694552057,1105.3558694552057,0.6,H,H,Win,13,8,,20,13509.905071119178,1350.9905071119179,0.3,T,T,Win,7,14,,20,9043.820750088045,904.3820750088046,0.4,T,T,Win,9,12,,20,6054.127940141584,605.4127940141584,0.5,H,T,Lose,11,10,,20,20181.463130931115,2018.1463130931115,0.3,T,T,Win,7,14,,20,4953.377405570386,495.3377405570386,0.5,T,T,Win,11,10,,20,9043.820750088042,904.3820750088042,0.5,T,T,Win,10,11,,20,20181.463130931123,2018.1463130931124,0.2,T,T,Win,5,16,,20,9043.820750088043,904.3820750088043,0.4,T,H,Lose,9,12,,20,6054.127940141582,605.4127940141583,0.5,H,H,Win,11,10,,20,4953.377405570387,495.3377405570387,0.5,H,T,Lose,11,10,,20,9043.820750088043,904.3820750088043,0.5,T,H,Lose,10,11,,20,7399.489704617492,739.9489704617492,0.5,T,H,Lose,11,10,,20,13509.905071119181,1350.9905071119183,0.6,H,T,Lose,13,8,,20,11053.558694552054,1105.3558694552055,0.5,H,H,Win,11,10,,20,4052.7633318303165,405.2763331830317,0.4,T,T,Win,9,12,,20,9043.820750088045,904.3820750088046,0.6,H,H,Win,12,9,,20,11053.558694552057,1105.3558694552057,0.6,H,H,Win,13,8,,20,3315.8972714975316,331.5897271497532,0.5,T,T,Win,11,10,,20,7399.48970461749,739.948970461749,0.6,T,H,Lose,12,9,,20,4953.377405570386,495.3377405570386,0.6,H,H,Win,12,9,,20,4052.7633318303156,405.27633318303157,0.5,H,H,Win,11,10,,20,9043.820750088045,904.3820750088046,0.6,H,T,Lose,12,9,,20,11053.558694552055,1105.3558694552055,0.6,H,H,Win,13,8,,20,11053.558694552055,1105.3558694552055,0.5,H,T,Lose,10,11,,20,16512.106198034548,1651.2106198034548,0.3,T,H,Lose,7,14,,20,9043.820750088045,904.3820750088046,0.6,H,H,Win,12,9,,20,9043.820750088045,904.3820750088046,0.3,T,T,Win,7,14,,20,16512.10619803455,1651.2106198034553,0.7,H,H,Win,15,6,,20,7399.489704617488,739.9489704617489,0.5,T,H,Lose,10,11,,20,24666.232715582486,2466.6232715582487,0.2,T,T,Win,4,17,,20,7399.489704617492,739.9489704617492,0.6,T,H,Lose,12,9,,20,7399.48970461749,739.948970461749,0.5,H,H,Win,11,10,,20,9043.820750088047,904.3820750088048,0.5,T,H,Lose,10,11,,20,4953.377405570387,495.3377405570387,0.5,H,H,Win,11,10,,20,11053.558694552054,1105.3558694552055,0.5,T,H,Lose,10,11,,20,7399.489704617492,739.9489704617492,0.6,H,H,Win,12,9,,20,9043.820750088045,904.3820750088046,0.5,T,H,Lose,10,11,,20,7399.489704617491,739.9489704617491,0.5,H,T,Lose,11,10,,20,4953.377405570386,495.3377405570386,0.5,T,H,Lose,10,11,,20,9043.820750088043,904.3820750088043,0.5,T,H,Lose,11,10,,20,13509.90507111918,1350.990507111918,0.6,H,T,Lose,13,8,,20,13509.90507111918,1350.990507111918,0.7,H,H,Win,14,7,,20,9043.820750088047,904.3820750088048,0.4,T,T,Win,9,12,,20,11053.558694552057,1105.3558694552057,0.4,T,H,Lose,9,12,,20,11053.558694552055,1105.3558694552055,0.4,T,H,Lose,9,12,,20,9043.820750088042,904.3820750088042,0.4,T,T,Win,9,12,,20,16512.106198034548,1651.2106198034548,0.4,T,T,Win,8,13,,20,16512.10619803455,1651.2106198034553,0.4,T,T,Win,8,13,,20,9043.820750088043,904.3820750088043,0.5,T,H,Lose,11,10,,20,7399.489704617492,739.9489704617492,0.5,H,T,Lose,11,10,,20,11053.558694552054,1105.3558694552055,0.4,T,H,Lose,9,12,,20,6054.127940141585,605.4127940141585,0.6,H,H,Win,13,8,,20,7399.48970461749,739.948970461749,0.4,T,H,Lose,9,12,,20,9043.820750088042,904.3820750088042,0.4,T,T,Win,9,12,,20,6054.127940141582,605.4127940141583,0.6,H,T,Lose,13,8,,20,4953.377405570385,495.33774055703856,0.6,H,H,Win,13,8,,20,11053.558694552055,1105.3558694552055,0.4,T,H,Lose,9,12,,20,3315.897271497531,331.5897271497531,0.5,T,H,Lose,10,11,,20,7399.489704617489,739.948970461749,0.4,T,T,Win,9,12,,20,13509.905071119178,1350.9905071119179,0.4,T,T,Win,8,13,,20,7399.489704617492,739.9489704617492,0.4,T,T,Win,9,12,,20,13509.905071119181,1350.9905071119183,0.6,H,T,Lose,13,8,,20,7399.48970461749,739.948970461749,0.3,T,T,Win,7,14,,20,16512.106198034555,1651.2106198034555,0.3,T,T,Win,7,14,,20,11053.558694552055,1105.3558694552055,0.6,H,T,Lose,12,9,,20,13509.905071119178,1350.9905071119179,0.6,H,T,Lose,12,9,,20,11053.558694552054,1105.3558694552055,0.4,T,T,Win,8,13,,20,11053.558694552055,1105.3558694552055,0.6,H,T,Lose,12,9,,20,9043.820750088043,904.3820750088043,0.4,T,T,Win,8,13,,20,4953.377405570386,495.3377405570386,0.5,T,H,Lose,11,10,,20,7399.489704617492,739.9489704617492,0.5,T,T,Win,11,10,,20,7399.489704617489,739.948970461749,0.5,H,T,Lose,10,11,,20,13509.905071119174,1350.9905071119174,0.5,T,H,Lose,10,11,,20,7399.489704617491,739.9489704617491,0.4,T,H,Lose,9,12,,20,13509.905071119178,1350.9905071119179,0.7,H,H,Win,14,7,,20,9043.820750088043,904.3820750088043,0.4,T,T,Win,9,12,,20,7399.48970461749,739.948970461749,0.6,H,H,Win,12,9,,20,20181.463130931123,2018.1463130931124,0.2,T,T,Win,5,16,,20,6054.127940141582,605.4127940141583,0.6,H,H,Win,13,8,,20,4953.377405570385,495.33774055703856,0.6,H,H,Win,13,8,,20,16512.106198034555,1651.2106198034555,0.6,H,H,Win,13,8,,20,6054.127940141585,605.4127940141585,0.4,T,T,Win,9,12,,20,7399.489704617492,739.9489704617492,0.6,H,H,Win,13,8,,20,16512.106198034555,1651.2106198034555,0.6,H,T,Lose,13,8,,20,7399.48970461749,739.948970461749,0.5,T,H,Lose,11,10,,20,11053.558694552054,1105.3558694552055,0.4,T,H,Lose,9,12,,20,11053.558694552055,1105.3558694552055,0.4,T,T,Win,8,13,,20,7399.489704617492,739.9489704617492,0.5,T,H,Lose,10,11,,20,11053.55869455205,1105.355869455205,0.5,H,T,Lose,11,10,,20,13509.905071119181,1350.9905071119183,0.3,T,T,Win,7,14,,20,11053.55869455205,1105.355869455205,0.4,T,T,Win,8,13,,20,11053.558694552054,1105.3558694552055,0.7,H,H,Win,15,6,,20,13509.905071119181,1350.9905071119183,0.4,T,T,Win,8,13,,20,7399.489704617492,739.9489704617492,0.5,T,T,Win,10,11,,20,13509.90507111918,1350.990507111918,0.5,T,H,Lose,10,11,,20,7399.48970461749,739.948970461749,0.4,T,T,Win,8,13,,20,6054.127940141581,605.4127940141582,0.6,H,T,Lose,13,8,,20,13509.905071119178,1350.9905071119179,0.3,T,T,Win,7,14,,20,7399.48970461749,739.948970461749,0.5,T,H,Lose,10,11,,20,4953.377405570384,495.33774055703844,0.5,T,T,Win,11,10,,20,6054.127940141583,605.4127940141583,0.5,T,T,Win,10,11,,20,9043.820750088042,904.3820750088042,0.6,H,H,Win,13,8,,20,13509.905071119178,1350.9905071119179,0.3,T,T,Win,7,14,,20,9043.820750088043,904.3820750088043,0.5,H,H,Win,11,10,,20,6054.127940141582,605.4127940141583,0.5,H,T,Lose,10,11,,20,6054.127940141585,605.4127940141585,0.5,T,T,Win,11,10,,20,13509.905071119174,1350.9905071119174,0.5,T,H,Lose,10,11,,20,16512.10619803455,1651.2106198034553,0.6,H,T,Lose,13,8,,20,11053.558694552057,1105.3558694552057,0.6,H,T,Lose,12,9,,20,13509.905071119181,1350.9905071119183,0.3,T,T,Win,7,14,,20,13509.905071119178,1350.9905071119179,0.4,T,T,Win,9,12,,20,13509.905071119178,1350.9905071119179,0.6,H,T,Lose,13,8,,20,11053.558694552052,1105.3558694552053,0.7,H,H,Win,14,7,,20,9043.820750088045,904.3820750088046,0.5,T,H,Lose,11,10,,20,13509.905071119181,1350.9905071119183,0.3,T,T,Win,7,14,,20,9043.820750088042,904.3820750088042,0.5,T,H,Lose,10,11,,20,6054.12794014158,605.4127940141581,0.4,T,H,Lose,9,12,,20,4953.377405570387,495.3377405570387,0.5,H,T,Lose,10,11,,20,9043.820750088045,904.3820750088046,0.6,T,H,Lose,12,9,,20,6054.127940141582,605.4127940141583,0.5,T,H,Lose,11,10,,20,7399.48970461749,739.948970461749,0.4,T,T,Win,9,12,,20,3315.8972714975316,331.5897271497532,0.5,H,H,Win,11,10,,20,6054.127940141583,605.4127940141583,0.6,T,H,Lose,12,9,,20,13509.905071119174,1350.9905071119174,0.5,T,H,Lose,10,11,,20,6054.127940141585,605.4127940141585,0.5,T,T,Win,10,11,,20,11053.558694552054,1105.3558694552055,0.4,T,T,Win,8,13,,20,9043.820750088045,904.3820750088046,0.6,T,H,Lose,12,9,,20,20181.463130931115,2018.1463130931115,0.2,T,T,Win,5,16,,20,7399.489704617492,739.9489704617492,0.6,H,T,Lose,12,9,,20,7399.489704617492,739.9489704617492,0.7,H,H,Win,14,7,,20,11053.558694552057,1105.3558694552057,0.4,T,T,Win,8,13,,20,9043.820750088043,904.3820750088043,0.5,T,H,Lose,10,11,,20,16512.106198034555,1651.2106198034555,0.3,T,T,Win,7,14,,20,7399.48970461749,739.948970461749,0.6,H,H,Win,13,8,,20,6054.127940141583,605.4127940141583,0.5,H,T,Lose,10,11,,20,7399.48970461749,739.948970461749,0.5,H,H,Win,11,10,,20,13509.905071119178,1350.9905071119179,0.4,T,H,Lose,8,13,,20,9043.820750088042,904.3820750088042,0.4,T,T,Win,9,12,,20,4953.377405570385,495.33774055703856,0.5,T,H,Lose,10,11,,20,6054.127940141585,605.4127940141585,0.4,T,T,Win,9,12,,20,11053.558694552055,1105.3558694552055,0.4,T,T,Win,8,13,,20,13509.905071119178,1350.9905071119179,0.8,H,H,Win,16,5,,20,6054.127940141585,605.4127940141585,0.6,T,H,Lose,12,9,,20,16512.106198034555,1651.2106198034555,0.3,T,H,Lose,7,14,,20,11053.558694552054,1105.3558694552055,0.5,T,T,Win,10,11,,20,13509.90507111918,1350.990507111918,0.3,T,T,Win,7,14,,20,11053.558694552054,1105.3558694552055,0.4,T,T,Win,8,13,,20,7399.489704617488,739.9489704617489,0.5,T,H,Lose,10,11,,20,7399.48970461749,739.948970461749,0.4,T,T,Win,8,13,,20,24666.232715582486,2466.6232715582487,0.8,H,H,Win,16,5,,20,16512.106198034555,1651.2106198034555,0.3,T,H,Lose,7,14,,20,13509.90507111918,1350.990507111918,0.4,T,T,Win,9,12,,20,11053.558694552055,1105.3558694552055,0.6,H,H,Win,13,8,,20,7399.48970461749,739.948970461749,0.6,H,H,Win,13,8,,20,3315.8972714975316,331.5897271497532,0.5,T,H,Lose,11,10,,20,9043.820750088043,904.3820750088043,0.5,T,H,Lose,11,10,,20,16512.10619803455,1651.2106198034553,0.3,T,T,Win,6,15,,20,16512.106198034555,1651.2106198034555,0.7,H,T,Lose,14,7,,20,11053.558694552055,1105.3558694552055,0.4,T,H,Lose,9,12,,20,9043.820750088045,904.3820750088046,0.7,H,H,Win,14,7,,20,7399.48970461749,739.948970461749,0.5,T,T,Win,11,10,,20,11053.558694552055,1105.3558694552055,0.4,T,T,Win,8,13,,20,16512.106198034555,1651.2106198034555,0.4,T,H,Lose,8,13,,20,7399.489704617491,739.9489704617491,0.6,H,H,Win,13,8,,20,9043.820750088042,904.3820750088042,0.6,T,H,Lose,12,9,,20,16512.10619803455,1651.2106198034553,0.7,H,T,Lose,14,7,,20,13509.905071119181,1350.9905071119183,0.5,T,T,Win,10,11,,20,6054.127940141582,605.4127940141583,0.5,T,H,Lose,10,11,,20,11053.558694552054,1105.3558694552055,0.4,T,T,Win,8,13,,20,7399.48970461749,739.948970461749,0.6,H,H,Win,12,9,,20,4953.377405570388,495.33774055703884,0.4,T,T,Win,9,12,,20,13509.905071119181,1350.9905071119183,0.5,T,H,Lose,10,11,,20,3315.897271497532,331.58972714975323,0.5,H,T,Lose,10,11,,20,4052.7633318303156,405.27633318303157,0.5,T,H,Lose,11,10,,20,6054.127940141583,605.4127940141583,0.6,T,H,Lose,12,9,,20,11053.558694552055,1105.3558694552055,0.4,T,T,Win,8,13,,20,7399.489704617492,739.9489704617492,0.7,H,H,Win,14,7,,20,16512.106198034555,1651.2106198034555,0.6,H,T,Lose,13,8,,20,6054.127940141585,605.4127940141585,0.6,H,T,Lose,12,9,,20,13509.905071119178,1350.9905071119179,0.7,H,H,Win,15,6,,20,13509.90507111918,1350.990507111918,0.6,H,T,Lose,12,9,,20,11053.558694552055,1105.3558694552055,0.6,H,H,Win,13,8,,20,4953.377405570387,495.3377405570387,0.5,H,T,Lose,11,10,,20,11053.558694552057,1105.3558694552057,0.5,T,H,Lose,10,11,,20,13509.905071119181,1350.9905071119183,0.4,T,H,Lose,8,13,,20,11053.55869455205,1105.355869455205,0.4,T,H,Lose,9,12,,20,11053.55869455205,1105.355869455205,0.4,T,T,Win,8,13,,20,16512.10619803456,1651.210619803456,0.3,T,H,Lose,7,14,,20,11053.558694552054,1105.3558694552055,0.4,T,T,Win,8,13,,20,16512.106198034555,1651.2106198034555,0.4,T,H,Lose,8,13,,20,7399.489704617492,739.9489704617492,0.5,T,T,Win,10,11,,20,13509.905071119178,1350.9905071119179,0.6,H,T,Lose,13,8,,20,7399.489704617492,739.9489704617492,0.6,H,T,Lose,12,9,,20,13509.905071119181,1350.9905071119183,0.5,T,H,Lose,10,11,,20,11053.558694552055,1105.3558694552055,0.5,H,T,Lose,10,11,,20,11053.558694552052,1105.3558694552053,0.4,T,H,Lose,9,12,,20,4953.377405570387,495.3377405570387,0.5,T,H,Lose,11,10,,20,16512.10619803455,1651.2106198034553,0.6,H,T,Lose,12,9,,20,9043.820750088042,904.3820750088042,0.6,H,T,Lose,12,9,,20,9043.820750088045,904.3820750088046,0.4,T,T,Win,9,12,,20,9043.820750088043,904.3820750088043,0.5,T,T,Win,11,10,,20,7399.489704617492,739.9489704617492,0.6,H,H,Win,13,8,,20,11053.558694552055,1105.3558694552055,0.4,T,H,Lose,9,12,,20,11053.55869455205,1105.355869455205,0.4,T,T,Win,8,13,,20,20181.46313093112,2018.146313093112,0.7,H,H,Win,15,6,,20,7399.48970461749,739.948970461749,0.5,H,T,Lose,11,10,,20,9043.820750088043,904.3820750088043,0.6,H,H,Win,13,8,,20,9043.820750088043,904.3820750088043,0.6,T,H,Lose,12,9,,20,9043.820750088042,904.3820750088042,0.5,H,T,Lose,10,11,,20,11053.558694552055,1105.3558694552055,0.4,T,T,Win,9,12,,20,16512.10619803455,1651.2106198034553,0.3,T,H,Lose,7,14,,20,16512.106198034555,1651.2106198034555,0.3,T,T,Win,7,14,,20,4052.7633318303156,405.27633318303157,0.5,T,H,Lose,11,10,,20,7399.48970461749,739.948970461749,0.6,H,H,Win,12,9,,20,24666.23271558248,2466.6232715582482,0.7,H,T,Lose,15,6,,20,11053.558694552057,1105.3558694552057,0.5,T,H,Lose,10,11,,20,7399.48970461749,739.948970461749,0.5,T,H,Lose,11,10,,20,7399.489704617488,739.9489704617489,0.6,H,H,Win,13,8,,20,13509.905071119178,1350.9905071119179,0.4,T,H,Lose,8,13,,20,24666.232715582475,2466.623271558248,0.3,T,H,Lose,7,14,,20,11053.558694552055,1105.3558694552055,0.4,T,H,Lose,9,12,,20,7399.489704617492,739.9489704617492,0.4,T,T,Win,9,12,,20,11053.558694552055,1105.3558694552055,0.4,T,H,Lose,9,12,,20,7399.489704617489,739.948970461749,0.4,T,T,Win,9,12,,20,4953.377405570387,495.3377405570387,0.5,T,H,Lose,10,11,,20,11053.558694552052,1105.3558694552053,0.4,T,H,Lose,9,12,,20,11053.558694552057,1105.3558694552057,0.6,H,H,Win,13,8,,20,16512.106198034555,1651.2106198034555,0.4,T,T,Win,8,13,,20,11053.558694552055,1105.3558694552055,0.4,T,H,Lose,9,12,,20,9043.820750088043,904.3820750088043,0.6,H,H,Win,13,8,,20,6054.127940141581,605.4127940141582,0.4,T,T,Win,8,13,,20,9043.820750088045,904.3820750088046,0.6,H,H,Win,12,9,,20,9043.820750088045,904.3820750088046,0.5,H,T,Lose,10,11,,20,24666.23271558248,2466.6232715582482,0.8,H,H,Win,16,5,,20,11053.558694552052,1105.3558694552053,0.6,H,T,Lose,13,8,,20,9043.820750088043,904.3820750088043,0.5,T,T,Win,10,11,,20,11053.558694552052,1105.3558694552053,0.7,H,T,Lose,14,7,,20,9043.82075008804,904.382075008804,0.5,T,T,Win,11,10,,20,11053.558694552057,1105.3558694552057,0.4,T,T,Win,8,13,,20,16512.106198034555,1651.2106198034555,0.3,T,H,Lose,7,14,,20,7399.489704617491,739.9489704617491,0.6,H,T,Lose,12,9,,20,4052.7633318303165,405.2763331830317,0.5,H,T,Lose,10,11,,20,9043.820750088042,904.3820750088042,0.5,T,H,Lose,10,11,,20,13509.90507111918,1350.990507111918,0.3,T,T,Win,7,14,,20,6054.127940141585,605.4127940141585,0.6,H,T,Lose,12,9,,20,16512.106198034555,1651.2106198034555,0.6,H,T,Lose,13,8,,20,11053.558694552055,1105.3558694552055,0.5,H,H,Win,11,10,,20,20181.463130931123,2018.1463130931124,0.3,T,T,Win,7,14,,20,16512.106198034555,1651.2106198034555,0.5,H,T,Lose,10,11,,20,9043.820750088047,904.3820750088048,0.6,H,H,Win,13,8,,20,9043.820750088043,904.3820750088043,0.7,H,H,Win,14,7,,20,13509.90507111918,1350.990507111918,0.5,T,T,Win,11,10,,20,13509.90507111918,1350.990507111918,0.6,H,T,Lose,13,8,,20,6054.127940141582,605.4127940141583,0.6,H,H,Win,13,8,,20,7399.48970461749,739.948970461749,0.6,T,H,Lose,12,9,,20,7399.489704617488,739.9489704617489,0.5,H,T,Lose,11,10,,20,6054.127940141585,605.4127940141585,0.5,T,H,Lose,11,10,,20,6054.127940141582,605.4127940141583,0.6,H,T,Lose,12,9,,20,6054.127940141585,605.4127940141585,0.4,T,T,Win,9,12,,20,9043.820750088045,904.3820750088046,0.5,H,H,Win,11,10,,20,13509.90507111918,1350.990507111918,0.3,T,T,Win,7,14,,20,11053.558694552055,1105.3558694552055,0.3,T,T,Win,7,14,,20,9043.820750088045,904.3820750088046,0.5,T,T,Win,11,10,,20,9043.820750088047,904.3820750088048,0.6,H,T,Lose,12,9,,20,9043.820750088042,904.3820750088042,0.5,H,H,Win,11,10,,20,9043.820750088043,904.3820750088043,0.4,T,T,Win,9,12,,20,6054.127940141585,605.4127940141585,0.5,T,T,Win,10,11,,20,11053.558694552054,1105.3558694552055,0.6,H,H,Win,13,8,,20,16512.10619803455,1651.2106198034553,0.4,T,H,Lose,8,13,,20,7399.489704617492,739.9489704617492,0.4,T,H,Lose,9,12,,20,6054.127940141583,605.4127940141583,0.4,T,T,Win,9,12,,20,4953.377405570388,495.33774055703884,0.6,H,T,Lose,13,8,,20,9043.820750088043,904.3820750088043,0.5,H,H,Win,11,10,,20,13509.90507111918,1350.990507111918,0.4,T,T,Win,9,12,,20,4953.377405570387,495.3377405570387,0.5,H,H,Win,11,10,,20,4052.7633318303165,405.2763331830317,0.5,T,H,Lose,10,11,,20,4953.377405570385,495.33774055703856,0.5,T,H,Lose,11,10,,20,24666.232715582475,2466.623271558248,0.7,H,T,Lose,15,6,,20,7399.48970461749,739.948970461749,0.5,H,T,Lose,10,11,,20,9043.820750088042,904.3820750088042,0.4,T,T,Win,9,12,,20,16512.106198034548,1651.2106198034548,0.4,T,H,Lose,9,12,,20,11053.55869455205,1105.355869455205,0.3,T,T,Win,7,14,,20,6054.127940141583,605.4127940141583,0.6,H,H,Win,12,9,,20,6054.127940141584,605.4127940141584,0.5,T,H,Lose,10,11,,20,9043.820750088042,904.3820750088042,0.6,H,T,Lose,12,9,,20,9043.820750088043,904.3820750088043,0.4,T,T,Win,9,12,,20,20181.463130931123,2018.1463130931124,0.4,T,H,Lose,8,13,,20,9043.820750088043,904.3820750088043,0.5,T,H,Lose,10,11,,20,6054.127940141585,605.4127940141585,0.5,H,T,Lose,10,11,,20,4953.377405570387,495.3377405570387,0.6,H,T,Lose,12,9,,20,11053.558694552055,1105.3558694552055,0.4,T,T,Win,9,12,,20,13509.905071119176,1350.9905071119176,0.6,H,H,Win,13,8,,20,6054.127940141583,605.4127940141583,0.5,T,H,Lose,11,10,,20,6054.127940141581,605.4127940141582,0.6,H,T,Lose,13,8,,20,6054.127940141585,605.4127940141585,0.5,T,H,Lose,10,11,,20,6054.127940141585,605.4127940141585,0.4,T,T,Win,9,12,,20,6054.127940141585,605.4127940141585,0.6,H,T,Lose,12,9,,20,7399.48970461749,739.948970461749,0.5,T,T,Win,11,10,,20,11053.558694552055,1105.3558694552055,0.6,H,H,Win,13,8,,20,6054.127940141586,605.4127940141586,0.5,H,H,Win,11,10,,20,9043.820750088045,904.3820750088046,0.4,T,H,Lose,9,12,,20,7399.48970461749,739.948970461749,0.6,T,H,Lose,12,9,,20,7399.48970461749,739.948970461749,0.4,T,T,Win,8,13,,20,9043.820750088045,904.3820750088046,0.5,H,H,Win,11,10,,20,11053.558694552052,1105.3558694552053,0.7,H,H,Win,14,7,,20,13509.905071119178,1350.9905071119179,0.5,T,H,Lose,10,11,,20,13509.905071119178,1350.9905071119179,0.5,H,H,Win,11,10,,20,16512.106198034555,1651.2106198034555,0.7,H,H,Win,14,7,,20,3315.8972714975316,331.5897271497532,0.5,T,H,Lose,11,10,,20,4953.377405570387,495.3377405570387,0.5,H,T,Lose,11,10,,20,9043.820750088043,904.3820750088043,0.5,T,H,Lose,11,10,,20,9043.820750088042,904.3820750088042,0.5,T,H,Lose,10,11,,20,11053.558694552055,1105.3558694552055,0.7,H,H,Win,14,7,,20,7399.489704617494,739.9489704617495,0.4,T,T,Win,9,12,,20,6054.127940141583,605.4127940141583,0.4,T,T,Win,9,12,,20,11053.558694552057,1105.3558694552057,0.4,T,T,Win,8,13,,20,7399.48970461749,739.948970461749,0.5,T,H,Lose,10,11,
21,14860.895578231093,1486.0895578231093,0.6,H,H,Win,14,8,,21,12158.914564007255,1215.8914564007255,0.4,T,T,Win,9,13,,21,8139.438675079241,813.9438675079241,0.4,T,T,Win,8,14,,21,8139.43867507924,813.9438675079241,0.5,H,H,Win,11,11,,21,9948.202825096847,994.8202825096847,0.5,T,H,Lose,11,11,,21,12158.914564007257,1215.8914564007257,0.5,T,H,Lose,11,11,,21,5448.715146127425,544.8715146127425,0.5,H,H,Win,12,10,,21,6659.540734155743,665.9540734155744,0.5,T,T,Win,10,12,,21,12158.91456400726,1215.8914564007262,0.4,T,H,Lose,9,13,,21,5448.715146127424,544.8715146127424,0.4,T,T,Win,9,13,,21,8139.438675079237,813.9438675079238,0.5,T,H,Lose,12,10,,21,9948.202825096849,994.820282509685,0.5,T,H,Lose,10,12,,21,9948.202825096847,994.8202825096847,0.4,T,T,Win,9,13,,21,22199.609444024238,2219.960944402424,0.4,T,H,Lose,8,14,,21,8139.438675079237,813.9438675079238,0.3,T,T,Win,7,15,,21,8139.438675079239,813.943867507924,0.6,T,H,Lose,13,9,,21,12158.91456400726,1215.8914564007262,0.4,T,H,Lose,9,13,,21,8139.438675079241,813.9438675079241,0.5,T,T,Win,11,11,,21,8139.438675079239,813.943867507924,0.5,T,T,Win,11,11,,21,14860.895578231097,1486.0895578231098,0.4,T,H,Lose,8,14,,21,4458.039665013347,445.80396650133474,0.5,T,T,Win,10,12,,21,9948.202825096847,994.8202825096847,0.5,T,H,Lose,10,12,,21,6659.540734155741,665.9540734155742,0.5,T,H,Lose,11,11,,21,22199.609444024234,2219.9609444024236,0.8,H,H,Win,17,5,,21,12158.914564007264,1215.8914564007264,0.6,H,T,Lose,14,8,,21,9948.20282509685,994.8202825096851,0.5,T,H,Lose,10,12,,21,9948.20282509685,994.8202825096851,0.5,H,T,Lose,12,10,,21,22199.609444024227,2219.9609444024227,0.2,T,T,Win,5,17,,21,5448.715146127425,544.8715146127425,0.5,T,T,Win,10,12,,21,5448.715146127426,544.8715146127427,0.6,H,H,Win,14,8,,21,12158.914564007255,1215.8914564007255,0.7,H,H,Win,15,7,,21,9948.202825096849,994.820282509685,0.6,H,T,Lose,13,9,,21,8139.438675079239,813.943867507924,0.5,T,H,Lose,10,12,,21,12158.91456400726,1215.8914564007262,0.5,T,H,Lose,10,12,,21,5448.715146127425,544.8715146127425,0.5,H,H,Win,12,10,,21,9948.20282509685,994.8202825096851,0.4,T,T,Win,9,13,,21,12158.914564007266,1215.8914564007266,0.4,T,H,Lose,9,13,,21,8139.438675079239,813.943867507924,0.5,T,H,Lose,12,10,,21,14860.895578231099,1486.08955782311,0.5,H,H,Win,11,11,,21,14860.895578231097,1486.0895578231098,0.4,T,H,Lose,9,13,,21,14860.895578231095,1486.0895578231095,0.5,T,H,Lose,10,12,,21,12158.914564007264,1215.8914564007264,0.4,T,T,Win,9,13,,21,9948.202825096847,994.8202825096847,0.4,T,T,Win,9,13,,21,9948.202825096843,994.8202825096844,0.4,T,H,Lose,9,13,,21,8139.438675079239,813.943867507924,0.5,H,H,Win,11,11,,21,9948.202825096852,994.8202825096853,0.7,H,H,Win,15,7,,21,14860.895578231099,1486.08955782311,0.6,H,T,Lose,14,8,,21,6659.540734155742,665.9540734155743,0.4,T,T,Win,8,14,,21,9948.202825096847,994.8202825096847,0.5,T,H,Lose,10,12,,21,18163.31681783801,1816.3316817838013,0.3,T,T,Win,6,16,,21,8139.438675079239,813.943867507924,0.5,T,H,Lose,10,12,,21,14860.895578231099,1486.08955782311,0.4,T,H,Lose,8,14,,21,8139.438675079241,813.9438675079241,0.4,T,T,Win,9,13,,21,18163.31681783801,1816.3316817838013,0.4,T,T,Win,8,14,,21,6659.540734155739,665.9540734155739,0.5,T,H,Lose,12,10,,21,9948.20282509685,994.8202825096851,0.4,T,T,Win,9,13,,21,12158.91456400726,1215.8914564007262,0.5,T,H,Lose,10,12,,21,14860.895578231099,1486.08955782311,0.3,T,T,Win,7,15,,21,4458.039665013348,445.8039665013348,0.6,H,H,Win,13,9,,21,12158.91456400726,1215.8914564007262,0.6,H,T,Lose,14,8,,21,6659.540734155741,665.9540734155742,0.5,H,H,Win,11,11,,21,6659.540734155741,665.9540734155742,0.5,T,T,Win,11,11,,21,9948.202825096849,994.820282509685,0.5,H,T,Lose,12,10,,21,22199.609444024227,2219.9609444024227,0.3,T,H,Lose,6,16,,21,14860.895578231095,1486.0895578231095,0.4,T,H,Lose,8,14,,21,8139.438675079237,813.9438675079238,0.6,H,H,Win,14,8,,21,5448.715146127427,544.8715146127428,0.5,T,T,Win,12,10,,21,6659.54073415574,665.954073415574,0.4,T,T,Win,9,13,,21,14860.895578231099,1486.08955782311,0.7,H,T,Lose,15,7,,21,4458.039665013347,445.80396650133474,0.6,T,H,Lose,13,9,,21,5448.715146127423,544.8715146127423,0.5,H,H,Win,12,10,,21,6659.540734155739,665.9540734155739,0.5,T,H,Lose,12,10,,21,4458.039665013348,445.8039665013348,0.5,T,T,Win,12,10,,21,14860.895578231088,1486.0895578231089,0.3,T,T,Win,7,15,,21,8139.438675079241,813.9438675079241,0.5,T,H,Lose,11,11,,21,5448.715146127424,544.8715146127424,0.5,H,T,Lose,10,12,,21,8139.438675079244,813.9438675079244,0.5,T,H,Lose,10,12,,21,12158.914564007264,1215.8914564007264,0.4,T,T,Win,8,14,,21,14860.895578231099,1486.08955782311,0.6,H,T,Lose,13,9,,21,9948.20282509685,994.8202825096851,0.5,T,T,Win,12,10,,21,14860.895578231097,1486.0895578231098,0.3,T,H,Lose,7,15,,21,5448.715146127426,544.8715146127427,0.6,H,H,Win,13,9,,21,12158.91456400726,1215.8914564007262,0.4,T,H,Lose,9,13,,21,9948.20282509685,994.8202825096851,0.5,H,T,Lose,11,11,,21,8139.43867507924,813.9438675079241,0.6,H,T,Lose,13,9,,21,4458.039665013349,445.8039665013349,0.5,T,H,Lose,11,11,,21,14860.895578231091,1486.0895578231093,0.6,H,T,Lose,14,8,,21,5448.715146127426,544.8715146127427,0.6,T,H,Lose,13,9,,21,14860.895578231093,1486.0895578231093,0.7,H,T,Lose,15,7,,21,12158.914564007258,1215.891456400726,0.4,T,H,Lose,9,13,,21,8139.438675079241,813.9438675079241,0.4,T,T,Win,9,13,,21,4458.039665013348,445.8039665013348,0.5,T,T,Win,11,11,,21,12158.914564007257,1215.8914564007257,0.4,T,T,Win,8,14,,21,18163.316817838015,1816.3316817838015,0.3,T,H,Lose,7,15,,21,6659.540734155741,665.9540734155742,0.5,T,T,Win,11,11,,21,27132.855987140723,2713.2855987140724,0.2,T,T,Win,4,18,,21,12158.914564007266,1215.8914564007266,0.6,T,H,Lose,13,9,,21,5448.715146127424,544.8715146127424,0.6,H,T,Lose,13,9,,21,14860.895578231095,1486.0895578231095,0.5,H,T,Lose,10,12,,21,6659.540734155742,665.9540734155743,0.5,T,H,Lose,11,11,,21,8139.438675079239,813.943867507924,0.6,H,T,Lose,14,8,,21,12158.91456400726,1215.8914564007262,0.5,T,T,Win,12,10,,21,8139.438675079239,813.943867507924,0.5,T,H,Lose,11,11,,21,9948.20282509685,994.8202825096851,0.4,T,T,Win,8,14,,21,9948.202825096849,994.820282509685,0.5,H,H,Win,11,11,,21,6659.540734155739,665.9540734155739,0.5,H,T,Lose,12,10,,21,9948.202825096845,994.8202825096846,0.6,H,H,Win,14,8,,21,6659.540734155741,665.9540734155742,0.5,T,T,Win,12,10,,21,6659.540734155741,665.9540734155742,0.6,H,H,Win,14,8,,21,9948.202825096845,994.8202825096846,0.5,H,T,Lose,12,10,,21,22199.60944402423,2219.960944402423,0.2,T,T,Win,5,17,,21,4458.039665013348,445.8039665013348,0.6,T,H,Lose,13,9,,21,5448.715146127424,544.8715146127424,0.6,T,H,Lose,13,9,,21,5448.715146127426,544.8715146127427,0.6,H,H,Win,14,8,,21,14860.895578231095,1486.0895578231095,0.4,T,H,Lose,9,13,,21,9948.20282509685,994.8202825096851,0.4,T,T,Win,9,13,,21,5448.715146127425,544.8715146127425,0.5,T,T,Win,10,12,,21,4458.039665013348,445.8039665013348,0.5,H,H,Win,12,10,,21,5448.715146127425,544.8715146127425,0.5,T,T,Win,10,12,,21,6659.54073415574,665.954073415574,0.6,H,H,Win,14,8,,21,8139.43867507924,813.9438675079241,0.6,H,H,Win,14,8,,21,12158.914564007262,1215.8914564007262,0.4,T,T,Win,8,14,,21,8139.438675079237,813.9438675079238,0.4,T,T,Win,9,13,,21,12158.91456400726,1215.8914564007262,0.4,T,H,Lose,9,13,,21,18163.31681783801,1816.3316817838013,0.3,T,H,Lose,7,15,,21,8139.438675079237,813.9438675079238,0.6,H,T,Lose,13,9,,21,4458.039665013348,445.8039665013348,0.5,H,T,Lose,12,10,,21,9948.202825096847,994.8202825096847,0.6,H,H,Win,14,8,,21,8139.438675079241,813.9438675079241,0.4,T,T,Win,9,13,,21,9948.202825096847,994.8202825096847,0.6,H,T,Lose,14,8,,21,9948.20282509685,994.8202825096851,0.6,H,T,Lose,14,8,,21,14860.895578231095,1486.0895578231095,0.4,T,H,Lose,8,14,,21,9948.20282509685,994.8202825096851,0.6,H,T,Lose,14,8,,21,18163.316817838007,1816.3316817838008,0.4,T,T,Win,8,14,,21,18163.316817838007,1816.3316817838008,0.7,H,T,Lose,16,6,,21,9948.202825096845,994.8202825096846,0.5,T,T,Win,10,12,,21,6659.540734155741,665.9540734155742,0.5,H,T,Lose,12,10,,21,3647.486998647286,364.7486998647286,0.4,T,T,Win,9,13,,21,8139.438675079239,813.943867507924,0.4,T,T,Win,9,13,,21,12158.914564007257,1215.8914564007257,0.5,T,H,Lose,11,11,,21,14860.895578231095,1486.0895578231095,0.4,T,T,Win,8,14,,21,8139.438675079237,813.9438675079238,0.5,H,H,Win,12,10,,21,3647.486998647285,364.7486998647285,0.5,T,T,Win,10,12,,21,9948.202825096845,994.8202825096846,0.5,T,H,Lose,10,12,,21,9948.202825096852,994.8202825096853,0.6,H,T,Lose,13,9,,21,12158.914564007258,1215.891456400726,0.4,T,T,Win,8,14,,21,9948.20282509685,994.8202825096851,0.6,H,H,Win,14,8,,21,9948.202825096845,994.8202825096846,0.5,T,H,Lose,10,12,,21,6659.54073415574,665.954073415574,0.5,T,H,Lose,10,12,,21,8139.438675079239,813.943867507924,0.5,T,H,Lose,10,12,,21,12158.914564007264,1215.8914564007264,0.5,T,H,Lose,10,12,,21,6659.540734155744,665.9540734155744,0.5,H,T,Lose,11,11,,21,18163.31681783801,1816.3316817838013,0.7,H,H,Win,16,6,,21,9948.202825096847,994.8202825096847,0.5,H,T,Lose,10,12,,21,12158.914564007257,1215.8914564007257,0.4,T,T,Win,8,14,,21,4458.039665013349,445.8039665013349,0.5,T,H,Lose,10,12,,21,3647.486998647285,364.7486998647285,0.5,T,T,Win,11,11,,21,5448.715146127426,544.8715146127427,0.5,T,T,Win,10,12,,21,8139.438675079241,813.9438675079241,0.5,T,T,Win,11,11,,21,18163.316817838004,1816.3316817838004,0.7,H,H,Win,16,6,,21,14860.895578231099,1486.08955782311,0.4,T,H,Lose,9,13,,21,3647.486998647285,364.7486998647285,0.5,T,T,Win,11,11,,21,14860.895578231097,1486.0895578231098,0.4,T,H,Lose,9,13,,21,2984.3075443477783,298.43075443477784,0.5,T,T,Win,12,10,,21,6659.540734155745,665.9540734155745,0.5,T,H,Lose,10,12,,21,8139.438675079239,813.943867507924,0.6,H,H,Win,13,9,,21,12158.91456400726,1215.8914564007262,0.6,H,H,Win,14,8,,21,9948.202825096845,994.8202825096846,0.5,H,T,Lose,11,11,,21,12158.914564007264,1215.8914564007264,0.7,H,H,Win,15,7,,21,12158.914564007255,1215.8914564007255,0.5,H,H,Win,12,10,,21,5448.715146127426,544.8715146127427,0.5,H,H,Win,12,10,,21,8139.438675079239,813.943867507924,0.5,H,H,Win,12,10,,21,8139.438675079237,813.9438675079238,0.6,H,H,Win,13,9,,21,9948.202825096847,994.8202825096847,0.4,T,H,Lose,9,13,,21,6659.54073415574,665.954073415574,0.6,T,H,Lose,13,9,,21,12158.914564007262,1215.8914564007262,0.4,T,T,Win,8,14,,21,12158.914564007266,1215.8914564007266,0.4,T,H,Lose,9,13,,21,6659.540734155741,665.9540734155742,0.5,T,T,Win,11,11,,21,9948.202825096845,994.8202825096846,0.5,T,H,Lose,12,10,,21,8139.438675079244,813.9438675079244,0.5,H,T,Lose,10,12,,21,12158.914564007255,1215.8914564007255,0.7,H,H,Win,16,6,,21,12158.914564007257,1215.8914564007257,0.6,H,T,Lose,13,9,,21,12158.914564007257,1215.8914564007257,0.4,T,H,Lose,8,14,,21,4458.03966501335,445.803966501335,0.5,H,H,Win,12,10,,21,4458.039665013348,445.8039665013348,0.5,H,H,Win,12,10,,21,12158.91456400726,1215.8914564007262,0.7,H,H,Win,15,7,,21,9948.202825096849,994.820282509685,0.6,H,H,Win,13,9,,21,27132.85598714073,2713.2855987140733,0.2,T,T,Win,5,17,,21,3647.486998647285,364.7486998647285,0.6,H,H,Win,13,9,,21,6659.540734155739,665.9540734155739,0.5,T,T,Win,12,10,,21,6659.540734155741,665.9540734155742,0.5,H,T,Lose,12,10,,21,14860.895578231097,1486.0895578231098,0.3,T,T,Win,7,15,,21,9948.202825096845,994.8202825096846,0.5,T,T,Win,11,11,,21,12158.91456400726,1215.8914564007262,0.5,H,H,Win,11,11,,21,9948.20282509685,994.8202825096851,0.5,T,H,Lose,10,12,,21,12158.91456400726,1215.8914564007262,0.4,T,H,Lose,9,13,,21,8139.438675079239,813.943867507924,0.5,T,T,Win,10,12,,21,9948.20282509685,994.8202825096851,0.6,H,T,Lose,13,9,,21,18163.31681783801,1816.3316817838013,0.3,T,T,Win,6,16,,21,22199.60944402423,2219.960944402423,0.3,T,T,Win,6,16,,21,18163.316817838015,1816.3316817838015,0.4,T,T,Win,8,14,,21,18163.31681783801,1816.3316817838013,0.7,H,H,Win,16,6,,21,3647.486998647284,364.74869986472845,0.5,H,H,Win,12,10,,21,18163.31681783801,1816.3316817838013,0.6,H,T,Lose,14,8,,21,5448.715146127424,544.8715146127424,0.6,H,T,Lose,13,9,,21,8139.438675079239,813.943867507924,0.5,H,H,Win,11,11,,21,6659.540734155739,665.9540734155739,0.5,H,H,Win,11,11,,21,12158.91456400726,1215.8914564007262,0.4,T,T,Win,8,14,,21,14860.895578231099,1486.08955782311,0.4,T,H,Lose,8,14,,21,12158.914564007258,1215.891456400726,0.7,H,H,Win,16,6,,21,9948.20282509685,994.8202825096851,0.6,H,T,Lose,14,8,,21,6659.540734155741,665.9540734155742,0.5,H,T,Lose,12,10,,21,14860.895578231099,1486.08955782311,0.3,T,T,Win,7,15,,21,12158.914564007264,1215.8914564007264,0.4,T,T,Win,8,14,,21,4458.039665013348,445.8039665013348,0.5,T,T,Win,11,11,,21,6659.540734155741,665.9540734155742,0.5,H,T,Lose,10,12,,21,5448.715146127424,544.8715146127424,0.5,H,T,Lose,11,11,,21,14860.89557823109,1486.089557823109,0.4,T,T,Win,9,13,,21,22199.609444024227,2219.9609444024227,0.7,H,T,Lose,15,7,,21,8139.438675079239,813.943867507924,0.5,T,T,Win,11,11,,21,9948.202825096847,994.8202825096847,0.5,T,H,Lose,10,12,,21,5448.715146127424,544.8715146127424,0.6,H,H,Win,13,9,,21,2984.3075443477787,298.4307544347779,0.5,T,H,Lose,11,11,,21,6659.54073415574,665.954073415574,0.5,T,H,Lose,11,11,,21,8139.438675079239,813.943867507924,0.5,H,H,Win,12,10,,21,14860.895578231099,1486.08955782311,0.3,T,T,Win,7,15,,21,8139.438675079241,813.9438675079241,0.6,T,H,Lose,13,9,,21,5448.715146127424,544.8715146127424,0.6,T,H,Lose,13,9,,21,6659.54073415574,665.954073415574,0.5,H,H,Win,12,10,,21,9948.202825096845,994.8202825096846,0.5,H,T,Lose,11,11,,21,14860.895578231095,1486.0895578231095,0.6,H,H,Win,14,8,,21,9948.20282509685,994.8202825096851,0.6,H,T,Lose,14,8,,21,9948.20282509685,994.8202825096851,0.6,H,T,Lose,14,8,,21,6659.540734155743,665.9540734155744,0.5,T,T,Win,10,12,,21,4458.039665013348,445.8039665013348,0.5,H,H,Win,11,11,,21,14860.895578231093,1486.0895578231093,0.7,H,H,Win,15,7,,21,6659.540734155739,665.9540734155739,0.6,T,H,Lose,13,9,,21,14860.895578231095,1486.0895578231095,0.4,T,H,Lose,8,14,,21,9948.20282509685,994.8202825096851,0.5,T,T,Win,12,10,,21,9948.20282509685,994.8202825096851,0.6,H,H,Win,13,9,,21,12158.91456400726,1215.8914564007262,0.7,H,H,Win,15,7,,21,8139.438675079237,813.9438675079238,0.5,T,H,Lose,12,10,,21,8139.438675079239,813.943867507924,0.6,H,T,Lose,13,9,,21,14860.895578231095,1486.0895578231095,0.4,T,T,Win,9,13,,21,14860.895578231093,1486.0895578231093,0.7,H,T,Lose,15,7,,21,5448.715146127426,544.8715146127427,0.6,T,H,Lose,13,9,,21,6659.540734155742,665.9540734155743,0.5,T,T,Win,12,10,,21,12158.914564007262,1215.8914564007262,0.5,T,T,Win,12,10,,21,5448.715146127423,544.8715146127423,0.6,H,H,Win,13,9,,21,9948.202825096852,994.8202825096853,0.5,T,H,Lose,10,12,,21,22199.609444024234,2219.9609444024236,0.4,T,H,Lose,8,14,,21,12158.914564007258,1215.891456400726,0.6,H,H,Win,13,9,,21,4458.039665013348,445.8039665013348,0.4,T,T,Win,9,13,,21,6659.540734155742,665.9540734155743,0.5,T,T,Win,12,10,,21,6659.54073415574,665.954073415574,0.6,H,T,Lose,13,9,,21,8139.438675079239,813.943867507924,0.6,T,H,Lose,13,9,,21,5448.715146127425,544.8715146127425,0.5,T,T,Win,10,12,,21,3647.486998647285,364.7486998647285,0.5,H,T,Lose,11,11,,21,6659.540734155741,665.9540734155742,0.5,T,T,Win,10,12,,21,12158.914564007264,1215.8914564007264,0.4,T,H,Lose,9,13,,21,5448.715146127423,544.8715146127423,0.5,H,T,Lose,11,11,,21,14860.895578231097,1486.0895578231098,0.3,T,T,Win,7,15,,21,12158.914564007258,1215.891456400726,0.5,T,H,Lose,10,12,,21,8139.438675079239,813.943867507924,0.5,H,H,Win,11,11,,21,12158.914564007257,1215.8914564007257,0.4,T,H,Lose,8,14,,21,4458.039665013348,445.8039665013348,0.5,T,H,Lose,11,11,,21,6659.540734155741,665.9540734155742,0.5,T,T,Win,11,11,,21,12158.914564007255,1215.8914564007255,0.4,T,H,Lose,9,13,,21,6659.540734155739,665.9540734155739,0.5,H,H,Win,11,11,,21,12158.91456400726,1215.8914564007262,0.4,T,T,Win,8,14,,21,14860.895578231099,1486.08955782311,0.7,H,H,Win,15,7,,21,6659.540734155741,665.9540734155742,0.5,H,H,Win,11,11,,21,14860.895578231099,1486.08955782311,0.5,T,H,Lose,11,11,,21,12158.914564007262,1215.8914564007262,0.6,H,H,Win,13,9,,21,8139.438675079244,813.9438675079244,0.4,T,T,Win,8,14,,21,6659.540734155744,665.9540734155744,0.5,T,H,Lose,10,12,,21,8139.438675079241,813.9438675079241,0.4,T,T,Win,8,14,,21,9948.20282509685,994.8202825096851,0.5,T,H,Lose,10,12,,21,6659.54073415574,665.954073415574,0.6,H,H,Win,13,9,,21,18163.316817838007,1816.3316817838008,0.7,H,H,Win,15,7,,21,9948.202825096847,994.8202825096847,0.4,T,H,Lose,9,13,,21,9948.202825096852,994.8202825096853,0.6,H,T,Lose,13,9,,21,9948.202825096847,994.8202825096847,0.5,T,H,Lose,10,12,,21,6659.540734155741,665.9540734155742,0.5,H,H,Win,12,10,,21,12158.914564007257,1215.8914564007257,0.4,T,H,Lose,9,13,,21,12158.914564007264,1215.8914564007264,0.4,T,T,Win,8,14,,21,14860.895578231097,1486.0895578231098,0.3,T,T,Win,7,15,,21,12158.914564007257,1215.8914564007257,0.4,T,H,Lose,9,13,,21,4458.039665013348,445.8039665013348,0.5,H,T,Lose,12,10,,21,18163.316817838007,1816.3316817838008,0.4,T,H,Lose,9,13,,21,5448.715146127423,544.8715146127423,0.5,T,H,Lose,10,12,,21,9948.202825096847,994.8202825096847,0.5,T,T,Win,11,11,,21,9948.20282509685,994.8202825096851,0.4,T,T,Win,8,14,,21,5448.715146127426,544.8715146127427,0.5,T,T,Win,12,10,,21,9948.202825096847,994.8202825096847,0.5,H,T,Lose,11,11,,21,6659.540734155739,665.9540734155739,0.5,H,T,Lose,12,10,,21,2441.7061726481825,244.17061726481825,0.5,T,T,Win,12,10,,21,6659.540734155739,665.9540734155739,0.5,H,T,Lose,12,10,,21,9948.20282509685,994.8202825096851,0.5,T,H,Lose,10,12,,21,8139.438675079239,813.943867507924,0.5,H,H,Win,11,11,,21,14860.895578231095,1486.0895578231095,0.3,T,T,Win,7,15,,21,8139.438675079241,813.9438675079241,0.5,T,H,Lose,12,10,,21,18163.316817838007,1816.3316817838008,0.3,T,T,Win,6,16,,21,18163.31681783801,1816.3316817838013,0.3,T,T,Win,6,16,,21,12158.914564007255,1215.8914564007255,0.4,T,T,Win,8,14,,21,14860.895578231099,1486.08955782311,0.6,H,T,Lose,14,8,,21,12158.914564007264,1215.8914564007264,0.4,T,T,Win,8,14,,21,12158.914564007257,1215.8914564007257,0.5,T,H,Lose,11,11,,21,3647.486998647285,364.7486998647285,0.5,T,T,Win,12,10,,21,6659.540734155743,665.9540734155744,0.5,H,H,Win,11,11,,21,18163.31681783801,1816.3316817838013,0.3,T,H,Lose,7,15,,21,6659.540734155744,665.9540734155744,0.6,H,T,Lose,13,9,,21,9948.20282509685,994.8202825096851,0.5,T,T,Win,11,11,,21,3647.486998647284,364.74869986472845,0.5,H,H,Win,11,11,,21,6659.540734155742,665.9540734155743,0.5,T,T,Win,12,10,,21,5448.715146127424,544.8715146127424,0.5,T,H,Lose,12,10,,21,9948.20282509685,994.8202825096851,0.5,T,T,Win,10,12,,21,33162.37953983867,3316.2379539838676,0.8,H,H,Win,18,4,,21,9948.202825096845,994.8202825096846,0.4,T,T,Win,9,13,,21,8139.438675079241,813.9438675079241,0.5,T,T,Win,11,11,,21,8139.438675079241,813.9438675079241,0.5,H,T,Lose,10,12,,21,9948.202825096845,994.8202825096846,0.6,H,H,Win,14,8,,21,12158.91456400726,1215.8914564007262,0.6,H,T,Lose,14,8,,21,5448.715146127424,544.8715146127424,0.5,T,H,Lose,12,10,,21,12158.91456400726,1215.8914564007262,0.4,T,T,Win,8,14,,21,14860.895578231091,1486.0895578231093,0.6,H,T,Lose,14,8,,21,9948.20282509685,994.8202825096851,0.5,T,H,Lose,10,12,,21,12158.914564007262,1215.8914564007262,0.6,H,T,Lose,14,8,,21,6659.540734155744,665.9540734155744,0.5,H,T,Lose,11,11,,21,3647.486998647285,364.7486998647285,0.5,T,H,Lose,11,11,,21,9948.20282509685,994.8202825096851,0.5,T,T,Win,10,12,,21,5448.715146127426,544.8715146127427,0.6,H,H,Win,14,8,,21,9948.202825096847,994.8202825096847,0.5,H,H,Win,11,11,,21,14860.895578231093,1486.0895578231093,0.8,H,H,Win,17,5,,21,12158.91456400726,1215.8914564007262,0.4,T,T,Win,8,14,,21,18163.316817838007,1816.3316817838008,0.4,T,H,Lose,8,14,,21,12158.91456400726,1215.8914564007262,0.4,T,H,Lose,9,13,,21,6659.540734155738,665.9540734155739,0.6,H,H,Win,14,8,,21,9948.20282509685,994.8202825096851,0.5,T,H,Lose,10,12,,21,3647.486998647285,364.7486998647285,0.5,T,T,Win,10,12,,21,27132.855987140734,2713.285598714074,0.2,T,T,Win,4,18,,21,5448.715146127423,544.8715146127423,0.5,T,T,Win,12,10,,21,6659.540734155743,665.9540734155744,0.5,T,T,Win,10,12,,21,12158.91456400726,1215.8914564007262,0.4,T,H,Lose,9,13,,21,6659.540734155741,665.9540734155742,0.5,T,H,Lose,11,11,,21,4458.039665013348,445.8039665013348,0.5,H,T,Lose,11,11,,21,6659.54073415574,665.954073415574,0.5,T,H,Lose,12,10,,21,6659.54073415574,665.954073415574,0.5,T,H,Lose,12,10,,21,22199.60944402423,2219.960944402423,0.7,H,H,Win,16,6,,21,8139.438675079241,813.9438675079241,0.4,T,T,Win,9,13,,21,9948.20282509685,994.8202825096851,0.4,T,H,Lose,9,13,,21,6659.540734155739,665.9540734155739,0.5,H,T,Lose,12,10,,21,22199.60944402422,2219.9609444024222,0.3,T,H,Lose,6,16,,21,18163.316817838015,1816.3316817838015,0.3,T,H,Lose,7,15,,21,5448.715146127425,544.8715146127425,0.5,H,H,Win,12,10,,21,8139.438675079237,813.9438675079238,0.5,H,T,Lose,11,11,,21,8139.43867507924,813.9438675079241,0.6,H,H,Win,14,8,,21,9948.202825096847,994.8202825096847,0.5,H,T,Lose,12,10,,21,3647.486998647285,364.7486998647285,0.5,T,T,Win,11,11,,21,6659.540734155744,665.9540734155744,0.6,H,H,Win,13,9,,21,12158.914564007264,1215.8914564007264,0.4,T,T,Win,8,14,,21,18163.316817838015,1816.3316817838015,0.3,T,T,Win,6,16,,21,12158.914564007257,1215.8914564007257,0.6,H,T,Lose,14,8,,21,8139.438675079239,813.943867507924,0.5,T,T,Win,11,11,,21,9948.20282509685,994.8202825096851,0.5,T,T,Win,12,10,,21,14860.89557823109,1486.089557823109,0.3,T,T,Win,7,15,,21,3647.486998647284,364.74869986472845,0.6,H,H,Win,13,9,,21,14860.895578231099,1486.08955782311,0.4,T,H,Lose,8,14,,21,12158.914564007257,1215.8914564007257,0.5,H,H,Win,11,11,,21,6659.540734155739,665.9540734155739,0.5,H,T,Lose,11,11,,21,9948.202825096847,994.8202825096847,0.7,H,H,Win,15,7,,21,4458.039665013348,445.8039665013348,0.5,T,T,Win,10,12,,21,14860.895578231093,1486.0895578231093,0.5,H,T,Lose,11,11,,21,6659.540734155741,665.9540734155742,0.5,T,H,Lose,11,11,,21,4458.039665013348,445.8039665013348,0.5,H,T,Lose,12,10,,21,14860.895578231097,1486.0895578231098,0.7,H,H,Win,15,7,,21,8139.438675079239,813.943867507924,0.5,H,T,Lose,10,12,,21,6659.540734155743,665.9540734155744,0.5,T,T,Win,10,12,,21,9948.202825096847,994.8202825096847,0.6,H,H,Win,14,8,,21,9948.20282509685,994.8202825096851,0.6,H,H,Win,14,8,,21,14860.895578231099,1486.08955782311,0.6,H,T,Lose,13,9,,21,9948.202825096845,994.8202825096846,0.5,T,H,Lose,11,11,,21,9948.202825096847,994.8202825096847,0.5,H,H,Win,11,11,,21,12158.914564007258,1215.891456400726,0.4,T,T,Win,8,14,,21,14860.895578231099,1486.08955782311,0.6,H,T,Lose,14,8,,21,14860.895578231097,1486.0895578231098,0.4,T,T,Win,8,14,,21,2984.3075443477783,298.43075443477784,0.5,H,T,Lose,12,10,,21,8139.438675079241,813.9438675079241,0.5,T,H,Lose,10,12,,21,12158.914564007264,1215.8914564007264,0.4,T,T,Win,8,14,,21,5448.715146127423,544.8715146127423,0.5,T,T,Win,11,11,,21,12158.914564007264,1215.8914564007264,0.4,T,H,Lose,9,13,,21,5448.715146127423,544.8715146127423,0.6,H,H,Win,14,8,,21,8139.43867507924,813.9438675079241,0.5,T,H,Lose,11,11,,21,27132.855987140734,2713.285598714074,0.8,H,H,Win,18,4,,21,12158.91456400726,1215.8914564007262,0.6,H,H,Win,13,9,,21,14860.895578231099,1486.08955782311,0.5,H,H,Win,12,10,,21,5448.715146127426,544.8715146127427,0.6,H,H,Win,14,8,,21,6659.540734155741,665.9540734155742,0.5,T,H,Lose,12,10,,21,12158.914564007264,1215.8914564007264,0.6,H,T,Lose,14,8,,21,8139.438675079244,813.9438675079244,0.6,H,H,Win,14,8,,21,9948.202825096847,994.8202825096847,0.5,T,H,Lose,10,12,,21,12158.914564007257,1215.8914564007257,0.4,T,H,Lose,9,13,,21,6659.540734155741,665.9540734155742,0.5,T,T,Win,10,12,,21,5448.715146127424,544.8715146127424,0.5,T,H,Lose,12,10,,21,9948.202825096852,994.8202825096853,0.4,T,T,Win,9,13,,21,9948.202825096849,994.820282509685,0.6,H,H,Win,14,8,,21,6659.54073415574,665.954073415574,0.5,T,H,Lose,10,12,,21,8139.438675079239,813.943867507924,0.6,H,H,Win,14,8,,21,8139.438675079241,813.9438675079241,0.5,H,T,Lose,10,12,,21,6659.540734155741,665.9540734155742,0.4,T,H,Lose,9,13,,21,8139.438675079237,813.9438675079238,0.5,T,H,Lose,11,11,,21,12158.914564007257,1215.8914564007257,0.4,T,T,Win,8,14,,21,6659.540734155741,665.9540734155742,0.5,T,T,Win,12,10,,21,8139.438675079241,813.9438675079241,0.6,T,H,Lose,13,9,,21,12158.914564007262,1215.8914564007262,0.6,H,T,Lose,13,9,,21,8139.438675079242,813.9438675079242,0.5,H,T,Lose,12,10,,21,9948.202825096845,994.8202825096846,0.5,T,H,Lose,10,12,,21,5448.715146127426,544.8715146127427,0.5,H,T,Lose,11,11,,21,6659.540734155741,665.9540734155742,0.5,T,T,Win,12,10,,21,9948.20282509685,994.8202825096851,0.6,H,H,Win,14,8,,21,12158.914564007264,1215.8914564007264,0.7,H,T,Lose,15,7,,21,4458.039665013349,445.8039665013349,0.5,T,T,Win,12,10,,21,18163.316817838,1816.3316817838001,0.3,T,H,Lose,7,15,,21,6659.540734155744,665.9540734155744,0.5,T,H,Lose,12,10,,21,9948.202825096847,994.8202825096847,0.4,T,T,Win,9,13,,21,9948.202825096847,994.8202825096847,0.5,T,T,Win,12,10,,21,6659.540734155742,665.9540734155743,0.4,T,T,Win,9,13,,21,5448.715146127423,544.8715146127423,0.5,T,H,Lose,12,10,,21,5448.715146127426,544.8715146127427,0.5,T,T,Win,10,12,,21,5448.715146127426,544.8715146127427,0.5,T,H,Lose,11,11,,21,12158.914564007262,1215.8914564007262,0.5,T,H,Lose,10,12,,21,4458.039665013348,445.8039665013348,0.6,T,H,Lose,13,9,,21,2984.3075443477783,298.43075443477784,0.5,T,T,Win,11,11,,21,6659.540734155744,665.9540734155744,0.5,T,H,Lose,12,10,,21,8139.438675079238,813.9438675079239,0.4,T,T,Win,8,14,,21,6659.540734155741,665.9540734155742,0.5,T,H,Lose,10,12,,21,6659.540734155742,665.9540734155743,0.5,H,T,Lose,11,11,,21,18163.31681783801,1816.3316817838013,0.7,H,T,Lose,16,6,,21,3647.486998647285,364.7486998647285,0.5,T,T,Win,10,12,,21,9948.202825096847,994.8202825096847,0.5,T,H,Lose,10,12,,21,22199.60944402423,2219.960944402423,0.7,H,T,Lose,15,7,,21,9948.202825096849,994.820282509685,0.4,T,T,Win,9,13,,21,5448.715146127424,544.8715146127424,0.6,H,H,Win,13,9,,21,4458.039665013348,445.8039665013348,0.5,H,T,Lose,12,10,,21,9948.202825096847,994.8202825096847,0.6,H,T,Lose,13,9,,21,8139.438675079239,813.943867507924,0.5,H,T,Lose,11,11,,21,9948.20282509685,994.8202825096851,0.4,T,T,Win,9,13,,21,5448.715146127423,544.8715146127423,0.5,T,H,Lose,12,10,,21,8139.438675079241,813.9438675079241,0.6,T,H,Lose,13,9,,21,8139.438675079239,813.943867507924,0.5,T,H,Lose,11,11,,21,9948.20282509685,994.8202825096851,0.4,T,T,Win,9,13,,21,8139.438675079239,813.943867507924,0.6,H,T,Lose,13,9,,21,8139.438675079237,813.9438675079238,0.5,T,T,Win,10,12,,21,14860.895578231091,1486.0895578231093,0.6,H,H,Win,14,8,,21,12158.914564007264,1215.8914564007264,0.5,T,H,Lose,10,12,,21,3647.486998647285,364.7486998647285,0.5,T,H,Lose,12,10,,21,9948.202825096847,994.8202825096847,0.5,T,H,Lose,11,11,,21,12158.914564007264,1215.8914564007264,0.4,T,T,Win,9,13,,21,6659.54073415574,665.954073415574,0.6,H,T,Lose,14,8,,21,8139.43867507924,813.9438675079241,0.5,H,T,Lose,11,11,,21,6659.540734155743,665.9540734155744,0.6,H,H,Win,13,9,,21,6659.540734155742,665.9540734155743,0.6,H,H,Win,14,8,,21,8139.438675079239,813.943867507924,0.5,H,T,Lose,12,10,,21,9948.202825096843,994.8202825096844,0.5,H,H,Win,12,10,,21,9948.202825096849,994.820282509685,0.5,H,T,Lose,11,11,,21,9948.20282509685,994.8202825096851,0.6,H,T,Lose,13,9,,21,8139.438675079237,813.9438675079238,0.5,H,H,Win,11,11,,21,8139.438675079237,813.9438675079238,0.6,T,H,Lose,13,9,,21,9948.202825096845,994.8202825096846,0.5,H,H,Win,12,10,,21,12158.91456400726,1215.8914564007262,0.7,H,H,Win,16,6,,21,6659.540734155739,665.9540734155739,0.5,T,H,Lose,10,12,,21,8139.438675079239,813.943867507924,0.5,T,H,Lose,11,11,,21,18163.31681783801,1816.3316817838013,0.3,T,T,Win,7,15,,21,6659.540734155744,665.9540734155744,0.5,T,T,Win,10,12,,21,14860.895578231099,1486.08955782311,0.4,T,H,Lose,8,14,,21,9948.20282509685,994.8202825096851,0.5,H,H,Win,12,10,,21,9948.20282509685,994.8202825096851,0.4,T,T,Win,9,13,,21,5448.715146127426,544.8715146127427,0.6,H,H,Win,13,9,,21,8139.438675079241,813.9438675079241,0.5,T,H,Lose,12,10,,21,14860.895578231095,1486.0895578231095,0.3,T,T,Win,6,16,,21,12158.914564007262,1215.8914564007262,0.4,T,T,Win,8,14,,21,4458.039665013348,445.8039665013348,0.5,T,T,Win,12,10,,21,8139.438675079239,813.943867507924,0.5,T,H,Lose,12,10,,21,27132.855987140734,2713.285598714074,0.3,T,H,Lose,7,15,,21,12158.914564007257,1215.8914564007257,0.4,T,H,Lose,9,13,,21,6659.540734155741,665.9540734155742,0.6,T,H,Lose,13,9,,21,8139.438675079239,813.943867507924,0.5,T,T,Win,10,12,,21,22199.609444024234,2219.9609444024236,0.3,T,H,Lose,6,16,,21,14860.895578231099,1486.08955782311,0.4,T,H,Lose,8,14,,21,9948.202825096849,994.820282509685,0.5,H,H,Win,11,11,,21,6659.540734155741,665.9540734155742,0.5,H,T,Lose,10,12,,21,14860.895578231097,1486.0895578231098,0.8,H,H,Win,17,5,,21,12158.914564007262,1215.8914564007262,0.3,T,T,Win,7,15,,21,18163.31681783801,1816.3316817838013,0.7,H,T,Lose,15,7,,21,12158.914564007258,1215.891456400726,0.4,T,H,Lose,9,13,,21,9948.20282509685,994.8202825096851,0.6,H,T,Lose,14,8,,21,14860.895578231097,1486.0895578231098,0.5,T,T,Win,11,11,,21,14860.895578231099,1486.08955782311,0.6,H,T,Lose,14,8,,21,9948.202825096847,994.8202825096847,0.6,T,H,Lose,13,9,,21,5448.715146127423,544.8715146127423,0.6,T,H,Lose,13,9,,21,9948.20282509685,994.8202825096851,0.5,T,H,Lose,11,11,,21,22199.60944402423,2219.960944402423,0.7,H,T,Lose,16,6,,21,8139.438675079239,813.943867507924,0.5,H,T,Lose,10,12,,21,6659.54073415574,665.954073415574,0.6,H,H,Win,14,8,,21,14860.895578231099,1486.08955782311,0.4,T,H,Lose,8,14,,21,6659.540734155739,665.9540734155739,0.5,T,H,Lose,11,11,,21,12158.91456400726,1215.8914564007262,0.7,H,H,Win,16,6,,21,5448.715146127425,544.8715146127425,0.5,H,T,Lose,12,10,,21,9948.20282509685,994.8202825096851,0.6,H,H,Win,13,9,,21,14860.895578231097,1486.0895578231098,0.4,T,H,Lose,8,14,,21,9948.202825096849,994.820282509685,0.5,H,T,Lose,12,10,,21,14860.895578231099,1486.08955782311,0.4,T,T,Win,8,14,,21,5448.715146127424,544.8715146127424,0.6,T,H,Lose,13,9,,21,6659.540734155742,665.9540734155743,0.5,H,T,Lose,12,10,,21,4458.039665013348,445.8039665013348,0.5,T,H,Lose,11,11,,21,12158.91456400726,1215.8914564007262,0.5,T,T,Win,11,11,,21,22199.609444024238,2219.960944402424,0.7,H,H,Win,16,6,,21,27132.85598714073,2713.2855987140733,0.3,T,H,Lose,6,16,,21,9948.202825096845,994.8202825096846,0.4,T,T,Win,8,14,,21,12158.91456400726,1215.8914564007262,0.5,T,H,Lose,10,12,,21,6659.540734155744,665.9540734155744,0.4,T,T,Win,8,14,,21,9948.202825096845,994.8202825096846,0.4,T,H,Lose,9,13,,21,12158.91456400726,1215.8914564007262,0.5,H,H,Win,12,10,,21,18163.31681783801,1816.3316817838013,0.3,T,T,Win,6,16,,21,18163.31681783801,1816.3316817838013,0.3,T,T,Win,6,16,,21,5448.715146127426,544.8715146127427,0.5,H,H,Win,11,11,,21,14860.895578231099,1486.08955782311,0.6,H,H,Win,14,8,,21,12158.914564007264,1215.8914564007264,0.5,H,H,Win,11,11,,21,9948.202825096849,994.820282509685,0.5,H,T,Lose,12,10,,21,9948.202825096847,994.8202825096847,0.5,T,T,Win,12,10,,21,9948.20282509685,994.8202825096851,0.6,H,H,Win,14,8,,21,2984.3075443477774,298.4307544347777,0.5,H,T,Lose,11,11,,21,9948.202825096847,994.8202825096847,0.4,T,T,Win,9,13,,21,4458.039665013348,445.8039665013348,0.5,T,T,Win,12,10,,21,3647.486998647285,364.7486998647285,0.5,H,H,Win,12,10,,21,12158.91456400726,1215.8914564007262,0.4,T,T,Win,8,14,,21,12158.91456400726,1215.8914564007262,0.4,T,T,Win,8,14,,21,18163.316817838007,1816.3316817838008,0.7,H,H,Win,16,6,,21,5448.715146127425,544.8715146127425,0.5,H,T,Lose,11,11,,21,5448.715146127426,544.8715146127427,0.5,T,T,Win,11,11,,21,12158.91456400726,1215.8914564007262,0.4,T,T,Win,8,14,,21,33162.37953983867,3316.2379539838676,0.3,T,H,Lose,6,16,,21,8139.43867507924,813.9438675079241,0.5,H,H,Win,12,10,,21,12158.91456400726,1215.8914564007262,0.4,T,T,Win,8,14,,21,14860.895578231095,1486.0895578231095,0.7,H,H,Win,15,7,,21,12158.91456400726,1215.8914564007262,0.4,T,H,Lose,9,13,,21,12158.914564007262,1215.8914564007262,0.5,T,H,Lose,10,12,,21,12158.91456400726,1215.8914564007262,0.6,H,T,Lose,14,8,,21,3647.486998647286,364.7486998647286,0.4,T,T,Win,9,13,,21,12158.91456400726,1215.8914564007262,0.5,T,H,Lose,10,12,,21,9948.202825096847,994.8202825096847,0.4,T,T,Win,9,13,,21,12158.914564007264,1215.8914564007264,0.6,H,T,Lose,14,8,,21,6659.540734155739,665.9540734155739,0.5,H,T,Lose,10,12,,21,6659.540734155741,665.9540734155742,0.5,H,T,Lose,11,11,,21,18163.316817838004,1816.3316817838004,0.7,H,H,Win,16,6,,21,18163.31681783801,1816.3316817838013,0.3,T,H,Lose,7,15,,21,8139.438675079239,813.943867507924,0.4,T,T,Win,9,13,,21,14860.895578231099,1486.08955782311,0.4,T,H,Lose,8,14,,21,5448.715146127424,544.8715146127424,0.5,H,T,Lose,10,12,,21,8139.438675079239,813.943867507924,0.6,H,H,Win,14,8,,21,9948.202825096847,994.8202825096847,0.4,T,T,Win,9,13,,21,5448.715146127426,544.8715146127427,0.5,T,H,Lose,10,12,,21,22199.609444024238,2219.960944402424,0.4,T,H,Lose,8,14,,21,4458.039665013348,445.8039665013348,0.6,H,T,Lose,13,9,,21,5448.715146127426,544.8715146127427,0.5,H,H,Win,11,11,,21,8139.438675079237,813.9438675079238,0.5,T,H,Lose,11,11,,21,14860.895578231093,1486.0895578231093,0.4,T,T,Win,8,14,,21,8139.438675079242,813.9438675079242,0.5,H,H,Win,12,10,,21,8139.438675079237,813.9438675079238,0.6,H,T,Lose,13,9,,21,9948.202825096849,994.820282509685,0.5,T,H,Lose,10,12,,21,4458.039665013348,445.8039665013348,0.5,H,T,Lose,11,11,,21,6659.540734155741,665.9540734155742,0.4,T,T,Win,9,13,,21,8139.438675079239,813.943867507924,0.6,H,H,Win,13,9,,21,8139.438675079239,813.943867507924,0.5,T,T,Win,10,12,,21,6659.540734155742,665.9540734155743,0.5,H,H,Win,11,11,,21,6659.540734155739,665.9540734155739,0.5,H,T,Lose,12,10,,21,9948.20282509685,994.8202825096851,0.5,T,H,Lose,11,11,,21,6659.540734155742,665.9540734155743,0.6,H,T,Lose,13,9,,21,6659.540734155743,665.9540734155744,0.6,T,H,Lose,13,9,,21,18163.316817838007,1816.3316817838008,0.6,H,T,Lose,14,8,,21,12158.914564007257,1215.8914564007257,0.6,H,T,Lose,14,8,,21,9948.202825096847,994.8202825096847,0.4,T,T,Win,9,13,,21,9948.202825096847,994.8202825096847,0.5,T,T,Win,12,10,,21,4458.039665013348,445.8039665013348,0.5,T,H,Lose,11,11,,21,18163.31681783801,1816.3316817838013,0.3,T,T,Win,6,16,,21,12158.91456400726,1215.8914564007262,0.4,T,T,Win,8,14,,21,8139.438675079237,813.9438675079238,0.6,H,H,Win,14,8,,21,12158.914564007258,1215.891456400726,0.6,H,T,Lose,13,9,,21,6659.540734155744,665.9540734155744,0.6,H,H,Win,13,9,,21,14860.895578231097,1486.0895578231098,0.4,T,H,Lose,8,14,,21,14860.895578231095,1486.0895578231095,0.7,H,H,Win,16,6,,21,14860.895578231095,1486.0895578231095,0.6,H,H,Win,14,8,,21,12158.914564007258,1215.891456400726,0.4,T,H,Lose,8,14,,21,8139.438675079237,813.9438675079238,0.5,T,H,Lose,11,11,,21,27132.855987140727,2713.285598714073,0.7,H,T,Lose,16,6,,21,4458.039665013348,445.8039665013348,0.5,H,T,Lose,11,11,,21,18163.31681783801,1816.3316817838013,0.7,H,H,Win,16,6,,21,4458.039665013348,445.8039665013348,0.5,H,T,Lose,12,10,,21,5448.715146127424,544.8715146127424,0.5,H,T,Lose,11,11,,21,14860.895578231099,1486.08955782311,0.6,H,T,Lose,13,9,,21,14860.895578231099,1486.08955782311,0.4,T,H,Lose,8,14,,21,14860.895578231093,1486.0895578231093,0.4,T,H,Lose,8,14,,21,14860.895578231093,1486.0895578231093,0.4,T,T,Win,9,13,,21,3647.4869986472836,364.7486998647284,0.5,H,T,Lose,11,11,,21,6659.540734155743,665.9540734155744,0.4,T,T,Win,9,13,,21,14860.895578231095,1486.0895578231095,0.3,T,T,Win,7,15,,21,12158.914564007264,1215.8914564007264,0.5,T,H,Lose,10,12,,21,9948.20282509685,994.8202825096851,0.6,H,T,Lose,14,8,,21,9948.202825096847,994.8202825096847,0.5,T,H,Lose,12,10,,21,4458.039665013348,445.8039665013348,0.5,T,H,Lose,11,11,,21,8139.438675079239,813.943867507924,0.6,H,H,Win,14,8,,21,6659.540734155744,665.9540734155744,0.6,H,T,Lose,13,9,,21,8139.438675079237,813.9438675079238,0.6,H,H,Win,14,8,,21,2984.3075443477783,298.43075443477784,0.5,H,H,Win,12,10,,21,9948.20282509685,994.8202825096851,0.4,T,T,Win,9,13,,21,12158.91456400726,1215.8914564007262,0.4,T,T,Win,9,13,,21,27132.855987140734,2713.285598714074,0.3,T,T,Win,6,16,,21,12158.914564007262,1215.8914564007262,0.4,T,H,Lose,9,13,,21,2984.3075443477783,298.43075443477784,0.5,H,H,Win,11,11,,21,14860.895578231093,1486.0895578231093,0.5,H,T,Lose,11,11,,21,9948.202825096852,994.8202825096853,0.5,T,H,Lose,10,12,,21,8139.438675079241,813.9438675079241,0.6,H,H,Win,14,8,,21,14860.895578231099,1486.08955782311,0.6,H,T,Lose,14,8,,21,5448.715146127425,544.8715146127425,0.5,H,T,Lose,12,10,,21,8139.438675079241,813.9438675079241,0.5,T,T,Win,10,12,,21,14860.895578231093,1486.0895578231093,0.7,H,T,Lose,15,7,,21,6659.54073415574,665.954073415574,0.5,T,H,Lose,12,10,,21,8139.438675079241,813.9438675079241,0.4,T,T,Win,9,13,,21,14860.895578231095,1486.0895578231095,0.3,T,H,Lose,7,15,,21,12158.914564007257,1215.8914564007257,0.4,T,T,Win,8,14,,21,18163.316817838007,1816.3316817838008,0.3,T,T,Win,6,16,,21,22199.60944402423,2219.960944402423,0.3,T,H,Lose,7,15,,21,9948.202825096852,994.8202825096853,0.4,T,T,Win,9,13,,21,9948.202825096845,994.8202825096846,0.4,T,T,Win,9,13,,21,22199.609444024234,2219.9609444024236,0.3,T,H,Lose,6,16,,21,6659.540734155741,665.9540734155742,0.6,H,H,Win,13,9,,21,8139.438675079239,813.943867507924,0.5,T,H,Lose,10,12,,21,22199.60944402423,2219.960944402423,0.3,T,H,Lose,7,15,,21,4458.039665013348,445.8039665013348,0.5,T,T,Win,10,12,,21,8139.438675079239,813.943867507924,0.5,T,H,Lose,11,11,,21,6659.540734155739,665.9540734155739,0.5,T,T,Win,11,11,,21,12158.91456400726,1215.8914564007262,0.4,T,T,Win,9,13,,21,6659.540734155741,665.9540734155742,0.5,H,T,Lose,11,11,,21,12158.914564007264,1215.8914564007264,0.4,T,T,Win,8,14,,21,3647.486998647285,364.7486998647285,0.5,T,H,Lose,12,10,,21,9948.202825096845,994.8202825096846,0.5,T,H,Lose,10,12,,21,8139.438675079239,813.943867507924,0.5,T,T,Win,10,12,,21,4458.039665013347,445.80396650133474,0.5,H,H,Win,12,10,,21,6659.540734155741,665.9540734155742,0.5,H,T,Lose,11,11,,21,12158.914564007255,1215.8914564007255,0.6,H,H,Win,14,8,,21,18163.316817838004,1816.3316817838004,0.3,T,H,Lose,7,15,,21,3647.486998647285,364.7486998647285,0.6,T,H,Lose,13,9,,21,9948.202825096845,994.8202825096846,0.6,H,H,Win,13,9,,21,12158.914564007264,1215.8914564007264,0.5,T,H,Lose,10,12,,21,22199.60944402423,2219.960944402423,0.3,T,H,Lose,7,15,,21,5448.715146127425,544.8715146127425,0.5,H,H,Win,11,11,,21,6659.540734155741,665.9540734155742,0.5,H,H,Win,12,10,,21,3647.4869986472845,364.74869986472845,0.5,H,H,Win,11,11,,21,14860.895578231095,1486.0895578231095,0.6,H,T,Lose,13,9,,21,6659.540734155741,665.9540734155742,0.5,H,T,Lose,11,11,,21,14860.895578231093,1486.0895578231093,0.6,H,H,Win,14,8,,21,5448.715146127426,544.8715146127427,0.6,H,H,Win,13,9,,21,27132.855987140727,2713.285598714073,0.3,T,H,Lose,7,15,,21,6659.540734155742,665.9540734155743,0.6,H,H,Win,13,9,,21,5448.715146127426,544.8715146127427,0.5,H,H,Win,12,10,,21,12158.91456400726,1215.8914564007262,0.7,H,H,Win,15,7,,21,18163.31681783801,1816.3316817838013,0.4,T,H,Lose,8,14,,21,3647.486998647284,364.74869986472845,0.5,H,H,Win,12,10,,21,8139.438675079239,813.943867507924,0.5,T,H,Lose,12,10,,21,9948.202825096847,994.8202825096847,0.5,H,H,Win,12,10,,21,6659.540734155741,665.9540734155742,0.6,T,H,Lose,13,9,,21,14860.895578231097,1486.0895578231098,0.6,H,H,Win,14,8,,21,4458.039665013348,445.8039665013348,0.5,H,H,Win,11,11,,21,14860.895578231099,1486.08955782311,0.7,H,H,Win,15,7,,21,14860.895578231099,1486.08955782311,0.4,T,H,Lose,9,13,,21,12158.914564007258,1215.891456400726,0.6,T,H,Lose,13,9,,21,8139.438675079241,813.9438675079241,0.4,T,T,Win,9,13,,21,8139.438675079241,813.9438675079241,0.6,H,T,Lose,13,9,,21,8139.438675079241,813.9438675079241,0.5,H,T,Lose,10,12,,21,22199.60944402423,2219.960944402423,0.7,H,H,Win,16,6,,21,8139.438675079239,813.943867507924,0.5,T,T,Win,12,10,,21,14860.895578231095,1486.0895578231095,0.4,T,H,Lose,8,14,,21,12158.914564007264,1215.8914564007264,0.6,H,H,Win,14,8,,21,14860.895578231095,1486.0895578231095,0.3,T,T,Win,7,15,,21,9948.20282509685,994.8202825096851,0.4,T,T,Win,9,13,,21,5448.715146127426,544.8715146127427,0.5,T,T,Win,11,11,,21,22199.609444024227,2219.9609444024227,0.3,T,T,Win,7,15,,21,5448.715146127424,544.8715146127424,0.5,T,T,Win,11,11,,21,9948.202825096845,994.8202825096846,0.5,T,H,Lose,11,11,,21,22199.609444024234,2219.9609444024236,0.3,T,H,Lose,6,16,,21,8139.438675079239,813.943867507924,0.4,T,T,Win,9,13,,21,6659.54073415574,665.954073415574,0.5,H,T,Lose,11,11,,21,4458.039665013348,445.8039665013348,0.5,T,T,Win,11,11,,21,8139.438675079239,813.943867507924,0.5,T,T,Win,10,12,,21,6659.540734155743,665.9540734155744,0.5,T,H,Lose,12,10,,21,12158.914564007264,1215.8914564007264,0.6,H,T,Lose,13,9,,21,12158.914564007258,1215.891456400726,0.5,H,T,Lose,11,11,,21,4458.039665013348,445.8039665013348,0.4,T,T,Win,9,13,,21,9948.20282509685,994.8202825096851,0.5,T,T,Win,12,10,,21,12158.914564007264,1215.8914564007264,0.6,H,H,Win,14,8,,21,3647.486998647285,364.7486998647285,0.5,H,T,Lose,11,11,,21,6659.540734155741,665.9540734155742,0.6,H,H,Win,13,9,,21,5448.715146127424,544.8715146127424,0.6,H,H,Win,13,9,,21,4458.039665013347,445.80396650133474,0.5,T,H,Lose,12,10,,21,8139.438675079241,813.9438675079241,0.5,H,T,Lose,12,10,,21,12158.91456400726,1215.8914564007262,0.6,H,T,Lose,13,9,,21,9948.20282509685,994.8202825096851,0.5,H,T,Lose,10,12,,21,14860.895578231093,1486.0895578231093,0.4,T,H,Lose,8,14,,21,9948.20282509685,994.8202825096851,0.6,T,H,Lose,13,9,,21,9948.20282509685,994.8202825096851,0.4,T,H,Lose,8,14,,21,18163.316817838007,1816.3316817838008,0.7,H,H,Win,16,6,,21,6659.540734155739,665.9540734155739,0.5,H,T,Lose,10,12,,21,27132.855987140734,2713.285598714074,0.2,T,T,Win,4,18,,21,6659.540734155743,665.9540734155744,0.5,T,T,Win,12,10,,21,8139.438675079239,813.943867507924,0.5,H,T,Lose,11,11,,21,8139.438675079242,813.9438675079242,0.5,H,H,Win,11,11,,21,5448.715146127426,544.8715146127427,0.5,T,T,Win,11,11,,21,9948.202825096849,994.820282509685,0.5,T,H,Lose,11,11,,21,8139.438675079241,813.9438675079241,0.5,H,T,Lose,12,10,,21,8139.438675079241,813.9438675079241,0.5,H,H,Win,11,11,,21,6659.540734155742,665.9540734155743,0.5,T,T,Win,11,11,,21,4458.039665013348,445.8039665013348,0.5,H,T,Lose,10,12,,21,8139.438675079239,813.943867507924,0.5,H,T,Lose,11,11,,21,12158.914564007262,1215.8914564007262,0.6,H,H,Win,14,8,,21,14860.895578231097,1486.0895578231098,0.7,H,H,Win,15,7,,21,9948.202825096852,994.8202825096853,0.4,T,T,Win,9,13,,21,9948.20282509685,994.8202825096851,0.4,T,T,Win,9,13,,21,9948.20282509685,994.8202825096851,0.4,T,T,Win,9,13,,21,9948.202825096845,994.8202825096846,0.5,T,H,Lose,10,12,,21,18163.316817838004,1816.3316817838004,0.4,T,T,Win,8,14,,21,18163.316817838007,1816.3316817838008,0.4,T,T,Win,8,14,,21,8139.438675079239,813.943867507924,0.5,H,T,Lose,11,11,,21,6659.540734155743,665.9540734155744,0.5,T,H,Lose,12,10,,21,9948.202825096849,994.820282509685,0.5,T,H,Lose,10,12,,21,6659.540734155744,665.9540734155744,0.6,H,T,Lose,13,9,,21,6659.540734155741,665.9540734155742,0.5,T,H,Lose,10,12,,21,9948.202825096845,994.8202825096846,0.5,T,H,Lose,10,12,,21,5448.715146127424,544.8715146127424,0.6,H,T,Lose,13,9,,21,5448.715146127423,544.8715146127423,0.6,H,H,Win,14,8,,21,9948.20282509685,994.8202825096851,0.5,T,H,Lose,10,12,,21,2984.3075443477783,298.43075443477784,0.5,T,H,Lose,11,11,,21,8139.438675079238,813.9438675079239,0.5,T,H,Lose,10,12,,21,14860.895578231095,1486.0895578231095,0.4,T,T,Win,8,14,,21,8139.438675079241,813.9438675079241,0.4,T,T,Win,9,13,,21,12158.914564007264,1215.8914564007264,0.6,H,H,Win,14,8,,21,8139.438675079239,813.943867507924,0.4,T,H,Lose,8,14,,21,18163.31681783801,1816.3316817838013,0.4,T,H,Lose,8,14,,21,9948.20282509685,994.8202825096851,0.5,T,T,Win,12,10,,21,12158.91456400726,1215.8914564007262,0.6,H,H,Win,13,9,,21,12158.914564007258,1215.891456400726,0.4,T,T,Win,8,14,,21,9948.20282509685,994.8202825096851,0.5,T,T,Win,12,10,,21,9948.202825096847,994.8202825096847,0.4,T,T,Win,8,14,,21,4458.039665013348,445.8039665013348,0.5,H,T,Lose,11,11,,21,8139.438675079241,813.9438675079241,0.5,H,T,Lose,11,11,,21,6659.54073415574,665.954073415574,0.5,T,T,Win,10,12,,21,12158.914564007257,1215.8914564007257,0.5,H,T,Lose,10,12,,21,6659.540734155742,665.9540734155743,0.4,T,T,Win,9,13,,21,14860.895578231095,1486.0895578231095,0.6,H,T,Lose,14,8,,21,9948.202825096847,994.8202825096847,0.5,T,H,Lose,10,12,,21,8139.438675079239,813.943867507924,0.6,T,H,Lose,13,9,,21,22199.609444024234,2219.9609444024236,0.3,T,H,Lose,6,16,,21,6659.54073415574,665.954073415574,0.6,H,T,Lose,13,9,,21,5448.715146127423,544.8715146127423,0.6,H,H,Win,14,8,,21,18163.31681783801,1816.3316817838013,0.6,H,T,Lose,13,9,,21,6659.540734155744,665.9540734155744,0.4,T,T,Win,9,13,,21,8139.438675079241,813.9438675079241,0.6,H,H,Win,14,8,,21,14860.895578231099,1486.08955782311,0.6,H,H,Win,14,8,,21,6659.540734155741,665.9540734155742,0.5,H,H,Win,12,10,,21,9948.202825096849,994.820282509685,0.5,T,H,Lose,10,12,,21,12158.91456400726,1215.8914564007262,0.4,T,H,Lose,9,13,,21,6659.540734155743,665.9540734155744,0.5,H,H,Win,11,11,,21,9948.202825096845,994.8202825096846,0.5,H,T,Lose,11,11,,21,14860.895578231099,1486.08955782311,0.3,T,T,Win,7,15,,21,12158.914564007255,1215.8914564007255,0.4,T,H,Lose,9,13,,21,12158.914564007258,1215.891456400726,0.7,H,H,Win,16,6,,21,14860.895578231099,1486.08955782311,0.4,T,H,Lose,9,13,,21,8139.438675079241,813.9438675079241,0.5,H,H,Win,11,11,,21,12158.914564007262,1215.8914564007262,0.5,T,T,Win,10,12,,21,8139.438675079239,813.943867507924,0.4,T,T,Win,8,14,,21,5448.715146127423,544.8715146127423,0.6,H,T,Lose,13,9,,21,14860.895578231095,1486.0895578231095,0.3,T,T,Win,7,15,,21,6659.540734155741,665.9540734155742,0.5,H,H,Win,11,11,,21,5448.7151461274225,544.8715146127423,0.5,H,T,Lose,11,11,,21,6659.540734155741,665.9540734155742,0.5,H,T,Lose,10,12,,21,9948.202825096845,994.8202825096846,0.6,H,T,Lose,13,9,,21,14860.895578231095,1486.0895578231095,0.4,T,H,Lose,8,14,,21,9948.202825096847,994.8202825096847,0.5,T,H,Lose,12,10,,21,5448.715146127424,544.8715146127424,0.5,H,H,Win,11,11,,21,6659.540734155744,665.9540734155744,0.5,T,H,Lose,12,10,,21,12158.914564007257,1215.8914564007257,0.5,T,T,Win,10,12,,21,14860.895578231095,1486.0895578231095,0.6,H,T,Lose,13,9,,21,9948.20282509685,994.8202825096851,0.6,H,H,Win,13,9,,21,14860.895578231099,1486.08955782311,0.3,T,T,Win,7,15,,21,14860.895578231095,1486.0895578231095,0.4,T,T,Win,9,13,,21,12158.91456400726,1215.8914564007262,0.6,H,H,Win,14,8,,21,12158.914564007257,1215.8914564007257,0.6,H,T,Lose,14,8,,21,8139.438675079241,813.9438675079241,0.5,T,H,Lose,12,10,,21,14860.895578231099,1486.08955782311,0.4,T,H,Lose,8,14,,21,8139.438675079237,813.9438675079238,0.5,H,T,Lose,10,12,,21,5448.7151461274225,544.8715146127423,0.5,T,H,Lose,10,12,,21,4458.039665013348,445.8039665013348,0.5,H,T,Lose,10,12,,21,8139.438675079241,813.9438675079241,0.5,T,T,Win,12,10,,21,5448.715146127424,544.8715146127424,0.5,H,H,Win,12,10,,21,8139.438675079239,813.943867507924,0.5,T,H,Lose,10,12,,21,3647.486998647285,364.7486998647285,0.5,T,H,Lose,12,10,,21,5448.715146127425,544.8715146127425,0.6,H,H,Win,13,9,,21,12158.914564007257,1215.8914564007257,0.5,H,H,Win,11,11,,21,6659.540734155744,665.9540734155744,0.5,H,H,Win,11,11,,21,12158.914564007258,1215.891456400726,0.4,T,H,Lose,9,13,,21,8139.438675079241,813.9438675079241,0.6,T,H,Lose,13,9,,21,22199.609444024227,2219.9609444024227,0.3,T,H,Lose,6,16,,21,6659.540734155743,665.9540734155744,0.5,H,T,Lose,12,10,,21,8139.438675079241,813.9438675079241,0.6,H,T,Lose,14,8,,21,12158.914564007264,1215.8914564007264,0.4,T,T,Win,8,14,,21,8139.438675079239,813.943867507924,0.5,H,H,Win,11,11,,21,18163.31681783801,1816.3316817838013,0.3,T,T,Win,7,15,,21,8139.438675079239,813.943867507924,0.6,H,H,Win,14,8,,21,5448.715146127425,544.8715146127425,0.5,T,H,Lose,11,11,,21,8139.438675079239,813.943867507924,0.5,H,H,Win,12,10,,21,12158.91456400726,1215.8914564007262,0.4,T,H,Lose,9,13,,21,9948.202825096845,994.8202825096846,0.5,T,H,Lose,10,12,,21,4458.039665013347,445.80396650133474,0.5,H,T,Lose,10,12,,21,6659.540734155744,665.9540734155744,0.4,T,T,Win,9,13,,21,12158.91456400726,1215.8914564007262,0.4,T,T,Win,8,14,,21,14860.895578231095,1486.0895578231095,0.8,H,H,Win,17,5,,21,5448.715146127426,544.8715146127427,0.5,H,T,Lose,12,10,,21,14860.895578231099,1486.08955782311,0.4,T,H,Lose,8,14,,21,12158.914564007258,1215.891456400726,0.5,H,H,Win,11,11,,21,14860.895578231097,1486.0895578231098,0.4,T,H,Lose,8,14,,21,12158.914564007258,1215.891456400726,0.4,T,T,Win,8,14,,21,6659.540734155739,665.9540734155739,0.5,H,H,Win,11,11,,21,8139.438675079239,813.943867507924,0.4,T,H,Lose,9,13,,21,27132.855987140734,2713.285598714074,0.8,H,H,Win,17,5,,21,14860.895578231099,1486.08955782311,0.4,T,H,Lose,8,14,,21,14860.895578231097,1486.0895578231098,0.4,T,T,Win,9,13,,21,12158.91456400726,1215.8914564007262,0.6,H,H,Win,14,8,,21,8139.438675079239,813.943867507924,0.6,H,T,Lose,13,9,,21,2984.3075443477783,298.43075443477784,0.5,T,T,Win,11,11,,21,8139.438675079239,813.943867507924,0.5,T,T,Win,11,11,,21,18163.316817838007,1816.3316817838008,0.3,T,H,Lose,7,15,,21,14860.895578231099,1486.08955782311,0.6,H,T,Lose,14,8,,21,9948.20282509685,994.8202825096851,0.4,T,T,Win,9,13,,21,9948.20282509685,994.8202825096851,0.7,H,H,Win,15,7,,21,8139.438675079239,813.943867507924,0.5,T,T,Win,11,11,,21,12158.91456400726,1215.8914564007262,0.4,T,T,Win,8,14,,21,14860.895578231099,1486.08955782311,0.4,T,T,Win,8,14,,21,8139.43867507924,813.9438675079241,0.6,H,T,Lose,13,9,,21,8139.438675079237,813.9438675079238,0.6,T,H,Lose,13,9,,21,14860.895578231095,1486.0895578231095,0.7,H,H,Win,15,7,,21,14860.895578231099,1486.08955782311,0.5,H,T,Lose,10,12,,21,5448.715146127424,544.8715146127424,0.5,T,T,Win,10,12,,21,12158.914564007258,1215.891456400726,0.4,T,H,Lose,9,13,,21,8139.438675079239,813.943867507924,0.5,H,T,Lose,12,10,,21,5448.715146127427,544.8715146127428,0.4,T,T,Win,9,13,,21,12158.914564007264,1215.8914564007264,0.5,H,H,Win,11,11,,21,2984.3075443477787,298.4307544347779,0.5,H,H,Win,11,11,,21,3647.486998647284,364.74869986472845,0.5,H,H,Win,12,10,,21,5448.715146127425,544.8715146127425,0.5,H,T,Lose,12,10,,21,12158.91456400726,1215.8914564007262,0.4,T,H,Lose,9,13,,21,8139.438675079241,813.9438675079241,0.7,H,H,Win,15,7,,21,14860.895578231099,1486.08955782311,0.6,H,H,Win,14,8,,21,5448.715146127426,544.8715146127427,0.5,T,T,Win,12,10,,21,14860.895578231095,1486.0895578231095,0.7,H,T,Lose,15,7,,21,12158.914564007262,1215.8914564007262,0.5,T,T,Win,12,10,,21,12158.91456400726,1215.8914564007262,0.6,H,H,Win,14,8,,21,4458.039665013348,445.8039665013348,0.5,H,H,Win,12,10,,21,9948.20282509685,994.8202825096851,0.5,T,T,Win,10,12,,21,12158.914564007264,1215.8914564007264,0.4,T,T,Win,8,14,,21,9948.202825096845,994.8202825096846,0.5,T,H,Lose,10,12,,21,12158.914564007255,1215.8914564007255,0.4,T,H,Lose,9,13,,21,14860.895578231102,1486.0895578231102,0.4,T,H,Lose,8,14,,21,12158.914564007258,1215.891456400726,0.4,T,H,Lose,9,13,,21,14860.895578231099,1486.08955782311,0.4,T,H,Lose,9,13,,21,8139.438675079241,813.9438675079241,0.5,T,T,Win,10,12,,21,12158.91456400726,1215.8914564007262,0.6,H,H,Win,14,8,,21,6659.540734155743,665.9540734155744,0.5,T,T,Win,12,10,,21,12158.914564007264,1215.8914564007264,0.5,T,T,Win,10,12,,21,9948.20282509685,994.8202825096851,0.5,T,T,Win,10,12,,21,9948.202825096847,994.8202825096847,0.5,T,H,Lose,10,12,,21,4458.039665013348,445.8039665013348,0.5,H,H,Win,12,10,,21,14860.895578231095,1486.0895578231095,0.6,H,H,Win,13,9,,21,8139.438675079237,813.9438675079238,0.5,T,T,Win,12,10,,21,9948.20282509685,994.8202825096851,0.4,T,T,Win,9,13,,21,9948.202825096847,994.8202825096847,0.5,T,H,Lose,12,10,,21,8139.438675079241,813.9438675079241,0.6,H,H,Win,14,8,,21,9948.20282509685,994.8202825096851,0.4,T,T,Win,9,13,,21,12158.914564007255,1215.8914564007255,0.4,T,H,Lose,9,13,,21,22199.60944402423,2219.960944402423,0.7,H,T,Lose,15,7,,21,6659.540734155741,665.9540734155742,0.5,T,H,Lose,12,10,,21,9948.202825096847,994.8202825096847,0.6,H,T,Lose,13,9,,21,8139.438675079239,813.943867507924,0.6,H,H,Win,13,9,,21,8139.438675079237,813.9438675079238,0.5,H,T,Lose,10,12,,21,12158.91456400726,1215.8914564007262,0.5,T,H,Lose,10,12,,21,14860.895578231095,1486.0895578231095,0.3,T,T,Win,7,15,,21,18163.31681783801,1816.3316817838013,0.3,T,T,Win,7,15,,21,3647.486998647284,364.74869986472845,0.5,T,H,Lose,12,10,,21,8139.438675079239,813.943867507924,0.6,T,H,Lose,13,9,,21,22199.60944402423,2219.960944402423,0.7,H,H,Win,16,6,,21,9948.20282509685,994.8202825096851,0.5,H,H,Win,11,11,,21,6659.540734155741,665.9540734155742,0.5,T,H,Lose,12,10,,21,8139.438675079237,813.9438675079238,0.6,H,H,Win,14,8,,21,12158.91456400726,1215.8914564007262,0.4,T,T,Win,8,14,,21,22199.609444024227,2219.9609444024227,0.3,T,T,Win,7,15,,21,9948.20282509685,994.8202825096851,0.5,T,H,Lose,10,12,,21,8139.438675079241,813.9438675079241,0.5,T,H,Lose,10,12,,21,9948.20282509685,994.8202825096851,0.4,T,T,Win,9,13,,21,8139.438675079238,813.9438675079239,0.5,T,H,Lose,10,12,,21,4458.039665013348,445.8039665013348,0.5,T,T,Win,10,12,,21,9948.202825096847,994.8202825096847,0.5,T,H,Lose,10,12,,21,12158.914564007264,1215.8914564007264,0.6,H,H,Win,14,8,,21,18163.31681783801,1816.3316817838013,0.4,T,H,Lose,9,13,,21,9948.20282509685,994.8202825096851,0.4,T,T,Win,9,13,,21,9948.202825096847,994.8202825096847,0.6,H,H,Win,14,8,,21,6659.540734155739,665.9540734155739,0.4,T,H,Lose,9,13,,21,9948.20282509685,994.8202825096851,0.6,H,H,Win,13,9,,21,8139.438675079241,813.9438675079241,0.5,H,H,Win,11,11,,21,27132.855987140727,2713.285598714073,0.8,H,H,Win,17,5,,21,9948.202825096847,994.8202825096847,0.6,H,H,Win,14,8,,21,9948.202825096847,994.8202825096847,0.5,H,H,Win,11,11,,21,9948.202825096847,994.8202825096847,0.7,H,H,Win,15,7,,21,9948.202825096843,994.8202825096844,0.5,H,T,Lose,11,11,,21,12158.914564007264,1215.8914564007264,0.4,T,T,Win,8,14,,21,14860.895578231099,1486.08955782311,0.3,T,T,Win,7,15,,21,6659.540734155742,665.9540734155743,0.5,H,T,Lose,12,10,,21,3647.486998647285,364.7486998647285,0.5,H,T,Lose,10,12,,21,8139.438675079237,813.9438675079238,0.5,T,T,Win,10,12,,21,14860.895578231097,1486.0895578231098,0.3,T,T,Win,7,15,,21,5448.715146127426,544.8715146127427,0.5,H,T,Lose,12,10,,21,14860.895578231099,1486.08955782311,0.6,H,H,Win,14,8,,21,12158.91456400726,1215.8914564007262,0.5,T,T,Win,11,11,,21,22199.609444024234,2219.9609444024236,0.3,T,T,Win,7,15,,21,14860.895578231099,1486.08955782311,0.5,H,T,Lose,10,12,,21,9948.202825096852,994.8202825096853,0.6,H,T,Lose,13,9,,21,9948.202825096847,994.8202825096847,0.6,H,T,Lose,14,8,,21,14860.895578231097,1486.0895578231098,0.5,T,T,Win,11,11,,21,12158.914564007262,1215.8914564007262,0.6,H,T,Lose,13,9,,21,6659.54073415574,665.954073415574,0.6,H,T,Lose,13,9,,21,6659.540734155741,665.9540734155742,0.5,T,T,Win,12,10,,21,6659.540734155739,665.9540734155739,0.5,H,H,Win,12,10,,21,5448.715146127426,544.8715146127427,0.5,T,H,Lose,12,10,,21,5448.715146127424,544.8715146127424,0.5,H,T,Lose,12,10,,21,6659.540734155744,665.9540734155744,0.4,T,T,Win,9,13,,21,9948.20282509685,994.8202825096851,0.5,T,H,Lose,12,10,,21,14860.895578231097,1486.0895578231098,0.4,T,H,Lose,8,14,,21,12158.91456400726,1215.8914564007262,0.4,T,H,Lose,8,14,,21,9948.20282509685,994.8202825096851,0.5,T,T,Win,11,11,,21,8139.438675079242,813.9438675079242,0.5,T,T,Win,12,10,,21,9948.202825096845,994.8202825096846,0.5,H,H,Win,12,10,,21,9948.202825096847,994.8202825096847,0.4,T,T,Win,9,13,,21,6659.540734155744,665.9540734155744,0.5,T,H,Lose,11,11,,21,12158.914564007258,1215.891456400726,0.6,H,T,Lose,13,9,,21,14860.895578231095,1486.0895578231095,0.4,T,T,Win,8,14,,21,6659.540734155743,665.9540734155744,0.4,T,T,Win,9,13,,21,6659.540734155741,665.9540734155742,0.4,T,T,Win,9,13,,21,4458.039665013349,445.8039665013349,0.6,H,T,Lose,13,9,,21,9948.202825096847,994.8202825096847,0.5,H,T,Lose,11,11,,21,14860.895578231097,1486.0895578231098,0.4,T,T,Win,9,13,,21,5448.715146127426,544.8715146127427,0.5,T,H,Lose,12,10,,21,3647.486998647285,364.7486998647285,0.5,H,H,Win,11,11,,21,4458.039665013347,445.80396650133474,0.5,T,H,Lose,12,10,,21,22199.609444024227,2219.9609444024227,0.7,H,T,Lose,15,7,,21,6659.540734155741,665.9540734155742,0.5,H,T,Lose,10,12,,21,9948.202825096845,994.8202825096846,0.4,T,T,Win,9,13,,21,14860.895578231093,1486.0895578231093,0.4,T,T,Win,9,13,,21,12158.914564007255,1215.8914564007255,0.3,T,T,Win,7,15,,21,6659.540734155741,665.9540734155742,0.5,H,T,Lose,12,10,,21,5448.715146127426,544.8715146127427,0.5,T,T,Win,10,12,,21,8139.438675079237,813.9438675079238,0.5,T,T,Win,12,10,,21,9948.202825096847,994.8202825096847,0.5,T,H,Lose,10,12,,21,18163.31681783801,1816.3316817838013,0.4,T,T,Win,8,14,,21,8139.438675079239,813.943867507924,0.5,H,T,Lose,10,12,,21,5448.715146127426,544.8715146127427,0.5,T,T,Win,10,12,,21,4458.039665013348,445.8039665013348,0.6,H,H,Win,13,9,,21,12158.91456400726,1215.8914564007262,0.5,T,H,Lose,10,12,,21,14860.895578231093,1486.0895578231093,0.6,H,T,Lose,13,9,,21,5448.715146127425,544.8715146127425,0.5,T,H,Lose,12,10,,21,5448.715146127423,544.8715146127423,0.6,H,H,Win,14,8,,21,5448.715146127426,544.8715146127427,0.5,T,H,Lose,11,11,,21,6659.540734155744,665.9540734155744,0.4,T,T,Win,9,13,,21,5448.715146127426,544.8715146127427,0.5,H,T,Lose,12,10,,21,8139.438675079239,813.943867507924,0.5,T,H,Lose,12,10,,21,12158.91456400726,1215.8914564007262,0.6,H,T,Lose,13,9,,21,6659.540734155745,665.9540734155745,0.5,H,T,Lose,11,11,,21,8139.438675079241,813.9438675079241,0.4,T,T,Win,9,13,,21,6659.540734155741,665.9540734155742,0.5,H,T,Lose,12,10,,21,8139.438675079239,813.943867507924,0.4,T,H,Lose,9,13,,21,9948.20282509685,994.8202825096851,0.5,T,T,Win,11,11,,21,12158.914564007257,1215.8914564007257,0.7,H,H,Win,15,7,,21,12158.91456400726,1215.8914564007262,0.5,T,T,Win,10,12,,21,14860.895578231095,1486.0895578231095,0.5,T,T,Win,11,11,,21,18163.31681783801,1816.3316817838013,0.7,H,H,Win,15,7,,21,2984.3075443477783,298.43075443477784,0.5,T,T,Win,11,11,,21,4458.039665013348,445.8039665013348,0.5,H,H,Win,12,10,,21,8139.438675079239,813.943867507924,0.5,H,H,Win,12,10,,21,8139.438675079237,813.9438675079238,0.5,H,T,Lose,10,12,,21,12158.91456400726,1215.8914564007262,0.6,H,T,Lose,14,8,,21,8139.438675079244,813.9438675079244,0.4,T,T,Win,9,13,,21,6659.540734155741,665.9540734155742,0.5,T,H,Lose,10,12,,21,12158.914564007264,1215.8914564007264,0.4,T,H,Lose,9,13,,21,6659.540734155741,665.9540734155742,0.5,T,H,Lose,11,11,
22,16346.985136054202,1634.6985136054202,0.6,H,T,Lose,14,9,,22,13374.806020407981,1337.4806020407982,0.4,T,H,Lose,10,13,,22,8953.382542587166,895.3382542587166,0.4,T,H,Lose,9,14,,22,8953.382542587164,895.3382542587165,0.5,H,T,Lose,11,12,,22,8953.382542587162,895.3382542587162,0.5,T,T,Win,11,12,,22,10943.02310760653,1094.302310760653,0.5,T,T,Win,11,12,,22,5993.586660740168,599.3586660740168,0.6,H,H,Win,13,10,,22,7325.494807571317,732.5494807571317,0.4,T,T,Win,10,13,,22,10943.023107606534,1094.3023107606534,0.4,T,H,Lose,10,13,,22,5993.586660740167,599.3586660740167,0.4,T,T,Win,9,14,,22,7325.494807571314,732.5494807571314,0.5,H,T,Lose,12,11,,22,8953.382542587164,895.3382542587165,0.4,T,T,Win,10,13,,22,10943.023107606532,1094.3023107606532,0.4,T,T,Win,9,14,,22,19979.648499621813,1997.9648499621815,0.4,T,H,Lose,9,14,,22,8953.382542587162,895.3382542587162,0.3,T,T,Win,7,16,,22,7325.4948075713155,732.5494807571316,0.6,H,H,Win,14,9,,22,10943.023107606534,1094.3023107606534,0.4,T,T,Win,9,14,,22,8953.382542587166,895.3382542587166,0.5,H,H,Win,12,11,,22,8953.382542587164,895.3382542587165,0.5,H,T,Lose,11,12,,22,13374.806020407987,1337.4806020407987,0.4,T,H,Lose,9,14,,22,4903.843631514682,490.3843631514682,0.4,T,T,Win,10,13,,22,8953.382542587162,895.3382542587162,0.4,T,T,Win,10,13,,22,5993.586660740167,599.3586660740167,0.5,H,H,Win,12,11,,22,24419.57038842666,2441.957038842666,0.7,H,T,Lose,17,6,,22,10943.023107606537,1094.3023107606539,0.6,H,T,Lose,14,9,,22,8953.382542587166,895.3382542587166,0.5,T,H,Lose,11,12,,22,8953.382542587166,895.3382542587166,0.6,H,H,Win,13,10,,22,24419.570388426648,2441.957038842665,0.3,T,H,Lose,6,17,,22,5993.586660740168,599.3586660740168,0.4,T,T,Win,10,13,,22,5993.586660740169,599.3586660740169,0.6,H,T,Lose,14,9,,22,13374.806020407981,1337.4806020407982,0.7,H,H,Win,16,7,,22,8953.382542587164,895.3382542587165,0.6,H,H,Win,14,9,,22,7325.4948075713155,732.5494807571316,0.4,T,T,Win,10,13,,22,10943.023107606534,1094.3023107606534,0.5,T,H,Lose,11,12,,22,5993.586660740168,599.3586660740168,0.5,H,T,Lose,12,11,,22,10943.023107606536,1094.3023107606537,0.4,T,T,Win,9,14,,22,10943.02310760654,1094.3023107606539,0.4,T,T,Win,9,14,,22,7325.4948075713155,732.5494807571316,0.5,T,T,Win,12,11,,22,16346.985136054209,1634.6985136054209,0.5,T,T,Win,11,12,,22,13374.806020407987,1337.4806020407987,0.4,T,T,Win,9,14,,22,13374.806020407985,1337.4806020407987,0.5,T,H,Lose,11,12,,22,13374.80602040799,1337.480602040799,0.4,T,T,Win,9,14,,22,10943.023107606532,1094.3023107606532,0.4,T,T,Win,9,14,,22,8953.382542587158,895.3382542587159,0.4,T,T,Win,9,14,,22,8953.382542587164,895.3382542587165,0.5,H,T,Lose,11,12,,22,10943.023107606537,1094.3023107606539,0.7,H,H,Win,16,7,,22,13374.806020407988,1337.4806020407989,0.7,H,H,Win,15,8,,22,7325.494807571316,732.5494807571317,0.4,T,H,Lose,9,14,,22,8953.382542587162,895.3382542587162,0.5,T,H,Lose,11,12,,22,19979.648499621813,1997.9648499621815,0.3,T,T,Win,6,17,,22,7325.4948075713155,732.5494807571316,0.5,T,H,Lose,11,12,,22,13374.806020407988,1337.4806020407989,0.4,T,H,Lose,9,14,,22,8953.382542587166,895.3382542587166,0.4,T,T,Win,9,14,,22,19979.648499621813,1997.9648499621815,0.4,T,H,Lose,9,14,,22,5993.586660740166,599.3586660740166,0.5,T,T,Win,12,11,,22,10943.023107606536,1094.3023107606537,0.4,T,T,Win,9,14,,22,10943.023107606534,1094.3023107606534,0.5,T,H,Lose,11,12,,22,16346.985136054209,1634.6985136054209,0.3,T,H,Lose,8,15,,22,4903.843631514683,490.3843631514683,0.6,H,T,Lose,13,10,,22,10943.023107606534,1094.3023107606534,0.7,H,H,Win,15,8,,22,7325.4948075713155,732.5494807571316,0.5,H,H,Win,12,11,,22,7325.4948075713155,732.5494807571316,0.5,T,H,Lose,12,11,,22,8953.382542587164,895.3382542587165,0.6,H,H,Win,13,10,,22,19979.648499621806,1997.9648499621808,0.3,T,T,Win,6,17,,22,13374.806020407985,1337.4806020407987,0.3,T,T,Win,8,15,,22,8953.382542587162,895.3382542587162,0.7,H,H,Win,15,8,,22,5993.5866607401695,599.3586660740169,0.5,T,T,Win,12,11,,22,7325.494807571315,732.5494807571315,0.4,T,T,Win,9,14,,22,13374.806020407988,1337.4806020407989,0.7,H,H,Win,16,7,,22,4012.2356985120123,401.22356985120126,0.6,H,T,Lose,13,10,,22,5993.586660740166,599.3586660740166,0.6,T,H,Lose,13,10,,22,5993.586660740166,599.3586660740166,0.6,T,H,Lose,13,10,,22,4903.843631514683,490.3843631514683,0.6,H,H,Win,13,10,,22,16346.985136054196,1634.6985136054197,0.3,T,H,Lose,8,15,,22,7325.494807571316,732.5494807571317,0.5,T,T,Win,11,12,,22,4903.843631514682,490.3843631514682,0.4,T,T,Win,10,13,,22,7325.494807571319,732.549480757132,0.4,T,T,Win,10,13,,22,13374.80602040799,1337.480602040799,0.4,T,H,Lose,9,14,,22,13374.806020407988,1337.4806020407989,0.6,H,T,Lose,13,10,,22,10943.023107606536,1094.3023107606537,0.5,H,T,Lose,12,11,,22,13374.806020407987,1337.4806020407987,0.3,T,T,Win,7,16,,22,5993.586660740169,599.3586660740169,0.6,H,T,Lose,13,10,,22,10943.023107606534,1094.3023107606534,0.4,T,T,Win,9,14,,22,8953.382542587166,895.3382542587166,0.5,H,T,Lose,11,12,,22,7325.494807571316,732.5494807571317,0.6,H,H,Win,14,9,,22,4012.235698512014,401.22356985120143,0.5,T,T,Win,11,12,,22,13374.806020407981,1337.4806020407982,0.7,H,H,Win,15,8,,22,4903.843631514684,490.3843631514684,0.6,H,H,Win,14,9,,22,13374.806020407985,1337.4806020407987,0.7,H,T,Lose,15,8,,22,10943.023107606532,1094.3023107606532,0.4,T,H,Lose,10,13,,22,8953.382542587166,895.3382542587166,0.4,T,H,Lose,10,13,,22,4903.843631514683,490.3843631514683,0.5,H,T,Lose,11,12,,22,13374.806020407983,1337.4806020407984,0.4,T,H,Lose,9,14,,22,16346.985136054212,1634.6985136054213,0.3,T,T,Win,7,16,,22,7325.4948075713155,732.5494807571316,0.5,T,T,Win,11,12,,22,29846.141585854795,2984.61415858548,0.2,T,H,Lose,5,18,,22,10943.02310760654,1094.3023107606539,0.6,H,T,Lose,13,10,,22,4903.843631514682,490.3843631514682,0.6,H,H,Win,14,9,,22,13374.806020407985,1337.4806020407987,0.4,T,T,Win,10,13,,22,5993.586660740168,599.3586660740168,0.5,H,T,Lose,11,12,,22,7325.4948075713155,732.5494807571316,0.7,H,H,Win,15,8,,22,13374.806020407987,1337.4806020407987,0.5,T,T,Win,12,11,,22,7325.4948075713155,732.5494807571316,0.5,T,T,Win,11,12,,22,10943.023107606536,1094.3023107606537,0.4,T,H,Lose,9,14,,22,10943.023107606534,1094.3023107606534,0.5,H,H,Win,12,11,,22,5993.586660740166,599.3586660740166,0.5,T,T,Win,12,11,,22,10943.02310760653,1094.302310760653,0.6,H,T,Lose,14,9,,22,7325.4948075713155,732.5494807571316,0.5,H,T,Lose,12,11,,22,7325.4948075713155,732.5494807571316,0.6,H,T,Lose,14,9,,22,8953.38254258716,895.338254258716,0.5,T,T,Win,12,11,,22,24419.570388426655,2441.9570388426655,0.3,T,H,Lose,6,17,,22,4012.235698512013,401.2235698512013,0.6,H,H,Win,14,9,,22,4903.843631514682,490.3843631514682,0.6,H,T,Lose,13,10,,22,5993.586660740169,599.3586660740169,0.6,H,T,Lose,14,9,,22,13374.806020407985,1337.4806020407987,0.4,T,H,Lose,10,13,,22,10943.023107606536,1094.3023107606537,0.4,T,T,Win,9,14,,22,5993.586660740168,599.3586660740168,0.4,T,T,Win,10,13,,22,4903.843631514683,490.3843631514683,0.5,T,T,Win,12,11,,22,5993.586660740168,599.3586660740168,0.5,T,H,Lose,11,12,,22,7325.494807571315,732.5494807571315,0.7,H,H,Win,15,8,,22,8953.382542587164,895.3382542587165,0.6,H,T,Lose,14,9,,22,13374.806020407988,1337.4806020407989,0.3,T,T,Win,8,15,,22,8953.382542587162,895.3382542587162,0.4,T,T,Win,9,14,,22,10943.023107606534,1094.3023107606534,0.4,T,H,Lose,10,13,,22,16346.985136054209,1634.6985136054209,0.3,T,T,Win,7,16,,22,7325.494807571314,732.5494807571314,0.6,H,T,Lose,13,10,,22,4012.235698512013,401.2235698512013,0.5,T,T,Win,12,11,,22,10943.023107606532,1094.3023107606532,0.7,H,H,Win,15,8,,22,8953.382542587166,895.3382542587166,0.4,T,T,Win,9,14,,22,8953.382542587162,895.3382542587162,0.6,H,T,Lose,14,9,,22,8953.382542587166,895.3382542587166,0.6,H,T,Lose,14,9,,22,13374.806020407985,1337.4806020407987,0.4,T,H,Lose,9,14,,22,8953.382542587166,895.3382542587166,0.6,H,T,Lose,14,9,,22,19979.64849962181,1997.964849962181,0.4,T,H,Lose,9,14,,22,16346.985136054207,1634.6985136054209,0.7,H,H,Win,17,6,,22,10943.02310760653,1094.302310760653,0.4,T,T,Win,10,13,,22,5993.586660740167,599.3586660740167,0.5,H,T,Lose,12,11,,22,4012.2356985120146,401.2235698512015,0.4,T,H,Lose,10,13,,22,8953.382542587164,895.3382542587165,0.4,T,H,Lose,10,13,,22,10943.02310760653,1094.302310760653,0.5,H,H,Win,12,11,,22,16346.985136054205,1634.6985136054207,0.3,T,T,Win,8,15,,22,8953.382542587162,895.3382542587162,0.6,H,H,Win,13,10,,22,4012.2356985120136,401.2235698512014,0.4,T,T,Win,10,13,,22,8953.38254258716,895.338254258716,0.4,T,T,Win,10,13,,22,8953.382542587167,895.3382542587168,0.6,H,T,Lose,13,10,,22,13374.806020407985,1337.4806020407987,0.4,T,H,Lose,9,14,,22,10943.023107606536,1094.3023107606537,0.6,H,T,Lose,14,9,,22,8953.38254258716,895.338254258716,0.4,T,T,Win,10,13,,22,5993.586660740166,599.3586660740166,0.5,T,H,Lose,11,12,,22,7325.4948075713155,732.5494807571316,0.4,T,T,Win,10,13,,22,10943.023107606537,1094.3023107606539,0.4,T,T,Win,10,13,,22,5993.5866607401695,599.3586660740169,0.5,H,T,Lose,11,12,,22,19979.648499621813,1997.9648499621815,0.7,H,T,Lose,16,7,,22,8953.382542587162,895.3382542587162,0.4,T,T,Win,10,13,,22,13374.806020407983,1337.4806020407984,0.4,T,H,Lose,9,14,,22,4012.235698512014,401.22356985120143,0.4,T,T,Win,10,13,,22,4012.2356985120136,401.2235698512014,0.5,T,H,Lose,12,11,,22,5993.586660740169,599.3586660740169,0.4,T,T,Win,10,13,,22,8953.382542587166,895.3382542587166,0.5,H,H,Win,12,11,,22,19979.648499621806,1997.9648499621808,0.7,H,H,Win,17,6,,22,13374.806020407988,1337.4806020407989,0.4,T,T,Win,9,14,,22,4012.2356985120136,401.2235698512014,0.5,H,T,Lose,11,12,,22,13374.806020407987,1337.4806020407987,0.4,T,H,Lose,10,13,,22,3282.7382987825563,328.27382987825564,0.5,T,T,Win,12,11,,22,5993.58666074017,599.358666074017,0.4,T,T,Win,10,13,,22,8953.382542587164,895.3382542587165,0.6,H,T,Lose,13,10,,22,13374.806020407987,1337.4806020407987,0.6,H,T,Lose,14,9,,22,8953.38254258716,895.338254258716,0.5,T,T,Win,11,12,,22,13374.80602040799,1337.480602040799,0.7,H,T,Lose,15,8,,22,13374.806020407981,1337.4806020407982,0.6,H,H,Win,13,10,,22,5993.586660740169,599.3586660740169,0.5,H,T,Lose,12,11,,22,8953.382542587164,895.3382542587165,0.6,H,H,Win,13,10,,22,8953.382542587162,895.3382542587162,0.6,H,T,Lose,13,10,,22,8953.382542587162,895.3382542587162,0.4,T,T,Win,9,14,,22,5993.586660740166,599.3586660740166,0.6,H,T,Lose,13,10,,22,13374.806020407988,1337.4806020407989,0.3,T,T,Win,8,15,,22,10943.02310760654,1094.3023107606539,0.4,T,H,Lose,10,13,,22,7325.4948075713155,732.5494807571316,0.5,T,T,Win,11,12,,22,8953.38254258716,895.338254258716,0.6,T,H,Lose,13,10,,22,7325.494807571319,732.549480757132,0.5,T,H,Lose,11,12,,22,13374.806020407981,1337.4806020407982,0.7,H,T,Lose,16,7,,22,10943.02310760653,1094.302310760653,0.6,H,H,Win,14,9,,22,10943.02310760653,1094.302310760653,0.4,T,H,Lose,9,14,,22,4903.843631514685,490.3843631514685,0.6,T,H,Lose,13,10,,22,4903.843631514683,490.3843631514683,0.6,T,H,Lose,13,10,,22,13374.806020407987,1337.4806020407987,0.7,H,T,Lose,15,8,,22,10943.023107606534,1094.3023107606534,0.6,H,H,Win,14,9,,22,29846.141585854803,2984.6141585854803,0.3,T,H,Lose,6,17,,22,4012.2356985120136,401.2235698512014,0.6,H,H,Win,14,9,,22,7325.494807571313,732.5494807571313,0.6,T,H,Lose,13,10,,22,5993.586660740167,599.3586660740167,0.5,T,T,Win,12,11,,22,16346.985136054207,1634.6985136054209,0.3,T,T,Win,7,16,,22,10943.02310760653,1094.302310760653,0.5,H,T,Lose,11,12,,22,13374.806020407987,1337.4806020407987,0.5,H,H,Win,12,11,,22,8953.382542587166,895.3382542587166,0.5,T,H,Lose,11,12,,22,10943.023107606534,1094.3023107606534,0.4,T,H,Lose,10,13,,22,8953.382542587164,895.3382542587165,0.4,T,T,Win,10,13,,22,8953.382542587166,895.3382542587166,0.6,H,T,Lose,13,10,,22,19979.648499621813,1997.9648499621815,0.3,T,H,Lose,7,16,,22,24419.570388426655,2441.9570388426655,0.3,T,H,Lose,7,16,,22,19979.648499621817,1997.9648499621817,0.3,T,T,Win,8,15,,22,19979.648499621813,1997.9648499621815,0.7,H,T,Lose,16,7,,22,4012.2356985120123,401.22356985120126,0.6,T,H,Lose,13,10,,22,16346.985136054209,1634.6985136054209,0.6,H,T,Lose,14,9,,22,4903.843631514682,490.3843631514682,0.6,H,H,Win,14,9,,22,8953.382542587164,895.3382542587165,0.5,H,H,Win,12,11,,22,7325.494807571313,732.5494807571313,0.5,T,T,Win,11,12,,22,13374.806020407987,1337.4806020407987,0.3,T,T,Win,8,15,,22,13374.806020407988,1337.4806020407989,0.3,T,T,Win,8,15,,22,13374.806020407985,1337.4806020407987,0.7,H,H,Win,17,6,,22,8953.382542587166,895.3382542587166,0.6,H,T,Lose,14,9,,22,5993.586660740167,599.3586660740167,0.6,T,H,Lose,13,10,,22,16346.985136054209,1634.6985136054209,0.3,T,H,Lose,8,15,,22,13374.80602040799,1337.480602040799,0.4,T,H,Lose,9,14,,22,4903.843631514683,490.3843631514683,0.5,T,T,Win,11,12,,22,5993.586660740167,599.3586660740167,0.4,T,T,Win,10,13,,22,4903.843631514682,490.3843631514682,0.5,T,T,Win,11,12,,22,16346.985136054198,1634.69851360542,0.4,T,H,Lose,10,13,,22,19979.648499621806,1997.9648499621808,0.7,H,H,Win,16,7,,22,8953.382542587164,895.3382542587165,0.5,T,H,Lose,12,11,,22,8953.382542587162,895.3382542587162,0.5,T,H,Lose,11,12,,22,5993.586660740167,599.3586660740167,0.6,H,H,Win,14,9,,22,2685.8767899130007,268.5876789913001,0.5,H,H,Win,12,11,,22,5993.586660740166,599.3586660740166,0.5,T,H,Lose,12,11,,22,8953.382542587164,895.3382542587165,0.6,T,H,Lose,13,10,,22,16346.985136054209,1634.6985136054209,0.3,T,H,Lose,8,15,,22,7325.494807571316,732.5494807571317,0.6,H,T,Lose,13,10,,22,4903.843631514682,490.3843631514682,0.6,H,T,Lose,13,10,,22,7325.494807571315,732.5494807571315,0.5,T,T,Win,12,11,,22,8953.38254258716,895.338254258716,0.5,T,H,Lose,12,11,,22,16346.985136054205,1634.6985136054207,0.7,H,H,Win,15,8,,22,8953.382542587166,895.3382542587166,0.6,H,T,Lose,14,9,,22,8953.382542587166,895.3382542587166,0.7,H,H,Win,15,8,,22,7325.494807571317,732.5494807571317,0.5,T,H,Lose,11,12,,22,4903.843631514683,490.3843631514683,0.5,T,T,Win,11,12,,22,16346.985136054202,1634.6985136054202,0.7,H,T,Lose,15,8,,22,5993.586660740166,599.3586660740166,0.6,H,T,Lose,13,10,,22,13374.806020407985,1337.4806020407987,0.3,T,T,Win,8,15,,22,10943.023107606536,1094.3023107606537,0.5,T,T,Win,12,11,,22,10943.023107606536,1094.3023107606537,0.6,H,T,Lose,13,10,,22,13374.806020407987,1337.4806020407987,0.7,H,T,Lose,15,8,,22,7325.494807571314,732.5494807571314,0.6,T,H,Lose,13,10,,22,7325.4948075713155,732.5494807571316,0.6,H,H,Win,14,9,,22,16346.985136054205,1634.6985136054207,0.4,T,H,Lose,10,13,,22,13374.806020407985,1337.4806020407987,0.7,H,H,Win,16,7,,22,4903.843631514684,490.3843631514684,0.6,H,H,Win,14,9,,22,7325.494807571316,732.5494807571317,0.6,H,H,Win,13,10,,22,13374.806020407988,1337.4806020407989,0.5,T,T,Win,12,11,,22,5993.586660740166,599.3586660740166,0.6,H,T,Lose,13,10,,22,8953.382542587167,895.3382542587168,0.4,T,T,Win,10,13,,22,19979.64849962181,1997.964849962181,0.3,T,T,Win,8,15,,22,13374.806020407985,1337.4806020407987,0.6,H,T,Lose,13,10,,22,4903.843631514683,490.3843631514683,0.4,T,H,Lose,10,13,,22,7325.494807571316,732.5494807571317,0.5,H,T,Lose,12,11,,22,5993.586660740166,599.3586660740166,0.6,H,T,Lose,13,10,,22,7325.4948075713155,732.5494807571316,0.6,H,H,Win,14,9,,22,5993.586660740168,599.3586660740168,0.5,T,H,Lose,11,12,,22,3282.7382987825563,328.27382987825564,0.5,T,T,Win,11,12,,22,7325.4948075713155,732.5494807571316,0.4,T,T,Win,10,13,,22,10943.023107606537,1094.3023107606539,0.4,T,H,Lose,10,13,,22,4903.843631514681,490.3843631514681,0.5,H,H,Win,12,11,,22,16346.985136054207,1634.6985136054209,0.3,T,H,Lose,8,15,,22,10943.023107606532,1094.3023107606532,0.4,T,T,Win,10,13,,22,8953.382542587164,895.3382542587165,0.5,T,H,Lose,12,11,,22,10943.02310760653,1094.302310760653,0.3,T,T,Win,8,15,,22,4012.235698512013,401.2235698512013,0.5,H,H,Win,12,11,,22,7325.4948075713155,732.5494807571316,0.5,T,H,Lose,12,11,,22,10943.023107606528,1094.302310760653,0.4,T,H,Lose,10,13,,22,7325.494807571313,732.5494807571313,0.5,T,H,Lose,12,11,,22,13374.806020407987,1337.4806020407987,0.3,T,T,Win,8,15,,22,16346.985136054209,1634.6985136054209,0.7,H,T,Lose,15,8,,22,7325.4948075713155,732.5494807571316,0.5,T,H,Lose,12,11,,22,13374.806020407988,1337.4806020407989,0.5,T,H,Lose,12,11,,22,13374.806020407988,1337.4806020407989,0.6,H,H,Win,14,9,,22,8953.382542587167,895.3382542587168,0.3,T,T,Win,8,15,,22,5993.5866607401695,599.3586660740169,0.5,T,H,Lose,11,12,,22,8953.382542587166,895.3382542587166,0.3,T,T,Win,8,15,,22,8953.382542587166,895.3382542587166,0.4,T,T,Win,10,13,,22,7325.494807571315,732.5494807571315,0.6,H,H,Win,14,9,,22,19979.64849962181,1997.964849962181,0.7,H,H,Win,16,7,,22,8953.382542587162,895.3382542587162,0.4,T,T,Win,9,14,,22,8953.382542587167,895.3382542587168,0.6,H,H,Win,14,9,,22,8953.382542587162,895.3382542587162,0.4,T,T,Win,10,13,,22,7325.4948075713155,732.5494807571316,0.6,H,H,Win,13,10,,22,10943.02310760653,1094.302310760653,0.4,T,T,Win,9,14,,22,13374.80602040799,1337.480602040799,0.4,T,H,Lose,9,14,,22,16346.985136054207,1634.6985136054209,0.3,T,T,Win,7,16,,22,10943.02310760653,1094.302310760653,0.4,T,H,Lose,10,13,,22,4012.235698512013,401.2235698512013,0.5,H,T,Lose,12,11,,22,16346.985136054207,1634.6985136054209,0.4,T,H,Lose,10,13,,22,4903.843631514681,490.3843631514681,0.4,T,T,Win,10,13,,22,10943.023107606532,1094.3023107606532,0.5,T,T,Win,11,12,,22,10943.023107606536,1094.3023107606537,0.3,T,T,Win,8,15,,22,5993.586660740169,599.3586660740169,0.6,T,H,Lose,13,10,,22,8953.382542587162,895.3382542587162,0.5,T,H,Lose,12,11,,22,5993.586660740166,599.3586660740166,0.6,H,H,Win,13,10,,22,2685.8767899130007,268.5876789913001,0.5,H,T,Lose,12,11,,22,5993.586660740166,599.3586660740166,0.6,T,H,Lose,13,10,,22,8953.382542587166,895.3382542587166,0.4,T,T,Win,10,13,,22,8953.382542587164,895.3382542587165,0.5,T,T,Win,11,12,,22,16346.985136054205,1634.6985136054207,0.3,T,T,Win,7,16,,22,7325.494807571316,732.5494807571317,0.5,H,T,Lose,12,11,,22,19979.64849962181,1997.964849962181,0.3,T,T,Win,6,17,,22,19979.648499621813,1997.9648499621815,0.3,T,T,Win,6,17,,22,13374.806020407981,1337.4806020407982,0.3,T,T,Win,8,15,,22,13374.806020407988,1337.4806020407989,0.7,H,H,Win,15,8,,22,13374.80602040799,1337.480602040799,0.3,T,T,Win,8,15,,22,10943.02310760653,1094.302310760653,0.5,H,T,Lose,11,12,,22,4012.2356985120136,401.2235698512014,0.6,T,H,Lose,13,10,,22,7325.494807571317,732.5494807571317,0.5,H,T,Lose,11,12,,22,16346.985136054209,1634.6985136054209,0.3,T,H,Lose,8,15,,22,5993.5866607401695,599.3586660740169,0.6,H,T,Lose,13,10,,22,10943.023107606536,1094.3023107606537,0.5,T,T,Win,11,12,,22,4012.2356985120123,401.22356985120126,0.5,H,T,Lose,11,12,,22,7325.494807571316,732.5494807571317,0.6,H,H,Win,13,10,,22,4903.843631514682,490.3843631514682,0.5,H,T,Lose,12,11,,22,10943.023107606536,1094.3023107606537,0.4,T,T,Win,10,13,,22,36478.61749382254,3647.861749382254,0.8,H,T,Lose,18,5,,22,10943.02310760653,1094.302310760653,0.4,T,H,Lose,10,13,,22,8953.382542587166,895.3382542587166,0.5,T,H,Lose,12,11,,22,7325.494807571316,732.5494807571317,0.5,T,H,Lose,11,12,,22,10943.02310760653,1094.302310760653,0.7,H,H,Win,15,8,,22,10943.023107606534,1094.3023107606534,0.6,H,T,Lose,14,9,,22,4903.843631514682,490.3843631514682,0.6,T,H,Lose,13,10,,22,13374.806020407987,1337.4806020407987,0.4,T,H,Lose,9,14,,22,13374.806020407981,1337.4806020407982,0.6,H,T,Lose,14,9,,22,8953.382542587166,895.3382542587166,0.5,T,H,Lose,11,12,,22,10943.023107606536,1094.3023107606537,0.7,H,H,Win,15,8,,22,5993.5866607401695,599.3586660740169,0.5,T,H,Lose,12,11,,22,3282.7382987825563,328.27382987825564,0.5,H,T,Lose,11,12,,22,10943.023107606536,1094.3023107606537,0.4,T,T,Win,10,13,,22,5993.586660740169,599.3586660740169,0.6,H,T,Lose,14,9,,22,10943.023107606532,1094.3023107606532,0.5,T,H,Lose,12,11,,22,16346.985136054202,1634.6985136054202,0.8,H,H,Win,18,5,,22,13374.806020407987,1337.4806020407987,0.3,T,T,Win,8,15,,22,16346.985136054207,1634.6985136054209,0.4,T,H,Lose,9,14,,22,10943.023107606534,1094.3023107606534,0.4,T,H,Lose,10,13,,22,7325.494807571313,732.5494807571313,0.6,H,T,Lose,14,9,,22,8953.382542587166,895.3382542587166,0.4,T,T,Win,10,13,,22,4012.2356985120136,401.2235698512014,0.4,T,T,Win,10,13,,22,29846.141585854806,2984.6141585854807,0.2,T,T,Win,4,19,,22,5993.586660740166,599.3586660740166,0.6,H,H,Win,13,10,,22,7325.494807571317,732.5494807571317,0.4,T,T,Win,10,13,,22,10943.023107606534,1094.3023107606534,0.4,T,T,Win,9,14,,22,5993.586660740167,599.3586660740167,0.5,T,H,Lose,12,11,,22,4012.235698512013,401.2235698512013,0.5,T,H,Lose,12,11,,22,5993.586660740166,599.3586660740166,0.5,T,T,Win,12,11,,22,5993.586660740166,599.3586660740166,0.6,T,H,Lose,13,10,,22,24419.570388426655,2441.9570388426655,0.7,H,T,Lose,16,7,,22,8953.382542587166,895.3382542587166,0.4,T,H,Lose,10,13,,22,8953.382542587166,895.3382542587166,0.4,T,H,Lose,10,13,,22,5993.586660740166,599.3586660740166,0.6,H,H,Win,13,10,,22,19979.6484996218,1997.9648499621799,0.3,T,H,Lose,7,16,,22,16346.985136054212,1634.6985136054213,0.3,T,H,Lose,8,15,,22,5993.586660740168,599.3586660740168,0.5,H,T,Lose,12,11,,22,7325.494807571314,732.5494807571314,0.5,H,T,Lose,11,12,,22,8953.382542587164,895.3382542587165,0.7,H,H,Win,15,8,,22,8953.382542587162,895.3382542587162,0.6,H,H,Win,13,10,,22,4012.2356985120136,401.2235698512014,0.5,H,H,Win,12,11,,22,7325.494807571318,732.5494807571318,0.6,H,H,Win,14,9,,22,13374.80602040799,1337.480602040799,0.4,T,H,Lose,9,14,,22,19979.648499621817,1997.9648499621817,0.3,T,H,Lose,7,16,,22,10943.02310760653,1094.302310760653,0.7,H,H,Win,15,8,,22,8953.382542587164,895.3382542587165,0.5,H,T,Lose,11,12,,22,10943.023107606536,1094.3023107606537,0.6,T,H,Lose,13,10,,22,16346.985136054198,1634.69851360542,0.3,T,T,Win,7,16,,22,4012.2356985120123,401.22356985120126,0.6,H,T,Lose,13,10,,22,13374.806020407988,1337.4806020407989,0.3,T,T,Win,8,15,,22,13374.806020407983,1337.4806020407984,0.5,T,H,Lose,12,11,,22,5993.586660740166,599.3586660740166,0.5,H,H,Win,12,11,,22,10943.023107606532,1094.3023107606532,0.7,H,T,Lose,15,8,,22,4903.843631514683,490.3843631514683,0.4,T,T,Win,10,13,,22,13374.806020407985,1337.4806020407987,0.5,T,T,Win,11,12,,22,5993.586660740167,599.3586660740167,0.5,H,T,Lose,11,12,,22,4012.235698512013,401.2235698512013,0.6,H,H,Win,13,10,,22,16346.985136054207,1634.6985136054209,0.7,H,T,Lose,15,8,,22,7325.4948075713155,732.5494807571316,0.5,T,H,Lose,11,12,,22,7325.494807571317,732.5494807571317,0.5,T,H,Lose,11,12,,22,10943.023107606532,1094.3023107606532,0.7,H,H,Win,15,8,,22,10943.023107606536,1094.3023107606537,0.7,H,H,Win,15,8,,22,13374.806020407988,1337.4806020407989,0.6,H,T,Lose,13,10,,22,8953.38254258716,895.338254258716,0.5,T,T,Win,11,12,,22,10943.023107606532,1094.3023107606532,0.5,H,T,Lose,11,12,,22,13374.806020407985,1337.4806020407987,0.4,T,H,Lose,9,14,,22,13374.806020407988,1337.4806020407989,0.6,H,T,Lose,14,9,,22,16346.985136054207,1634.6985136054209,0.4,T,H,Lose,9,14,,22,2685.8767899130003,268.58767899130004,0.6,T,H,Lose,13,10,,22,7325.494807571316,732.5494807571317,0.5,T,H,Lose,11,12,,22,13374.80602040799,1337.480602040799,0.4,T,H,Lose,9,14,,22,5993.586660740166,599.3586660740166,0.5,H,H,Win,12,11,,22,10943.023107606537,1094.3023107606539,0.4,T,T,Win,9,14,,22,5993.586660740166,599.3586660740166,0.6,H,T,Lose,14,9,,22,7325.494807571316,732.5494807571317,0.5,H,T,Lose,11,12,,22,29846.141585854806,2984.6141585854807,0.8,H,H,Win,19,4,,22,13374.806020407987,1337.4806020407987,0.6,H,H,Win,14,9,,22,16346.985136054209,1634.6985136054209,0.5,T,T,Win,12,11,,22,5993.586660740169,599.3586660740169,0.6,H,T,Lose,14,9,,22,5993.586660740167,599.3586660740167,0.6,T,H,Lose,13,10,,22,10943.023107606537,1094.3023107606539,0.6,H,T,Lose,14,9,,22,8953.382542587167,895.3382542587168,0.6,H,T,Lose,14,9,,22,8953.382542587162,895.3382542587162,0.4,T,T,Win,10,13,,22,10943.02310760653,1094.302310760653,0.4,T,T,Win,9,14,,22,7325.4948075713155,732.5494807571316,0.5,T,H,Lose,11,12,,22,4903.843631514682,490.3843631514682,0.5,T,T,Win,12,11,,22,10943.023107606537,1094.3023107606539,0.4,T,H,Lose,10,13,,22,10943.023107606534,1094.3023107606534,0.7,H,H,Win,15,8,,22,5993.586660740166,599.3586660740166,0.5,T,H,Lose,11,12,,22,8953.382542587164,895.3382542587165,0.7,H,H,Win,15,8,,22,7325.494807571316,732.5494807571317,0.5,T,H,Lose,11,12,,22,5993.586660740167,599.3586660740167,0.4,T,H,Lose,10,13,,22,7325.494807571314,732.5494807571314,0.5,H,H,Win,12,11,,22,13374.806020407983,1337.4806020407984,0.3,T,T,Win,8,15,,22,7325.4948075713155,732.5494807571316,0.6,T,H,Lose,13,10,,22,7325.494807571316,732.5494807571317,0.6,H,H,Win,14,9,,22,10943.023107606536,1094.3023107606537,0.6,H,H,Win,14,9,,22,7325.494807571317,732.5494807571317,0.6,H,H,Win,13,10,,22,8953.38254258716,895.338254258716,0.4,T,T,Win,10,13,,22,4903.843631514684,490.3843631514684,0.5,T,H,Lose,12,11,,22,7325.4948075713155,732.5494807571316,0.5,H,T,Lose,12,11,,22,10943.023107606536,1094.3023107606537,0.7,H,H,Win,15,8,,22,10943.023107606537,1094.3023107606539,0.7,H,H,Win,16,7,,22,4903.843631514684,490.3843631514684,0.6,T,H,Lose,13,10,,22,16346.9851360542,1634.69851360542,0.3,T,H,Lose,8,15,,22,5993.5866607401695,599.3586660740169,0.5,T,T,Win,12,11,,22,10943.023107606532,1094.3023107606532,0.4,T,H,Lose,10,13,,22,10943.023107606532,1094.3023107606532,0.5,T,T,Win,12,11,,22,7325.494807571316,732.5494807571317,0.4,T,T,Win,9,14,,22,4903.843631514681,490.3843631514681,0.6,H,H,Win,13,10,,22,5993.586660740169,599.3586660740169,0.5,T,H,Lose,11,12,,22,4903.843631514684,490.3843631514684,0.5,T,H,Lose,12,11,,22,10943.023107606536,1094.3023107606537,0.4,T,T,Win,10,13,,22,4012.235698512013,401.2235698512013,0.6,H,H,Win,14,9,,22,3282.7382987825563,328.27382987825564,0.5,T,H,Lose,12,11,,22,5993.5866607401695,599.3586660740169,0.6,T,H,Lose,13,10,,22,8953.382542587162,895.3382542587162,0.4,T,H,Lose,9,14,,22,5993.586660740167,599.3586660740167,0.5,T,H,Lose,11,12,,22,5993.586660740168,599.3586660740168,0.5,T,H,Lose,12,11,,22,16346.985136054209,1634.6985136054209,0.7,H,T,Lose,16,7,,22,4012.2356985120136,401.2235698512014,0.5,T,H,Lose,11,12,,22,8953.382542587162,895.3382542587162,0.4,T,T,Win,10,13,,22,19979.648499621806,1997.9648499621808,0.7,H,T,Lose,15,8,,22,10943.023107606534,1094.3023107606534,0.4,T,H,Lose,10,13,,22,5993.586660740167,599.3586660740167,0.6,H,T,Lose,13,10,,22,4012.235698512013,401.2235698512013,0.6,T,H,Lose,13,10,,22,8953.382542587162,895.3382542587162,0.6,H,T,Lose,13,10,,22,7325.4948075713155,732.5494807571316,0.5,T,T,Win,11,12,,22,10943.023107606536,1094.3023107606537,0.4,T,H,Lose,10,13,,22,4903.843631514681,490.3843631514681,0.6,H,H,Win,13,10,,22,7325.494807571316,732.5494807571317,0.6,H,T,Lose,13,10,,22,7325.4948075713155,732.5494807571316,0.5,H,T,Lose,11,12,,22,10943.023107606536,1094.3023107606537,0.4,T,H,Lose,10,13,,22,7325.4948075713155,732.5494807571316,0.6,H,H,Win,14,9,,22,8953.382542587162,895.3382542587162,0.5,T,H,Lose,11,12,,22,16346.985136054202,1634.6985136054202,0.7,H,H,Win,15,8,,22,10943.023107606537,1094.3023107606539,0.4,T,T,Win,10,13,,22,3282.7382987825563,328.27382987825564,0.5,T,T,Win,12,11,,22,8953.382542587162,895.3382542587162,0.5,H,T,Lose,11,12,,22,13374.80602040799,1337.480602040799,0.4,T,H,Lose,10,13,,22,5993.586660740166,599.3586660740166,0.6,H,T,Lose,14,9,,22,7325.494807571316,732.5494807571317,0.5,T,T,Win,11,12,,22,7325.494807571317,732.5494807571317,0.6,H,T,Lose,13,10,,22,7325.494807571316,732.5494807571317,0.7,H,H,Win,15,8,,22,7325.4948075713155,732.5494807571316,0.5,H,T,Lose,12,11,,22,10943.023107606528,1094.302310760653,0.6,H,H,Win,13,10,,22,8953.382542587164,895.3382542587165,0.5,T,T,Win,11,12,,22,8953.382542587166,895.3382542587166,0.6,H,H,Win,14,9,,22,8953.382542587162,895.3382542587162,0.5,H,T,Lose,11,12,,22,7325.494807571314,732.5494807571314,0.6,H,T,Lose,13,10,,22,10943.02310760653,1094.302310760653,0.6,T,H,Lose,13,10,,22,13374.806020407987,1337.4806020407987,0.7,H,H,Win,17,6,,22,5993.586660740166,599.3586660740166,0.4,T,T,Win,10,13,,22,7325.4948075713155,732.5494807571316,0.5,T,H,Lose,12,11,,22,19979.648499621813,1997.9648499621815,0.3,T,H,Lose,8,15,,22,7325.494807571318,732.5494807571318,0.4,T,T,Win,10,13,,22,13374.806020407988,1337.4806020407989,0.3,T,T,Win,8,15,,22,10943.023107606536,1094.3023107606537,0.5,H,T,Lose,12,11,,22,10943.023107606536,1094.3023107606537,0.4,T,T,Win,9,14,,22,5993.586660740169,599.3586660740169,0.6,H,T,Lose,13,10,,22,7325.494807571316,732.5494807571317,0.6,T,H,Lose,13,10,,22,16346.985136054205,1634.6985136054207,0.3,T,H,Lose,7,16,,22,13374.806020407988,1337.4806020407989,0.4,T,H,Lose,9,14,,22,4903.843631514683,490.3843631514683,0.6,H,H,Win,13,10,,22,7325.4948075713155,732.5494807571316,0.5,H,T,Lose,12,11,,22,24419.570388426662,2441.9570388426664,0.3,T,T,Win,7,16,,22,10943.02310760653,1094.302310760653,0.4,T,T,Win,9,14,,22,5993.586660740167,599.3586660740167,0.6,H,T,Lose,13,10,,22,8953.382542587164,895.3382542587165,0.5,T,H,Lose,11,12,,22,19979.64849962181,1997.964849962181,0.3,T,T,Win,6,17,,22,13374.806020407988,1337.4806020407989,0.4,T,H,Lose,9,14,,22,10943.023107606534,1094.3023107606534,0.5,H,H,Win,12,11,,22,5993.586660740167,599.3586660740167,0.4,T,T,Win,10,13,,22,16346.985136054207,1634.6985136054209,0.7,H,T,Lose,17,6,,22,13374.806020407988,1337.4806020407989,0.3,T,T,Win,7,16,,22,16346.985136054209,1634.6985136054209,0.7,H,T,Lose,15,8,,22,10943.023107606532,1094.3023107606532,0.4,T,H,Lose,10,13,,22,8953.382542587166,895.3382542587166,0.7,H,H,Win,15,8,,22,16346.985136054207,1634.6985136054209,0.5,H,H,Win,12,11,,22,13374.806020407988,1337.4806020407989,0.6,H,T,Lose,14,9,,22,8953.382542587162,895.3382542587162,0.6,H,H,Win,14,9,,22,4903.843631514681,490.3843631514681,0.6,H,T,Lose,13,10,,22,8953.382542587166,895.3382542587166,0.5,H,H,Win,12,11,,22,19979.648499621806,1997.9648499621808,0.7,H,H,Win,17,6,,22,7325.4948075713155,732.5494807571316,0.4,T,T,Win,10,13,,22,7325.494807571315,732.5494807571315,0.6,H,T,Lose,14,9,,22,13374.806020407988,1337.4806020407989,0.3,T,T,Win,8,15,,22,5993.586660740166,599.3586660740166,0.5,H,T,Lose,11,12,,22,13374.806020407987,1337.4806020407987,0.7,H,H,Win,17,6,,22,4903.843631514683,490.3843631514683,0.6,H,H,Win,13,10,,22,10943.023107606536,1094.3023107606537,0.6,H,H,Win,14,9,,22,13374.806020407987,1337.4806020407987,0.3,T,T,Win,8,15,,22,8953.382542587164,895.3382542587165,0.5,H,T,Lose,12,11,,22,16346.985136054209,1634.6985136054209,0.4,T,H,Lose,9,14,,22,4903.843631514682,490.3843631514682,0.6,H,H,Win,14,9,,22,5993.586660740168,599.3586660740168,0.5,T,T,Win,12,11,,22,4012.235698512013,401.2235698512013,0.5,H,H,Win,12,11,,22,13374.806020407987,1337.4806020407987,0.5,T,T,Win,11,12,,22,24419.570388426662,2441.9570388426664,0.7,H,H,Win,17,6,,22,24419.57038842666,2441.957038842666,0.3,T,T,Win,6,17,,22,10943.02310760653,1094.302310760653,0.3,T,T,Win,8,15,,22,10943.023107606534,1094.3023107606534,0.4,T,T,Win,10,13,,22,7325.494807571318,732.5494807571318,0.3,T,T,Win,8,15,,22,8953.38254258716,895.338254258716,0.4,T,H,Lose,10,13,,22,13374.806020407987,1337.4806020407987,0.6,T,H,Lose,13,10,,22,19979.648499621813,1997.9648499621815,0.3,T,H,Lose,7,16,,22,19979.648499621813,1997.9648499621815,0.3,T,H,Lose,7,16,,22,5993.586660740169,599.3586660740169,0.5,T,H,Lose,12,11,,22,16346.985136054209,1634.6985136054209,0.7,H,H,Win,15,8,,22,13374.80602040799,1337.480602040799,0.5,T,H,Lose,12,11,,22,8953.382542587164,895.3382542587165,0.6,H,H,Win,13,10,,22,10943.023107606532,1094.3023107606532,0.5,H,T,Lose,12,11,,22,10943.023107606536,1094.3023107606537,0.6,H,T,Lose,14,9,,22,2685.876789913,268.5876789913,0.5,H,H,Win,12,11,,22,10943.023107606532,1094.3023107606532,0.4,T,T,Win,9,14,,22,4903.843631514683,490.3843631514683,0.5,H,T,Lose,12,11,,22,4012.2356985120136,401.2235698512014,0.6,T,H,Lose,13,10,,22,13374.806020407987,1337.4806020407987,0.4,T,H,Lose,9,14,,22,13374.806020407987,1337.4806020407987,0.4,T,H,Lose,9,14,,22,19979.64849962181,1997.964849962181,0.7,H,T,Lose,16,7,,22,4903.843631514683,490.3843631514683,0.5,T,T,Win,11,12,,22,5993.586660740169,599.3586660740169,0.5,T,H,Lose,12,11,,22,13374.806020407987,1337.4806020407987,0.4,T,H,Lose,9,14,,22,29846.141585854806,2984.6141585854807,0.3,T,T,Win,6,17,,22,8953.382542587164,895.3382542587165,0.6,H,H,Win,13,10,,22,13374.806020407987,1337.4806020407987,0.3,T,T,Win,8,15,,22,16346.985136054205,1634.6985136054207,0.7,H,H,Win,16,7,,22,10943.023107606534,1094.3023107606534,0.4,T,H,Lose,10,13,,22,10943.023107606536,1094.3023107606537,0.5,T,H,Lose,11,12,,22,10943.023107606534,1094.3023107606534,0.6,H,T,Lose,14,9,,22,4012.2356985120146,401.2235698512015,0.4,T,H,Lose,10,13,,22,10943.023107606534,1094.3023107606534,0.5,T,H,Lose,11,12,,22,10943.023107606532,1094.3023107606532,0.4,T,H,Lose,10,13,,22,10943.023107606537,1094.3023107606539,0.7,H,H,Win,15,8,,22,5993.586660740166,599.3586660740166,0.5,T,H,Lose,11,12,,22,5993.586660740167,599.3586660740167,0.5,H,T,Lose,11,12,,22,19979.648499621806,1997.9648499621808,0.7,H,H,Win,17,6,,22,16346.985136054209,1634.6985136054209,0.3,T,H,Lose,8,15,,22,8953.382542587164,895.3382542587165,0.4,T,T,Win,9,14,,22,13374.806020407988,1337.4806020407989,0.4,T,H,Lose,9,14,,22,4903.843631514682,490.3843631514682,0.5,T,H,Lose,11,12,,22,8953.382542587164,895.3382542587165,0.7,H,H,Win,15,8,,22,10943.023107606532,1094.3023107606532,0.4,T,H,Lose,10,13,,22,4903.843631514684,490.3843631514684,0.4,T,T,Win,10,13,,22,19979.648499621813,1997.9648499621815,0.4,T,H,Lose,9,14,,22,4012.235698512013,401.2235698512013,0.6,H,T,Lose,13,10,,22,5993.586660740169,599.3586660740169,0.5,H,T,Lose,11,12,,22,7325.494807571314,732.5494807571314,0.5,T,H,Lose,12,11,,22,16346.985136054202,1634.6985136054202,0.3,T,T,Win,8,15,,22,8953.382542587166,895.3382542587166,0.5,T,T,Win,12,11,,22,7325.494807571314,732.5494807571314,0.6,H,T,Lose,13,10,,22,8953.382542587164,895.3382542587165,0.5,T,H,Lose,11,12,,22,4012.235698512013,401.2235698512013,0.5,H,T,Lose,11,12,,22,7325.4948075713155,732.5494807571316,0.4,T,T,Win,9,14,,22,8953.382542587164,895.3382542587165,0.6,H,T,Lose,13,10,,22,8953.382542587164,895.3382542587165,0.4,T,T,Win,10,13,,22,7325.494807571316,732.5494807571317,0.5,T,H,Lose,12,11,,22,5993.586660740166,599.3586660740166,0.5,H,T,Lose,12,11,,22,8953.382542587166,895.3382542587166,0.5,H,T,Lose,11,12,,22,5993.586660740168,599.3586660740168,0.6,H,T,Lose,13,10,,22,5993.586660740169,599.3586660740169,0.6,H,H,Win,14,9,,22,16346.985136054207,1634.6985136054209,0.7,H,H,Win,15,8,,22,10943.02310760653,1094.302310760653,0.6,H,T,Lose,14,9,,22,10943.023107606532,1094.3023107606532,0.4,T,T,Win,9,14,,22,10943.023107606532,1094.3023107606532,0.6,H,H,Win,13,10,,22,4012.235698512013,401.2235698512013,0.5,H,T,Lose,11,12,,22,19979.648499621813,1997.9648499621815,0.3,T,H,Lose,7,16,,22,13374.806020407987,1337.4806020407987,0.3,T,T,Win,8,15,,22,8953.382542587162,895.3382542587162,0.7,H,H,Win,15,8,,22,10943.023107606532,1094.3023107606532,0.6,H,H,Win,14,9,,22,7325.494807571318,732.5494807571318,0.6,H,T,Lose,13,10,,22,13374.806020407987,1337.4806020407987,0.3,T,T,Win,8,15,,22,16346.985136054205,1634.6985136054207,0.7,H,T,Lose,16,7,,22,16346.985136054205,1634.6985136054207,0.7,H,H,Win,15,8,,22,10943.023107606532,1094.3023107606532,0.4,T,H,Lose,9,14,,22,7325.494807571314,732.5494807571314,0.5,T,H,Lose,12,11,,22,24419.570388426655,2441.9570388426655,0.7,H,T,Lose,16,7,,22,4012.235698512013,401.2235698512013,0.5,H,H,Win,12,11,,22,19979.648499621813,1997.9648499621815,0.7,H,H,Win,17,6,,22,4012.235698512013,401.2235698512013,0.5,T,T,Win,12,11,,22,4903.843631514682,490.3843631514682,0.5,H,H,Win,12,11,,22,13374.806020407988,1337.4806020407989,0.6,H,H,Win,14,9,,22,13374.806020407988,1337.4806020407989,0.4,T,H,Lose,9,14,,22,13374.806020407985,1337.4806020407987,0.3,T,T,Win,8,15,,22,16346.985136054202,1634.6985136054202,0.4,T,H,Lose,10,13,,22,3282.7382987825554,328.2738298782556,0.5,T,T,Win,11,12,,22,7325.494807571317,732.5494807571317,0.4,T,H,Lose,10,13,,22,16346.985136054205,1634.6985136054207,0.3,T,T,Win,7,16,,22,10943.023107606537,1094.3023107606539,0.5,T,H,Lose,11,12,,22,8953.382542587166,895.3382542587166,0.6,H,T,Lose,14,9,,22,8953.382542587162,895.3382542587162,0.6,T,H,Lose,13,10,,22,4012.235698512013,401.2235698512013,0.5,H,H,Win,12,11,,22,8953.382542587164,895.3382542587165,0.6,H,T,Lose,14,9,,22,5993.5866607401695,599.3586660740169,0.6,H,T,Lose,13,10,,22,8953.382542587162,895.3382542587162,0.6,H,T,Lose,14,9,,22,3282.7382987825563,328.27382987825564,0.6,H,H,Win,13,10,,22,10943.023107606536,1094.3023107606537,0.4,T,H,Lose,10,13,,22,13374.806020407987,1337.4806020407987,0.4,T,T,Win,9,14,,22,29846.141585854806,2984.6141585854807,0.3,T,H,Lose,7,16,,22,10943.023107606536,1094.3023107606537,0.4,T,H,Lose,10,13,,22,3282.7382987825563,328.27382987825564,0.5,T,T,Win,11,12,,22,13374.806020407985,1337.4806020407987,0.5,T,H,Lose,12,11,,22,8953.382542587167,895.3382542587168,0.5,T,H,Lose,11,12,,22,8953.382542587166,895.3382542587166,0.6,H,T,Lose,14,9,,22,13374.806020407988,1337.4806020407989,0.7,H,H,Win,15,8,,22,4903.843631514683,490.3843631514683,0.6,T,H,Lose,13,10,,22,8953.382542587166,895.3382542587166,0.4,T,T,Win,10,13,,22,13374.806020407985,1337.4806020407987,0.7,H,H,Win,16,7,,22,5993.586660740166,599.3586660740166,0.6,H,H,Win,13,10,,22,8953.382542587166,895.3382542587166,0.4,T,T,Win,9,14,,22,13374.806020407985,1337.4806020407987,0.3,T,H,Lose,8,15,,22,13374.806020407983,1337.4806020407984,0.4,T,H,Lose,9,14,,22,19979.64849962181,1997.964849962181,0.3,T,H,Lose,7,16,,22,19979.648499621806,1997.9648499621808,0.3,T,T,Win,7,16,,22,10943.023107606537,1094.3023107606539,0.4,T,T,Win,9,14,,22,10943.02310760653,1094.302310760653,0.4,T,T,Win,9,14,,22,19979.64849962181,1997.964849962181,0.3,T,T,Win,6,17,,22,7325.4948075713155,732.5494807571316,0.6,H,T,Lose,13,10,,22,7325.4948075713155,732.5494807571316,0.5,T,H,Lose,11,12,,22,19979.648499621806,1997.9648499621808,0.3,T,T,Win,7,16,,22,4903.843631514683,490.3843631514683,0.4,T,T,Win,10,13,,22,7325.4948075713155,732.5494807571316,0.5,T,H,Lose,12,11,,22,7325.494807571313,732.5494807571313,0.5,H,H,Win,12,11,,22,13374.806020407987,1337.4806020407987,0.4,T,H,Lose,10,13,,22,5993.586660740167,599.3586660740167,0.5,H,H,Win,12,11,,22,13374.80602040799,1337.480602040799,0.3,T,T,Win,8,15,,22,3282.7382987825563,328.27382987825564,0.5,H,T,Lose,12,11,,22,8953.38254258716,895.338254258716,0.4,T,T,Win,10,13,,22,8953.382542587164,895.3382542587165,0.5,T,H,Lose,11,12,,22,4903.843631514682,490.3843631514682,0.6,T,H,Lose,13,10,,22,5993.586660740167,599.3586660740167,0.5,H,T,Lose,11,12,,22,13374.806020407981,1337.4806020407982,0.7,H,H,Win,15,8,,22,16346.985136054203,1634.6985136054204,0.3,T,H,Lose,8,15,,22,3282.7382987825563,328.27382987825564,0.6,H,H,Win,14,9,,22,10943.02310760653,1094.302310760653,0.6,H,T,Lose,13,10,,22,10943.023107606537,1094.3023107606539,0.5,T,H,Lose,11,12,,22,19979.648499621806,1997.9648499621808,0.3,T,T,Win,7,16,,22,5993.586660740168,599.3586660740168,0.5,T,H,Lose,12,11,,22,7325.4948075713155,732.5494807571316,0.6,H,H,Win,13,10,,22,4012.235698512013,401.2235698512013,0.5,H,H,Win,12,11,,22,13374.806020407985,1337.4806020407987,0.6,H,H,Win,14,9,,22,5993.586660740167,599.3586660740167,0.5,H,T,Lose,11,12,,22,16346.985136054202,1634.6985136054202,0.7,H,H,Win,15,8,,22,5993.586660740169,599.3586660740169,0.6,H,H,Win,14,9,,22,24419.570388426655,2441.9570388426655,0.3,T,T,Win,7,16,,22,7325.494807571316,732.5494807571317,0.6,H,H,Win,14,9,,22,5993.586660740169,599.3586660740169,0.6,H,H,Win,13,10,,22,13374.806020407987,1337.4806020407987,0.7,H,H,Win,16,7,,22,16346.985136054209,1634.6985136054209,0.4,T,H,Lose,9,14,,22,4012.2356985120123,401.22356985120126,0.6,H,H,Win,13,10,,22,7325.4948075713155,732.5494807571316,0.6,T,H,Lose,13,10,,22,10943.023107606532,1094.3023107606532,0.5,T,T,Win,12,11,,22,5993.586660740167,599.3586660740167,0.6,H,H,Win,14,9,,22,16346.985136054207,1634.6985136054209,0.7,H,H,Win,15,8,,22,4903.843631514683,490.3843631514683,0.5,T,H,Lose,12,11,,22,16346.985136054209,1634.6985136054209,0.7,H,H,Win,16,7,,22,13374.806020407988,1337.4806020407989,0.4,T,H,Lose,10,13,,22,10943.023107606532,1094.3023107606532,0.6,H,H,Win,14,9,,22,8953.382542587166,895.3382542587166,0.4,T,H,Lose,10,13,,22,7325.494807571316,732.5494807571317,0.6,H,H,Win,14,9,,22,7325.494807571316,732.5494807571317,0.4,T,T,Win,10,13,,22,24419.570388426655,2441.9570388426655,0.7,H,T,Lose,16,7,,22,8953.382542587164,895.3382542587165,0.5,T,T,Win,12,11,,22,13374.806020407985,1337.4806020407987,0.4,T,H,Lose,9,14,,22,13374.80602040799,1337.480602040799,0.6,H,T,Lose,14,9,,22,16346.985136054205,1634.6985136054207,0.3,T,T,Win,7,16,,22,10943.023107606536,1094.3023107606537,0.4,T,T,Win,9,14,,22,5993.586660740169,599.3586660740169,0.5,T,T,Win,11,12,,22,24419.570388426648,2441.957038842665,0.3,T,T,Win,7,16,,22,5993.586660740167,599.3586660740167,0.5,T,T,Win,11,12,,22,8953.38254258716,895.338254258716,0.5,T,H,Lose,12,11,,22,19979.64849962181,1997.964849962181,0.3,T,T,Win,6,17,,22,8953.382542587164,895.3382542587165,0.4,T,H,Lose,10,13,,22,5993.586660740166,599.3586660740166,0.5,T,T,Win,11,12,,22,4903.843631514683,490.3843631514683,0.5,H,T,Lose,11,12,,22,8953.382542587164,895.3382542587165,0.4,T,T,Win,10,13,,22,5993.586660740169,599.3586660740169,0.6,H,H,Win,13,10,,22,10943.023107606537,1094.3023107606539,0.6,H,T,Lose,13,10,,22,10943.023107606532,1094.3023107606532,0.5,H,T,Lose,11,12,,22,4903.843631514683,490.3843631514683,0.4,T,T,Win,9,14,,22,10943.023107606536,1094.3023107606537,0.6,H,H,Win,13,10,,22,13374.80602040799,1337.480602040799,0.6,H,T,Lose,14,9,,22,3282.7382987825563,328.27382987825564,0.5,H,H,Win,12,11,,22,7325.4948075713155,732.5494807571316,0.6,H,H,Win,14,9,,22,5993.586660740167,599.3586660740167,0.6,H,H,Win,14,9,,22,4012.2356985120123,401.22356985120126,0.5,T,T,Win,12,11,,22,7325.494807571316,732.5494807571317,0.6,H,H,Win,13,10,,22,10943.023107606534,1094.3023107606534,0.6,H,H,Win,14,9,,22,8953.382542587166,895.3382542587166,0.5,T,H,Lose,11,12,,22,13374.806020407985,1337.4806020407987,0.3,T,T,Win,8,15,,22,8953.382542587166,895.3382542587166,0.6,H,H,Win,14,9,,22,8953.382542587166,895.3382542587166,0.4,T,H,Lose,9,14,,22,19979.64849962181,1997.964849962181,0.7,H,H,Win,17,6,,22,5993.586660740166,599.3586660740166,0.4,T,T,Win,10,13,,22,29846.141585854806,2984.6141585854807,0.2,T,T,Win,4,19,,22,7325.494807571317,732.5494807571317,0.6,T,H,Lose,13,10,,22,7325.4948075713155,732.5494807571316,0.5,T,T,Win,11,12,,22,8953.382542587166,895.3382542587166,0.5,T,H,Lose,12,11,,22,5993.586660740169,599.3586660740169,0.5,T,H,Lose,12,11,,22,8953.382542587164,895.3382542587165,0.5,H,T,Lose,11,12,,22,7325.494807571316,732.5494807571317,0.5,T,T,Win,12,11,,22,8953.382542587166,895.3382542587166,0.5,T,T,Win,11,12,,22,7325.494807571316,732.5494807571317,0.5,T,H,Lose,12,11,,22,4012.235698512013,401.2235698512013,0.5,T,H,Lose,11,12,,22,7325.4948075713155,732.5494807571316,0.5,H,H,Win,12,11,,22,13374.806020407988,1337.4806020407989,0.6,H,T,Lose,14,9,,22,16346.985136054207,1634.6985136054209,0.7,H,H,Win,16,7,,22,10943.023107606537,1094.3023107606539,0.4,T,H,Lose,10,13,,22,10943.023107606536,1094.3023107606537,0.4,T,T,Win,9,14,,22,10943.023107606536,1094.3023107606537,0.4,T,T,Win,9,14,,22,8953.38254258716,895.338254258716,0.5,T,H,Lose,11,12,,22,19979.648499621806,1997.9648499621808,0.4,T,H,Lose,9,14,,22,19979.64849962181,1997.964849962181,0.4,T,H,Lose,9,14,,22,7325.4948075713155,732.5494807571316,0.5,T,H,Lose,12,11,,22,5993.586660740169,599.3586660740169,0.5,H,T,Lose,12,11,,22,8953.382542587164,895.3382542587165,0.5,T,H,Lose,11,12,,22,5993.5866607401695,599.3586660740169,0.6,H,T,Lose,13,10,,22,5993.586660740167,599.3586660740167,0.5,T,H,Lose,11,12,,22,8953.38254258716,895.338254258716,0.5,T,H,Lose,11,12,,22,4903.843631514682,490.3843631514682,0.6,H,T,Lose,13,10,,22,5993.586660740166,599.3586660740166,0.7,H,H,Win,15,8,,22,8953.382542587166,895.3382542587166,0.5,T,H,Lose,11,12,,22,2685.8767899130003,268.58767899130004,0.5,H,H,Win,12,11,,22,7325.494807571315,732.5494807571315,0.5,T,H,Lose,11,12,,22,16346.985136054205,1634.6985136054207,0.4,T,H,Lose,9,14,,22,8953.382542587166,895.3382542587166,0.4,T,H,Lose,10,13,,22,13374.80602040799,1337.480602040799,0.6,H,T,Lose,14,9,,22,7325.4948075713155,732.5494807571316,0.4,T,H,Lose,9,14,,22,16346.985136054209,1634.6985136054209,0.3,T,T,Win,8,15,,22,10943.023107606536,1094.3023107606537,0.6,H,H,Win,13,10,,22,13374.806020407987,1337.4806020407987,0.6,H,T,Lose,13,10,,22,13374.806020407985,1337.4806020407987,0.3,T,T,Win,8,15,,22,10943.023107606536,1094.3023107606537,0.6,T,H,Lose,13,10,,22,10943.023107606532,1094.3023107606532,0.3,T,T,Win,8,15,,22,4012.235698512013,401.2235698512013,0.5,H,H,Win,12,11,,22,7325.494807571316,732.5494807571317,0.5,T,T,Win,11,12,,22,7325.494807571315,732.5494807571315,0.5,T,H,Lose,11,12,,22,10943.02310760653,1094.302310760653,0.4,T,T,Win,10,13,,22,7325.494807571316,732.5494807571317,0.4,T,T,Win,9,14,,22,13374.806020407985,1337.4806020407987,0.6,H,T,Lose,14,9,,22,8953.382542587162,895.3382542587162,0.5,T,H,Lose,11,12,,22,7325.4948075713155,732.5494807571316,0.6,H,T,Lose,13,10,,22,19979.64849962181,1997.964849962181,0.3,T,T,Win,6,17,,22,5993.586660740166,599.3586660740166,0.6,H,H,Win,14,9,,22,5993.586660740166,599.3586660740166,0.6,H,T,Lose,14,9,,22,16346.985136054209,1634.6985136054209,0.6,H,H,Win,14,9,,22,7325.494807571318,732.5494807571318,0.4,T,H,Lose,10,13,,22,8953.382542587166,895.3382542587166,0.6,H,T,Lose,14,9,,22,16346.985136054209,1634.6985136054209,0.7,H,H,Win,15,8,,22,7325.4948075713155,732.5494807571316,0.5,H,T,Lose,12,11,,22,8953.382542587164,895.3382542587165,0.5,T,H,Lose,11,12,,22,10943.023107606534,1094.3023107606534,0.4,T,H,Lose,10,13,,22,7325.494807571317,732.5494807571317,0.5,H,T,Lose,11,12,,22,8953.38254258716,895.338254258716,0.5,T,T,Win,11,12,,22,16346.985136054209,1634.6985136054209,0.3,T,T,Win,7,16,,22,10943.023107606528,1094.302310760653,0.4,T,T,Win,9,14,,22,13374.806020407985,1337.4806020407987,0.7,H,H,Win,17,6,,22,13374.806020407988,1337.4806020407989,0.4,T,H,Lose,10,13,,22,8953.382542587166,895.3382542587166,0.5,T,H,Lose,12,11,,22,13374.806020407988,1337.4806020407989,0.4,T,T,Win,10,13,,22,8953.382542587164,895.3382542587165,0.4,T,H,Lose,9,14,,22,4903.843631514681,490.3843631514681,0.6,H,H,Win,14,9,,22,16346.985136054205,1634.6985136054207,0.3,T,T,Win,7,16,,22,7325.4948075713155,732.5494807571316,0.5,T,H,Lose,12,11,,22,4903.84363151468,490.38436315146805,0.5,T,T,Win,11,12,,22,5993.586660740167,599.3586660740167,0.5,T,H,Lose,11,12,,22,8953.38254258716,895.338254258716,0.6,H,T,Lose,13,10,,22,13374.806020407985,1337.4806020407987,0.4,T,H,Lose,9,14,,22,8953.382542587162,895.3382542587162,0.6,H,H,Win,13,10,,22,5993.586660740167,599.3586660740167,0.5,H,H,Win,12,11,,22,5993.5866607401695,599.3586660740169,0.5,T,T,Win,12,11,,22,13374.806020407983,1337.4806020407984,0.4,T,T,Win,10,13,,22,13374.806020407985,1337.4806020407987,0.6,H,T,Lose,13,10,,22,10943.023107606536,1094.3023107606537,0.6,H,T,Lose,13,10,,22,16346.985136054209,1634.6985136054209,0.3,T,H,Lose,8,15,,22,16346.985136054205,1634.6985136054207,0.4,T,H,Lose,10,13,,22,13374.806020407987,1337.4806020407987,0.6,H,T,Lose,14,9,,22,10943.02310760653,1094.302310760653,0.7,H,H,Win,15,8,,22,7325.494807571316,732.5494807571317,0.6,T,H,Lose,13,10,,22,13374.806020407988,1337.4806020407989,0.4,T,H,Lose,9,14,,22,7325.494807571314,732.5494807571314,0.4,T,T,Win,10,13,,22,4903.84363151468,490.38436315146805,0.5,T,H,Lose,11,12,,22,4012.235698512013,401.2235698512013,0.4,T,T,Win,10,13,,22,8953.382542587166,895.3382542587166,0.6,T,H,Lose,13,10,,22,5993.586660740167,599.3586660740167,0.5,H,T,Lose,12,11,,22,7325.4948075713155,732.5494807571316,0.4,T,T,Win,10,13,,22,3282.7382987825563,328.27382987825564,0.6,T,H,Lose,13,10,,22,5993.586660740168,599.3586660740168,0.6,H,T,Lose,13,10,,22,13374.806020407983,1337.4806020407984,0.5,H,T,Lose,11,12,,22,7325.494807571318,732.5494807571318,0.5,T,H,Lose,12,11,,22,10943.023107606532,1094.3023107606532,0.4,T,T,Win,9,14,,22,7325.494807571316,732.5494807571317,0.6,H,T,Lose,13,10,,22,19979.648499621806,1997.9648499621808,0.3,T,T,Win,6,17,,22,5993.586660740169,599.3586660740169,0.5,H,T,Lose,12,11,,22,7325.494807571316,732.5494807571317,0.6,H,T,Lose,14,9,,22,13374.80602040799,1337.480602040799,0.3,T,T,Win,8,15,,22,8953.382542587164,895.3382542587165,0.5,H,H,Win,12,11,,22,19979.648499621813,1997.9648499621815,0.3,T,H,Lose,8,15,,22,8953.382542587164,895.3382542587165,0.7,H,H,Win,15,8,,22,4903.843631514683,490.3843631514683,0.5,H,H,Win,12,11,,22,8953.382542587164,895.3382542587165,0.5,H,T,Lose,12,11,,22,10943.023107606534,1094.3023107606534,0.4,T,H,Lose,10,13,,22,8953.38254258716,895.338254258716,0.4,T,T,Win,10,13,,22,4012.2356985120123,401.22356985120126,0.5,T,H,Lose,11,12,,22,7325.494807571318,732.5494807571318,0.4,T,H,Lose,10,13,,22,13374.806020407987,1337.4806020407987,0.3,T,T,Win,8,15,,22,16346.985136054205,1634.6985136054207,0.8,H,H,Win,18,5,,22,4903.843631514684,490.3843631514684,0.5,H,T,Lose,12,11,,22,13374.806020407988,1337.4806020407989,0.4,T,H,Lose,9,14,,22,13374.806020407985,1337.4806020407987,0.5,H,H,Win,12,11,,22,13374.806020407987,1337.4806020407987,0.3,T,T,Win,8,15,,22,13374.806020407985,1337.4806020407987,0.4,T,H,Lose,9,14,,22,7325.494807571313,732.5494807571313,0.5,T,H,Lose,12,11,,22,7325.4948075713155,732.5494807571316,0.4,T,H,Lose,10,13,,22,29846.141585854806,2984.6141585854807,0.8,H,H,Win,18,5,,22,13374.806020407988,1337.4806020407989,0.4,T,H,Lose,9,14,,22,16346.985136054207,1634.6985136054209,0.4,T,T,Win,9,14,,22,13374.806020407987,1337.4806020407987,0.7,H,H,Win,15,8,,22,7325.4948075713155,732.5494807571316,0.6,H,H,Win,14,9,,22,3282.7382987825563,328.27382987825564,0.5,H,H,Win,12,11,,22,8953.382542587164,895.3382542587165,0.5,T,H,Lose,12,11,,22,16346.985136054207,1634.6985136054209,0.3,T,T,Win,7,16,,22,13374.806020407988,1337.4806020407989,0.6,H,T,Lose,14,9,,22,10943.023107606536,1094.3023107606537,0.4,T,H,Lose,10,13,,22,10943.023107606536,1094.3023107606537,0.7,H,T,Lose,15,8,,22,8953.382542587164,895.3382542587165,0.5,H,T,Lose,11,12,,22,13374.806020407987,1337.4806020407987,0.4,T,H,Lose,9,14,,22,16346.985136054209,1634.6985136054209,0.3,T,T,Win,8,15,,22,7325.494807571316,732.5494807571317,0.6,H,H,Win,14,9,,22,7325.494807571314,732.5494807571314,0.6,H,H,Win,14,9,,22,16346.985136054205,1634.6985136054207,0.7,H,T,Lose,15,8,,22,13374.806020407988,1337.4806020407989,0.5,T,H,Lose,11,12,,22,5993.586660740167,599.3586660740167,0.5,T,H,Lose,11,12,,22,10943.023107606532,1094.3023107606532,0.4,T,T,Win,9,14,,22,7325.4948075713155,732.5494807571316,0.5,H,T,Lose,12,11,,22,5993.5866607401695,599.3586660740169,0.4,T,H,Lose,10,13,,22,13374.80602040799,1337.480602040799,0.5,H,H,Win,12,11,,22,3282.7382987825567,328.2738298782557,0.5,T,H,Lose,12,11,,22,4012.2356985120123,401.22356985120126,0.6,H,H,Win,13,10,,22,4903.843631514683,490.3843631514683,0.6,H,H,Win,13,10,,22,10943.023107606534,1094.3023107606534,0.4,T,H,Lose,10,13,,22,8953.382542587166,895.3382542587166,0.7,H,H,Win,16,7,,22,16346.985136054209,1634.6985136054209,0.6,H,T,Lose,14,9,,22,5993.586660740169,599.3586660740169,0.5,T,T,Win,12,11,,22,13374.806020407985,1337.4806020407987,0.7,H,T,Lose,15,8,,22,13374.806020407988,1337.4806020407989,0.5,T,T,Win,12,11,,22,13374.806020407987,1337.4806020407987,0.7,H,H,Win,15,8,,22,4903.843631514683,490.3843631514683,0.5,H,T,Lose,12,11,,22,10943.023107606536,1094.3023107606537,0.5,T,H,Lose,11,12,,22,13374.80602040799,1337.480602040799,0.4,T,H,Lose,9,14,,22,8953.38254258716,895.338254258716,0.5,T,H,Lose,11,12,,22,10943.023107606528,1094.302310760653,0.4,T,T,Win,9,14,,22,13374.806020407992,1337.4806020407993,0.3,T,T,Win,8,15,,22,10943.023107606532,1094.3023107606532,0.4,T,H,Lose,10,13,,22,13374.806020407988,1337.4806020407989,0.4,T,H,Lose,10,13,,22,8953.382542587166,895.3382542587166,0.5,T,H,Lose,11,12,,22,13374.806020407987,1337.4806020407987,0.7,H,H,Win,15,8,,22,7325.494807571317,732.5494807571317,0.5,H,T,Lose,12,11,,22,13374.80602040799,1337.480602040799,0.4,T,T,Win,10,13,,22,10943.023107606536,1094.3023107606537,0.4,T,T,Win,10,13,,22,8953.382542587162,895.3382542587162,0.5,T,H,Lose,11,12,,22,4903.843631514683,490.3843631514683,0.5,T,T,Win,12,11,,22,16346.985136054205,1634.6985136054207,0.6,H,H,Win,14,9,,22,8953.382542587162,895.3382542587162,0.5,H,T,Lose,12,11,,22,10943.023107606536,1094.3023107606537,0.4,T,H,Lose,10,13,,22,8953.382542587162,895.3382542587162,0.6,T,H,Lose,13,10,,22,8953.382542587166,895.3382542587166,0.7,H,H,Win,15,8,,22,10943.023107606536,1094.3023107606537,0.4,T,T,Win,9,14,,22,10943.023107606528,1094.302310760653,0.4,T,T,Win,9,14,,22,19979.648499621806,1997.9648499621808,0.7,H,T,Lose,15,8,,22,5993.586660740167,599.3586660740167,0.5,T,T,Win,12,11,,22,8953.382542587162,895.3382542587162,0.6,H,H,Win,14,9,,22,8953.382542587164,895.3382542587165,0.6,H,T,Lose,13,10,,22,7325.494807571314,732.5494807571314,0.5,T,H,Lose,11,12,,22,10943.023107606534,1094.3023107606534,0.4,T,T,Win,10,13,,22,16346.985136054205,1634.6985136054207,0.3,T,H,Lose,8,15,,22,19979.648499621813,1997.9648499621815,0.3,T,H,Lose,8,15,,22,3282.738298782556,328.2738298782556,0.5,H,T,Lose,12,11,,22,7325.4948075713155,732.5494807571316,0.6,H,H,Win,14,9,,22,24419.570388426655,2441.9570388426655,0.7,H,H,Win,17,6,,22,10943.023107606536,1094.3023107606537,0.5,H,T,Lose,11,12,,22,5993.586660740167,599.3586660740167,0.5,H,T,Lose,12,11,,22,8953.382542587162,895.3382542587162,0.6,H,T,Lose,14,9,,22,13374.806020407987,1337.4806020407987,0.3,T,T,Win,8,15,,22,24419.570388426648,2441.957038842665,0.3,T,T,Win,7,16,,22,8953.382542587166,895.3382542587166,0.5,T,H,Lose,11,12,,22,7325.494807571316,732.5494807571317,0.4,T,T,Win,10,13,,22,10943.023107606536,1094.3023107606537,0.4,T,T,Win,9,14,,22,7325.494807571315,732.5494807571315,0.5,T,H,Lose,11,12,,22,4903.843631514683,490.3843631514683,0.4,T,T,Win,10,13,,22,8953.382542587162,895.3382542587162,0.5,T,H,Lose,11,12,,22,13374.80602040799,1337.480602040799,0.6,H,T,Lose,14,9,,22,16346.985136054209,1634.6985136054209,0.4,T,T,Win,9,14,,22,10943.023107606536,1094.3023107606537,0.4,T,H,Lose,10,13,,22,10943.023107606532,1094.3023107606532,0.7,H,H,Win,15,8,,22,5993.586660740166,599.3586660740166,0.4,T,T,Win,9,14,,22,10943.023107606536,1094.3023107606537,0.6,H,T,Lose,13,10,,22,8953.382542587166,895.3382542587166,0.5,T,T,Win,11,12,,22,29846.1415858548,2984.6141585854803,0.8,H,H,Win,18,5,,22,10943.023107606532,1094.3023107606532,0.6,H,T,Lose,14,9,,22,10943.023107606532,1094.3023107606532,0.5,H,H,Win,12,11,,22,10943.023107606532,1094.3023107606532,0.7,H,T,Lose,15,8,,22,8953.382542587158,895.3382542587159,0.5,T,T,Win,11,12,,22,13374.80602040799,1337.480602040799,0.4,T,H,Lose,9,14,,22,16346.985136054209,1634.6985136054209,0.3,T,H,Lose,8,15,,22,5993.586660740168,599.3586660740168,0.6,T,H,Lose,13,10,,22,3282.7382987825563,328.27382987825564,0.4,T,T,Win,10,13,,22,8953.382542587162,895.3382542587162,0.4,T,T,Win,10,13,,22,16346.985136054207,1634.6985136054209,0.3,T,T,Win,7,16,,22,4903.843631514684,490.3843631514684,0.5,T,T,Win,12,11,,22,16346.985136054209,1634.6985136054209,0.7,H,H,Win,15,8,,22,13374.806020407987,1337.4806020407987,0.5,T,T,Win,11,12,,22,24419.57038842666,2441.957038842666,0.3,T,H,Lose,8,15,,22,13374.806020407988,1337.4806020407989,0.4,T,T,Win,10,13,,22,8953.382542587167,895.3382542587168,0.6,H,T,Lose,13,10,,22,8953.382542587162,895.3382542587162,0.6,H,T,Lose,14,9,,22,16346.985136054207,1634.6985136054209,0.5,T,H,Lose,12,11,,22,10943.023107606536,1094.3023107606537,0.6,H,T,Lose,13,10,,22,5993.586660740166,599.3586660740166,0.6,H,H,Win,14,9,,22,7325.4948075713155,732.5494807571316,0.6,H,H,Win,13,10,,22,7325.494807571313,732.5494807571313,0.5,T,T,Win,12,11,,22,4903.843631514684,490.3843631514684,0.6,H,H,Win,13,10,,22,4903.843631514682,490.3843631514682,0.6,H,H,Win,13,10,,22,7325.494807571318,732.5494807571318,0.4,T,H,Lose,10,13,,22,8953.382542587166,895.3382542587166,0.6,H,H,Win,13,10,,22,13374.806020407987,1337.4806020407987,0.3,T,T,Win,8,15,,22,10943.023107606534,1094.3023107606534,0.4,T,H,Lose,9,14,,22,10943.023107606536,1094.3023107606537,0.5,T,H,Lose,12,11,,22,8953.382542587166,895.3382542587166,0.6,T,H,Lose,13,10,,22,10943.02310760653,1094.302310760653,0.6,H,H,Win,13,10,,22,10943.023107606532,1094.3023107606532,0.4,T,H,Lose,10,13,,22,5993.5866607401695,599.3586660740169,0.5,H,H,Win,12,11,,22,10943.023107606532,1094.3023107606532,0.6,H,T,Lose,13,10,,22,16346.985136054205,1634.6985136054207,0.4,T,H,Lose,9,14,,22,7325.494807571317,732.5494807571317,0.4,T,H,Lose,10,13,,22,7325.4948075713155,732.5494807571316,0.4,T,H,Lose,10,13,,22,4012.235698512014,401.22356985120143,0.6,H,H,Win,14,9,,22,8953.382542587162,895.3382542587162,0.5,H,H,Win,12,11,,22,16346.985136054207,1634.6985136054209,0.4,T,T,Win,9,14,,22,4903.843631514684,490.3843631514684,0.6,H,H,Win,13,10,,22,4012.2356985120136,401.2235698512014,0.5,H,T,Lose,11,12,,22,4012.2356985120123,401.22356985120126,0.5,T,T,Win,12,11,,22,19979.648499621806,1997.9648499621808,0.7,H,H,Win,16,7,,22,5993.586660740167,599.3586660740167,0.4,T,T,Win,10,13,,22,10943.02310760653,1094.302310760653,0.4,T,H,Lose,10,13,,22,16346.985136054202,1634.6985136054202,0.4,T,H,Lose,10,13,,22,13374.806020407981,1337.4806020407982,0.3,T,T,Win,7,16,,22,5993.586660740167,599.3586660740167,0.5,T,T,Win,12,11,,22,5993.586660740169,599.3586660740169,0.5,T,H,Lose,11,12,,22,8953.382542587162,895.3382542587162,0.6,H,H,Win,13,10,,22,8953.382542587162,895.3382542587162,0.4,T,T,Win,10,13,,22,19979.648499621813,1997.9648499621815,0.4,T,H,Lose,9,14,,22,7325.4948075713155,732.5494807571316,0.4,T,T,Win,10,13,,22,5993.586660740169,599.3586660740169,0.5,T,H,Lose,11,12,,22,4903.843631514683,490.3843631514683,0.6,H,H,Win,14,9,,22,10943.023107606534,1094.3023107606534,0.5,T,H,Lose,11,12,,22,13374.806020407985,1337.4806020407987,0.6,H,T,Lose,13,10,,22,4903.843631514683,490.3843631514683,0.6,H,H,Win,13,10,,22,5993.586660740166,599.3586660740166,0.7,H,H,Win,15,8,,22,4903.843631514684,490.3843631514684,0.5,H,H,Win,12,11,,22,7325.494807571318,732.5494807571318,0.4,T,H,Lose,10,13,,22,4903.843631514684,490.3843631514684,0.6,H,H,Win,13,10,,22,7325.4948075713155,732.5494807571316,0.6,T,H,Lose,13,10,,22,10943.023107606534,1094.3023107606534,0.6,H,T,Lose,13,10,,22,5993.58666074017,599.358666074017,0.5,H,T,Lose,11,12,,22,8953.382542587166,895.3382542587166,0.4,T,H,Lose,10,13,,22,5993.586660740167,599.3586660740167,0.6,T,H,Lose,13,10,,22,7325.4948075713155,732.5494807571316,0.4,T,T,Win,9,14,,22,10943.023107606536,1094.3023107606537,0.5,T,H,Lose,12,11,,22,13374.806020407983,1337.4806020407984,0.7,H,H,Win,16,7,,22,13374.806020407987,1337.4806020407987,0.4,T,T,Win,10,13,,22,16346.985136054205,1634.6985136054207,0.5,T,T,Win,11,12,,22,19979.648499621813,1997.9648499621815,0.7,H,H,Win,16,7,,22,3282.7382987825563,328.27382987825564,0.5,H,H,Win,12,11,,22,4903.843631514683,490.3843631514683,0.5,H,T,Lose,12,11,,22,8953.382542587164,895.3382542587165,0.6,T,H,Lose,13,10,,22,7325.494807571314,732.5494807571314,0.4,T,T,Win,10,13,,22,10943.023107606534,1094.3023107606534,0.6,H,T,Lose,14,9,,22,8953.382542587167,895.3382542587168,0.4,T,T,Win,9,14,,22,5993.586660740167,599.3586660740167,0.5,T,H,Lose,11,12,,22,10943.023107606537,1094.3023107606539,0.4,T,H,Lose,10,13,,22,5993.586660740167,599.3586660740167,0.5,T,T,Win,11,12,
23,14712.28662244878,1471.2286622448783,0.6,H,T,Lose,14,10,,23,12037.325418367183,1203.7325418367184,0.5,T,H,Lose,11,13,,23,8058.044288328449,805.8044288328449,0.4,T,H,Lose,10,14,,23,8058.044288328447,805.8044288328447,0.5,T,H,Lose,12,12,,23,9848.720796845879,984.8720796845879,0.5,T,T,Win,11,13,,23,12037.325418367183,1203.7325418367184,0.5,T,H,Lose,12,12,,23,6592.945326814184,659.2945326814184,0.5,T,T,Win,13,11,,23,8058.044288328449,805.8044288328449,0.5,T,H,Lose,11,13,,23,9848.72079684588,984.8720796845881,0.5,T,H,Lose,11,13,,23,6592.945326814183,659.2945326814183,0.4,T,T,Win,9,15,,23,6592.945326814182,659.2945326814183,0.5,T,T,Win,12,12,,23,9848.72079684588,984.8720796845881,0.5,T,H,Lose,11,13,,23,12037.325418367185,1203.7325418367186,0.4,T,T,Win,9,15,,23,17981.683649659633,1798.1683649659635,0.4,T,H,Lose,10,14,,23,9848.720796845879,984.8720796845879,0.3,T,T,Win,7,17,,23,8058.044288328447,805.8044288328447,0.6,H,H,Win,15,9,,23,12037.325418367187,1203.7325418367188,0.4,T,H,Lose,10,14,,23,9848.720796845882,984.8720796845882,0.5,H,H,Win,13,11,,23,8058.044288328447,805.8044288328447,0.5,T,T,Win,11,13,,23,12037.325418367189,1203.7325418367188,0.4,T,H,Lose,10,14,,23,5394.22799466615,539.4227994666151,0.4,T,T,Win,10,14,,23,9848.720796845879,984.8720796845879,0.4,T,T,Win,10,14,,23,6592.945326814183,659.2945326814183,0.5,T,H,Lose,13,11,,23,21977.613349583993,2197.7613349583994,0.8,H,H,Win,18,6,,23,9848.720796845884,984.8720796845885,0.6,H,T,Lose,14,10,,23,8058.044288328449,805.8044288328449,0.5,H,T,Lose,11,13,,23,9848.720796845882,984.8720796845882,0.5,H,T,Lose,13,11,,23,21977.613349583982,2197.7613349583985,0.2,T,T,Win,6,18,,23,6592.945326814184,659.2945326814184,0.4,T,T,Win,10,14,,23,5394.227994666152,539.4227994666152,0.6,H,H,Win,15,9,,23,14712.286622448779,1471.228662244878,0.7,H,T,Lose,16,8,,23,9848.72079684588,984.8720796845881,0.6,H,T,Lose,14,10,,23,8058.044288328447,805.8044288328447,0.5,T,H,Lose,11,13,,23,9848.72079684588,984.8720796845881,0.5,H,T,Lose,11,13,,23,5394.227994666151,539.4227994666152,0.5,T,T,Win,12,12,,23,12037.325418367189,1203.7325418367188,0.4,T,T,Win,9,15,,23,12037.325418367192,1203.7325418367193,0.4,T,H,Lose,10,14,,23,8058.044288328447,805.8044288328447,0.5,H,T,Lose,12,12,,23,17981.68364965963,1798.168364965963,0.5,H,H,Win,12,12,,23,14712.286622448784,1471.2286622448785,0.4,T,T,Win,9,15,,23,12037.325418367185,1203.7325418367186,0.5,H,H,Win,12,12,,23,14712.28662244879,1471.2286622448792,0.4,T,T,Win,9,15,,23,12037.325418367185,1203.7325418367186,0.4,T,H,Lose,10,14,,23,9848.720796845873,984.8720796845873,0.4,T,T,Win,9,15,,23,8058.044288328447,805.8044288328447,0.5,H,T,Lose,11,13,,23,12037.32541836719,1203.732541836719,0.7,H,T,Lose,16,8,,23,14712.286622448788,1471.228662244879,0.6,H,T,Lose,15,9,,23,6592.945326814184,659.2945326814184,0.4,T,T,Win,9,15,,23,8058.044288328446,805.8044288328447,0.5,H,H,Win,12,12,,23,21977.613349583993,2197.7613349583994,0.3,T,H,Lose,7,17,,23,6592.945326814184,659.2945326814184,0.5,H,H,Win,12,12,,23,12037.325418367189,1203.7325418367188,0.4,T,H,Lose,10,14,,23,9848.720796845882,984.8720796845882,0.4,T,H,Lose,10,14,,23,17981.683649659633,1798.1683649659635,0.4,T,T,Win,9,15,,23,6592.945326814182,659.2945326814183,0.5,H,T,Lose,12,12,,23,12037.325418367189,1203.7325418367188,0.4,T,H,Lose,10,14,,23,9848.72079684588,984.8720796845881,0.5,H,T,Lose,11,13,,23,14712.286622448788,1471.228662244879,0.4,T,H,Lose,9,15,,23,4413.4592683632145,441.3459268363215,0.5,T,T,Win,13,11,,23,12037.325418367187,1203.7325418367188,0.7,H,H,Win,16,8,,23,8058.044288328447,805.8044288328447,0.5,H,H,Win,13,11,,23,6592.945326814184,659.2945326814184,0.5,H,H,Win,13,11,,23,9848.72079684588,984.8720796845881,0.5,H,T,Lose,13,11,,23,21977.613349583986,2197.7613349583985,0.2,T,T,Win,6,18,,23,14712.286622448784,1471.2286622448785,0.3,T,T,Win,8,16,,23,9848.720796845879,984.8720796845879,0.6,H,T,Lose,15,9,,23,6592.945326814186,659.2945326814187,0.5,H,T,Lose,12,12,,23,8058.044288328446,805.8044288328447,0.4,T,T,Win,9,15,,23,14712.286622448788,1471.228662244879,0.7,H,T,Lose,16,8,,23,3611.012128660811,361.10121286608114,0.6,H,H,Win,14,10,,23,5394.227994666149,539.422799466615,0.5,H,T,Lose,13,11,,23,5394.227994666149,539.422799466615,0.6,H,H,Win,14,10,,23,5394.227994666151,539.4227994666152,0.6,H,H,Win,14,10,,23,14712.286622448777,1471.2286622448778,0.4,T,H,Lose,9,15,,23,8058.044288328449,805.8044288328449,0.5,H,T,Lose,11,13,,23,5394.22799466615,539.4227994666151,0.5,T,H,Lose,11,13,,23,8058.044288328451,805.8044288328451,0.5,T,H,Lose,11,13,,23,12037.32541836719,1203.732541836719,0.4,T,T,Win,9,15,,23,12037.325418367189,1203.7325418367188,0.6,H,H,Win,14,10,,23,9848.720796845882,984.8720796845882,0.5,H,H,Win,13,11,,23,14712.286622448784,1471.2286622448785,0.3,T,T,Win,7,17,,23,5394.227994666152,539.4227994666152,0.6,T,H,Lose,14,10,,23,12037.325418367187,1203.7325418367188,0.4,T,T,Win,9,15,,23,8058.044288328449,805.8044288328449,0.5,H,T,Lose,11,13,,23,8058.044288328449,805.8044288328449,0.6,H,H,Win,15,9,,23,4413.459268363215,441.34592683632155,0.5,T,H,Lose,12,12,,23,14712.286622448779,1471.228662244878,0.6,H,T,Lose,15,9,,23,5394.227994666152,539.4227994666152,0.6,H,H,Win,15,9,,23,12037.325418367185,1203.7325418367186,0.7,H,H,Win,16,8,,23,9848.720796845879,984.8720796845879,0.5,T,H,Lose,11,13,,23,8058.044288328449,805.8044288328449,0.5,T,H,Lose,11,13,,23,4413.4592683632145,441.3459268363215,0.5,T,H,Lose,12,12,,23,12037.325418367185,1203.7325418367186,0.4,T,T,Win,9,15,,23,17981.683649659633,1798.1683649659635,0.3,T,H,Lose,8,16,,23,8058.044288328447,805.8044288328447,0.5,H,H,Win,12,12,,23,26861.527427269317,2686.152742726932,0.2,T,H,Lose,6,18,,23,9848.720796845886,984.8720796845887,0.5,T,T,Win,13,11,,23,5394.22799466615,539.4227994666151,0.6,H,H,Win,15,9,,23,14712.286622448784,1471.2286622448785,0.5,T,H,Lose,11,13,,23,5394.227994666151,539.4227994666152,0.5,T,H,Lose,12,12,,23,8058.044288328447,805.8044288328447,0.7,H,H,Win,16,8,,23,14712.286622448784,1471.2286622448785,0.5,T,H,Lose,13,11,,23,8058.044288328447,805.8044288328447,0.5,H,H,Win,12,12,,23,9848.720796845882,984.8720796845882,0.4,T,T,Win,9,15,,23,12037.325418367187,1203.7325418367188,0.5,H,H,Win,13,11,,23,6592.945326814182,659.2945326814183,0.5,T,H,Lose,13,11,,23,9848.720796845877,984.8720796845878,0.6,H,H,Win,15,9,,23,6592.945326814184,659.2945326814184,0.5,H,H,Win,13,11,,23,6592.945326814184,659.2945326814184,0.6,H,T,Lose,14,10,,23,9848.720796845875,984.8720796845876,0.5,H,T,Lose,12,12,,23,21977.61334958399,2197.761334958399,0.2,T,T,Win,6,18,,23,4413.4592683632145,441.3459268363215,0.6,H,H,Win,15,9,,23,4413.459268363214,441.3459268363214,0.6,T,H,Lose,14,10,,23,5394.227994666152,539.4227994666152,0.6,H,T,Lose,14,10,,23,12037.325418367185,1203.7325418367186,0.5,T,H,Lose,11,13,,23,12037.325418367189,1203.7325418367188,0.4,T,H,Lose,10,14,,23,6592.945326814184,659.2945326814184,0.4,T,T,Win,10,14,,23,5394.227994666151,539.4227994666152,0.5,T,H,Lose,13,11,,23,5394.227994666151,539.4227994666152,0.5,T,T,Win,11,13,,23,8058.044288328446,805.8044288328447,0.6,H,T,Lose,15,9,,23,8058.044288328447,805.8044288328447,0.6,H,T,Lose,14,10,,23,14712.286622448788,1471.228662244879,0.3,T,T,Win,8,16,,23,9848.720796845879,984.8720796845879,0.4,T,H,Lose,10,14,,23,9848.72079684588,984.8720796845881,0.5,T,H,Lose,11,13,,23,17981.68364965963,1798.168364965963,0.3,T,H,Lose,8,16,,23,6592.945326814182,659.2945326814183,0.5,H,T,Lose,13,11,,23,4413.4592683632145,441.3459268363215,0.5,T,T,Win,12,12,,23,12037.325418367185,1203.7325418367186,0.6,H,T,Lose,15,9,,23,9848.720796845882,984.8720796845882,0.4,T,T,Win,9,15,,23,8058.044288328446,805.8044288328447,0.6,H,H,Win,15,9,,23,8058.044288328449,805.8044288328449,0.6,H,H,Win,15,9,,23,12037.325418367185,1203.7325418367186,0.4,T,H,Lose,10,14,,23,8058.044288328449,805.8044288328449,0.6,H,T,Lose,14,10,,23,17981.68364965963,1798.168364965963,0.4,T,T,Win,9,15,,23,17981.68364965963,1798.168364965963,0.8,H,H,Win,18,6,,23,12037.325418367183,1203.7325418367184,0.4,T,T,Win,10,14,,23,5394.22799466615,539.4227994666151,0.5,T,T,Win,12,12,,23,3611.0121286608132,361.10121286608137,0.4,T,T,Win,10,14,,23,8058.044288328447,805.8044288328447,0.5,T,H,Lose,11,13,,23,12037.325418367183,1203.7325418367184,0.5,T,T,Win,12,12,,23,17981.683649659626,1798.1683649659626,0.4,T,H,Lose,9,15,,23,9848.720796845879,984.8720796845879,0.5,T,T,Win,13,11,,23,4413.459268363215,441.34592683632155,0.4,T,T,Win,10,14,,23,9848.720796845875,984.8720796845876,0.5,T,H,Lose,11,13,,23,8058.04428832845,805.8044288328451,0.5,T,T,Win,13,11,,23,12037.325418367185,1203.7325418367186,0.4,T,H,Lose,10,14,,23,9848.720796845882,984.8720796845882,0.6,H,H,Win,15,9,,23,9848.720796845875,984.8720796845876,0.4,T,T,Win,10,14,,23,5394.227994666149,539.422799466615,0.5,H,T,Lose,11,13,,23,8058.044288328447,805.8044288328447,0.5,T,H,Lose,11,13,,23,12037.32541836719,1203.732541836719,0.4,T,T,Win,10,14,,23,5394.227994666153,539.4227994666153,0.5,H,T,Lose,11,13,,23,17981.683649659633,1798.1683649659635,0.7,H,H,Win,17,7,,23,9848.720796845879,984.8720796845879,0.4,T,T,Win,10,14,,23,12037.325418367185,1203.7325418367186,0.4,T,H,Lose,10,14,,23,4413.459268363215,441.34592683632155,0.5,T,H,Lose,11,13,,23,3611.0121286608123,361.10121286608126,0.5,H,H,Win,13,11,,23,6592.945326814185,659.2945326814186,0.5,T,H,Lose,11,13,,23,9848.720796845882,984.8720796845882,0.5,H,H,Win,13,11,,23,21977.613349583986,2197.7613349583985,0.7,H,T,Lose,17,7,,23,14712.286622448788,1471.228662244879,0.4,T,T,Win,9,15,,23,3611.0121286608123,361.10121286608126,0.5,T,H,Lose,12,12,,23,12037.325418367189,1203.7325418367188,0.4,T,T,Win,10,14,,23,3611.012128660812,361.1012128660812,0.5,H,H,Win,13,11,,23,6592.945326814188,659.2945326814188,0.5,T,H,Lose,11,13,,23,8058.044288328447,805.8044288328447,0.5,H,T,Lose,13,11,,23,12037.325418367189,1203.7325418367188,0.6,H,H,Win,15,9,,23,9848.720796845875,984.8720796845876,0.5,T,T,Win,11,13,,23,12037.32541836719,1203.732541836719,0.7,H,H,Win,16,8,,23,14712.286622448779,1471.228662244878,0.6,H,H,Win,14,10,,23,5394.227994666152,539.4227994666152,0.5,H,T,Lose,12,12,,23,9848.72079684588,984.8720796845881,0.6,T,H,Lose,14,10,,23,8058.044288328446,805.8044288328447,0.5,T,T,Win,13,11,,23,9848.720796845879,984.8720796845879,0.4,T,H,Lose,10,14,,23,5394.227994666149,539.422799466615,0.6,T,H,Lose,14,10,,23,14712.286622448788,1471.228662244879,0.3,T,T,Win,8,16,,23,9848.720796845886,984.8720796845887,0.4,T,T,Win,10,14,,23,8058.044288328447,805.8044288328447,0.5,T,T,Win,11,13,,23,8058.044288328444,805.8044288328445,0.5,T,T,Win,13,11,,23,6592.945326814187,659.2945326814188,0.5,T,T,Win,11,13,,23,12037.325418367183,1203.7325418367184,0.7,H,T,Lose,16,8,,23,12037.325418367183,1203.7325418367184,0.6,H,H,Win,15,9,,23,9848.720796845877,984.8720796845878,0.4,T,H,Lose,10,14,,23,4413.459268363216,441.34592683632167,0.6,H,H,Win,14,10,,23,4413.4592683632145,441.3459268363215,0.6,H,H,Win,14,10,,23,12037.325418367189,1203.7325418367188,0.7,H,H,Win,16,8,,23,12037.325418367187,1203.7325418367188,0.6,H,H,Win,15,9,,23,26861.52742726932,2686.152742726932,0.3,T,H,Lose,7,17,,23,4413.459268363215,441.34592683632155,0.6,H,H,Win,15,9,,23,6592.9453268141815,659.2945326814182,0.5,H,T,Lose,13,11,,23,6592.945326814183,659.2945326814183,0.5,H,H,Win,13,11,,23,17981.68364965963,1798.168364965963,0.3,T,T,Win,7,17,,23,9848.720796845877,984.8720796845878,0.5,T,T,Win,11,13,,23,14712.286622448784,1471.2286622448785,0.5,T,H,Lose,13,11,,23,8058.044288328449,805.8044288328449,0.5,T,H,Lose,12,12,,23,9848.72079684588,984.8720796845881,0.5,T,H,Lose,11,13,,23,9848.72079684588,984.8720796845881,0.5,T,H,Lose,11,13,,23,8058.044288328449,805.8044288328449,0.6,T,H,Lose,14,10,,23,17981.683649659633,1798.1683649659635,0.3,T,T,Win,7,17,,23,21977.61334958399,2197.761334958399,0.3,T,T,Win,7,17,,23,21977.613349583997,2197.7613349584,0.4,T,H,Lose,9,15,,23,17981.683649659633,1798.1683649659635,0.7,H,H,Win,17,7,,23,3611.012128660811,361.10121286608114,0.5,H,T,Lose,13,11,,23,14712.286622448788,1471.228662244879,0.6,H,T,Lose,14,10,,23,5394.22799466615,539.4227994666151,0.6,H,H,Win,15,9,,23,9848.72079684588,984.8720796845881,0.5,H,T,Lose,12,12,,23,8058.044288328444,805.8044288328445,0.5,H,H,Win,12,12,,23,14712.286622448784,1471.2286622448785,0.3,T,T,Win,8,16,,23,14712.286622448788,1471.228662244879,0.3,T,T,Win,8,16,,23,14712.286622448784,1471.2286622448785,0.8,H,H,Win,18,6,,23,8058.044288328449,805.8044288328449,0.6,H,T,Lose,14,10,,23,5394.22799466615,539.4227994666151,0.5,T,T,Win,13,11,,23,14712.286622448788,1471.228662244879,0.4,T,H,Lose,9,15,,23,12037.32541836719,1203.732541836719,0.4,T,T,Win,9,15,,23,5394.227994666151,539.4227994666152,0.5,H,T,Lose,11,13,,23,6592.945326814183,659.2945326814183,0.5,T,H,Lose,11,13,,23,5394.22799466615,539.4227994666151,0.5,T,T,Win,11,13,,23,14712.286622448777,1471.2286622448778,0.4,T,T,Win,10,14,,23,21977.613349583986,2197.7613349583985,0.7,H,H,Win,17,7,,23,8058.044288328447,805.8044288328447,0.5,H,H,Win,13,11,,23,8058.044288328446,805.8044288328447,0.5,T,T,Win,11,13,,23,6592.945326814183,659.2945326814183,0.6,H,T,Lose,14,10,,23,2954.4644689043007,295.4464468904301,0.5,H,T,Lose,12,12,,23,5394.227994666149,539.422799466615,0.5,H,T,Lose,12,12,,23,8058.044288328447,805.8044288328447,0.6,H,H,Win,14,10,,23,14712.286622448788,1471.228662244879,0.3,T,T,Win,8,16,,23,6592.945326814184,659.2945326814184,0.5,H,T,Lose,13,11,,23,4413.459268363214,441.3459268363214,0.6,H,H,Win,14,10,,23,8058.044288328446,805.8044288328447,0.5,H,H,Win,13,11,,23,8058.044288328444,805.8044288328445,0.5,H,T,Lose,12,12,,23,17981.683649659626,1798.1683649659626,0.7,H,H,Win,16,8,,23,8058.044288328449,805.8044288328449,0.6,H,H,Win,15,9,,23,9848.720796845882,984.8720796845882,0.6,H,T,Lose,15,9,,23,6592.945326814186,659.2945326814187,0.5,H,H,Win,12,12,,23,5394.227994666151,539.4227994666152,0.5,T,H,Lose,12,12,,23,14712.28662244878,1471.2286622448783,0.6,H,T,Lose,15,9,,23,5394.227994666149,539.422799466615,0.6,H,H,Win,14,10,,23,14712.286622448784,1471.2286622448785,0.3,T,T,Win,8,16,,23,12037.325418367189,1203.7325418367188,0.5,H,T,Lose,12,12,,23,9848.720796845882,984.8720796845882,0.5,H,T,Lose,13,11,,23,12037.325418367189,1203.7325418367188,0.6,H,T,Lose,15,9,,23,6592.945326814182,659.2945326814183,0.6,H,H,Win,14,10,,23,8058.044288328447,805.8044288328447,0.6,H,H,Win,15,9,,23,14712.286622448784,1471.2286622448785,0.5,T,H,Lose,11,13,,23,14712.286622448784,1471.2286622448785,0.7,H,H,Win,17,7,,23,5394.227994666152,539.4227994666152,0.6,H,T,Lose,14,10,,23,8058.044288328449,805.8044288328449,0.5,T,T,Win,13,11,,23,14712.286622448788,1471.228662244879,0.5,T,T,Win,12,12,,23,5394.227994666149,539.422799466615,0.5,T,T,Win,13,11,,23,9848.720796845884,984.8720796845885,0.4,T,T,Win,10,14,,23,21977.61334958399,2197.761334958399,0.3,T,T,Win,8,16,,23,12037.325418367185,1203.7325418367186,0.5,T,T,Win,13,11,,23,4413.4592683632145,441.3459268363215,0.5,T,H,Lose,11,13,,23,6592.945326814184,659.2945326814184,0.5,T,H,Lose,13,11,,23,5394.227994666149,539.422799466615,0.5,T,T,Win,13,11,,23,8058.044288328447,805.8044288328447,0.6,H,T,Lose,14,10,,23,5394.227994666151,539.4227994666152,0.5,T,T,Win,11,13,,23,3611.012128660812,361.1012128660812,0.5,T,H,Lose,12,12,,23,8058.044288328447,805.8044288328447,0.4,T,T,Win,10,14,,23,9848.720796845884,984.8720796845885,0.4,T,T,Win,10,14,,23,5394.227994666149,539.422799466615,0.5,H,T,Lose,12,12,,23,14712.286622448786,1471.2286622448787,0.4,T,H,Lose,9,15,,23,12037.325418367185,1203.7325418367186,0.4,T,T,Win,10,14,,23,8058.044288328447,805.8044288328447,0.5,T,H,Lose,13,11,,23,12037.325418367183,1203.7325418367184,0.4,T,H,Lose,9,15,,23,4413.4592683632145,441.3459268363215,0.5,H,H,Win,13,11,,23,6592.945326814184,659.2945326814184,0.5,T,H,Lose,13,11,,23,9848.720796845875,984.8720796845876,0.4,T,T,Win,10,14,,23,6592.9453268141815,659.2945326814182,0.5,H,H,Win,13,11,,23,14712.286622448784,1471.2286622448785,0.4,T,H,Lose,9,15,,23,14712.286622448788,1471.228662244879,0.6,H,T,Lose,15,9,,23,6592.945326814184,659.2945326814184,0.5,T,H,Lose,13,11,,23,12037.325418367189,1203.7325418367188,0.5,H,H,Win,13,11,,23,14712.286622448788,1471.228662244879,0.6,H,H,Win,15,9,,23,9848.720796845884,984.8720796845885,0.3,T,T,Win,8,16,,23,5394.227994666153,539.4227994666153,0.5,T,H,Lose,12,12,,23,9848.720796845882,984.8720796845882,0.3,T,T,Win,8,16,,23,9848.720796845882,984.8720796845882,0.4,T,T,Win,10,14,,23,8058.044288328446,805.8044288328447,0.6,H,H,Win,15,9,,23,21977.61334958399,2197.761334958399,0.7,H,H,Win,17,7,,23,9848.720796845879,984.8720796845879,0.4,T,T,Win,9,15,,23,9848.720796845884,984.8720796845885,0.6,H,T,Lose,14,10,,23,9848.720796845879,984.8720796845879,0.5,T,H,Lose,11,13,,23,8058.044288328447,805.8044288328447,0.5,T,T,Win,13,11,,23,12037.325418367183,1203.7325418367184,0.4,T,T,Win,9,15,,23,12037.32541836719,1203.732541836719,0.4,T,T,Win,9,15,,23,17981.68364965963,1798.168364965963,0.3,T,H,Lose,8,16,,23,9848.720796845877,984.8720796845878,0.4,T,T,Win,10,14,,23,3611.012128660812,361.1012128660812,0.5,H,T,Lose,12,12,,23,14712.286622448786,1471.2286622448787,0.4,T,T,Win,10,14,,23,5394.227994666149,539.422799466615,0.4,T,T,Win,10,14,,23,12037.325418367185,1203.7325418367186,0.5,H,T,Lose,11,13,,23,12037.325418367189,1203.7325418367188,0.4,T,H,Lose,9,15,,23,5394.227994666152,539.4227994666152,0.6,H,H,Win,14,10,,23,8058.044288328446,805.8044288328447,0.5,T,H,Lose,13,11,,23,6592.945326814182,659.2945326814183,0.5,H,T,Lose,13,11,,23,2417.2891109217007,241.72891109217008,0.5,T,T,Win,12,12,,23,5394.227994666149,539.422799466615,0.5,H,T,Lose,13,11,,23,9848.720796845882,984.8720796845882,0.5,T,H,Lose,11,13,,23,9848.72079684588,984.8720796845881,0.5,T,H,Lose,12,12,,23,17981.683649659626,1798.1683649659626,0.3,T,T,Win,7,17,,23,6592.945326814184,659.2945326814184,0.5,H,H,Win,13,11,,23,21977.61334958399,2197.761334958399,0.3,T,H,Lose,7,17,,23,21977.613349583993,2197.7613349583994,0.3,T,H,Lose,7,17,,23,14712.286622448779,1471.228662244878,0.3,T,T,Win,8,16,,23,14712.286622448788,1471.228662244879,0.6,H,T,Lose,15,9,,23,14712.28662244879,1471.2286622448792,0.4,T,H,Lose,9,15,,23,9848.720796845877,984.8720796845878,0.5,H,T,Lose,11,13,,23,3611.0121286608123,361.10121286608126,0.5,H,T,Lose,13,11,,23,6592.945326814186,659.2945326814187,0.5,T,H,Lose,12,12,,23,14712.286622448788,1471.228662244879,0.4,T,H,Lose,9,15,,23,5394.227994666153,539.4227994666153,0.6,H,H,Win,14,10,,23,12037.325418367189,1203.7325418367188,0.5,H,T,Lose,11,13,,23,3611.012128660811,361.10121286608114,0.5,H,H,Win,12,12,,23,8058.044288328449,805.8044288328449,0.5,H,T,Lose,13,11,,23,4413.459268363214,441.3459268363214,0.5,H,H,Win,13,11,,23,12037.325418367189,1203.7325418367188,0.5,T,H,Lose,11,13,,23,32830.755744440285,3283.0755744440285,0.8,H,H,Win,19,5,,23,9848.720796845877,984.8720796845878,0.5,T,H,Lose,11,13,,23,8058.044288328449,805.8044288328449,0.5,T,T,Win,12,12,,23,6592.945326814184,659.2945326814184,0.5,T,T,Win,11,13,,23,12037.325418367183,1203.7325418367184,0.7,H,H,Win,16,8,,23,9848.72079684588,984.8720796845881,0.6,H,T,Lose,14,10,,23,4413.459268363214,441.3459268363214,0.5,T,T,Win,13,11,,23,12037.325418367189,1203.7325418367188,0.4,T,H,Lose,10,14,,23,12037.325418367183,1203.7325418367184,0.6,H,H,Win,15,9,,23,8058.044288328449,805.8044288328449,0.5,T,H,Lose,12,12,,23,12037.325418367189,1203.7325418367188,0.6,H,T,Lose,15,9,,23,5394.227994666153,539.4227994666153,0.5,H,T,Lose,12,12,,23,2954.4644689043007,295.4464468904301,0.5,H,H,Win,12,12,,23,12037.325418367189,1203.7325418367188,0.4,T,T,Win,10,14,,23,5394.227994666152,539.4227994666152,0.6,H,T,Lose,14,10,,23,9848.720796845879,984.8720796845879,0.5,T,T,Win,12,12,,23,17981.683649659622,1798.1683649659624,0.8,H,H,Win,19,5,,23,14712.286622448784,1471.2286622448785,0.4,T,H,Lose,9,15,,23,14712.286622448786,1471.2286622448787,0.4,T,T,Win,9,15,,23,9848.72079684588,984.8720796845881,0.4,T,T,Win,10,14,,23,6592.9453268141815,659.2945326814182,0.6,H,T,Lose,14,10,,23,9848.720796845882,984.8720796845882,0.4,T,T,Win,10,14,,23,4413.459268363215,441.34592683632155,0.5,T,H,Lose,11,13,,23,32830.755744440285,3283.0755744440285,0.2,T,T,Win,4,20,,23,6592.945326814182,659.2945326814183,0.5,T,T,Win,13,11,,23,8058.044288328449,805.8044288328449,0.4,T,T,Win,10,14,,23,12037.325418367187,1203.7325418367188,0.4,T,H,Lose,10,14,,23,5394.22799466615,539.4227994666151,0.5,H,T,Lose,12,12,,23,3611.012128660812,361.1012128660812,0.5,H,T,Lose,12,12,,23,6592.945326814182,659.2945326814183,0.5,T,T,Win,12,12,,23,5394.227994666149,539.422799466615,0.5,H,T,Lose,13,11,,23,21977.61334958399,2197.761334958399,0.7,H,T,Lose,16,8,,23,8058.044288328449,805.8044288328449,0.5,T,H,Lose,11,13,,23,8058.044288328449,805.8044288328449,0.4,T,T,Win,10,14,,23,6592.945326814182,659.2945326814183,0.6,H,H,Win,14,10,,23,17981.68364965962,1798.168364965962,0.3,T,H,Lose,8,16,,23,14712.286622448792,1471.2286622448792,0.3,T,T,Win,8,16,,23,5394.227994666151,539.4227994666152,0.5,H,H,Win,13,11,,23,6592.945326814182,659.2945326814183,0.5,T,H,Lose,12,12,,23,9848.72079684588,984.8720796845881,0.7,H,H,Win,16,8,,23,9848.720796845879,984.8720796845879,0.5,T,T,Win,13,11,,23,4413.459268363215,441.34592683632155,0.5,H,T,Lose,12,12,,23,8058.04428832845,805.8044288328451,0.6,H,H,Win,15,9,,23,12037.32541836719,1203.732541836719,0.4,T,T,Win,9,15,,23,17981.683649659637,1798.1683649659637,0.3,T,T,Win,7,17,,23,12037.325418367183,1203.7325418367184,0.6,H,T,Lose,15,9,,23,8058.044288328447,805.8044288328447,0.5,T,H,Lose,12,12,,23,9848.720796845882,984.8720796845882,0.5,H,T,Lose,13,11,,23,17981.68364965962,1798.168364965962,0.3,T,H,Lose,8,16,,23,3611.012128660811,361.10121286608114,0.6,H,H,Win,14,10,,23,14712.286622448788,1471.228662244879,0.4,T,H,Lose,9,15,,23,12037.325418367185,1203.7325418367186,0.5,H,H,Win,13,11,,23,6592.945326814182,659.2945326814183,0.5,T,T,Win,12,12,,23,9848.720796845879,984.8720796845879,0.7,H,H,Win,16,8,,23,5394.227994666151,539.4227994666152,0.5,T,H,Lose,11,13,,23,14712.286622448784,1471.2286622448785,0.5,H,H,Win,12,12,,23,5394.22799466615,539.4227994666151,0.5,T,H,Lose,12,12,,23,4413.4592683632145,441.3459268363215,0.6,T,H,Lose,14,10,,23,14712.286622448786,1471.2286622448787,0.6,H,T,Lose,15,9,,23,6592.945326814184,659.2945326814184,0.5,T,T,Win,11,13,,23,6592.945326814186,659.2945326814187,0.5,H,T,Lose,11,13,,23,12037.325418367185,1203.7325418367186,0.7,H,H,Win,16,8,,23,12037.325418367189,1203.7325418367188,0.7,H,H,Win,16,8,,23,12037.325418367189,1203.7325418367188,0.5,T,T,Win,13,11,,23,9848.720796845875,984.8720796845876,0.5,H,H,Win,12,12,,23,9848.720796845879,984.8720796845879,0.5,T,H,Lose,12,12,,23,12037.325418367185,1203.7325418367186,0.4,T,T,Win,9,15,,23,12037.325418367189,1203.7325418367188,0.6,H,H,Win,15,9,,23,14712.286622448786,1471.2286622448787,0.4,T,T,Win,9,15,,23,2417.2891109217003,241.72891109217005,0.5,T,T,Win,13,11,,23,6592.945326814184,659.2945326814184,0.5,T,T,Win,11,13,,23,12037.32541836719,1203.732541836719,0.4,T,T,Win,9,15,,23,6592.945326814182,659.2945326814183,0.5,T,H,Lose,13,11,,23,12037.32541836719,1203.732541836719,0.4,T,H,Lose,10,14,,23,5394.227994666149,539.422799466615,0.6,H,H,Win,15,9,,23,6592.945326814184,659.2945326814184,0.5,H,T,Lose,11,13,,23,32830.755744440285,3283.0755744440285,0.8,H,H,Win,20,4,,23,14712.286622448784,1471.2286622448785,0.6,H,T,Lose,14,10,,23,17981.68364965963,1798.168364965963,0.5,T,H,Lose,13,11,,23,5394.227994666152,539.4227994666152,0.6,H,H,Win,15,9,,23,5394.22799466615,539.4227994666151,0.6,T,H,Lose,14,10,,23,9848.720796845884,984.8720796845885,0.6,H,T,Lose,14,10,,23,8058.04428832845,805.8044288328451,0.6,H,T,Lose,14,10,,23,9848.720796845879,984.8720796845879,0.5,T,H,Lose,11,13,,23,12037.325418367183,1203.7325418367184,0.4,T,T,Win,9,15,,23,6592.945326814184,659.2945326814184,0.5,H,T,Lose,11,13,,23,5394.22799466615,539.4227994666151,0.5,T,T,Win,12,12,,23,9848.720796845884,984.8720796845885,0.5,T,H,Lose,11,13,,23,12037.325418367187,1203.7325418367188,0.7,H,H,Win,16,8,,23,5394.227994666149,539.422799466615,0.5,T,H,Lose,12,12,,23,9848.72079684588,984.8720796845881,0.7,H,H,Win,16,8,,23,6592.945326814184,659.2945326814184,0.5,H,T,Lose,11,13,,23,5394.22799466615,539.4227994666151,0.5,T,H,Lose,11,13,,23,8058.044288328445,805.8044288328446,0.5,H,T,Lose,12,12,,23,14712.28662244878,1471.2286622448783,0.4,T,H,Lose,9,15,,23,6592.945326814184,659.2945326814184,0.6,T,H,Lose,14,10,,23,8058.044288328449,805.8044288328449,0.6,H,T,Lose,14,10,,23,12037.325418367189,1203.7325418367188,0.6,H,T,Lose,14,10,,23,8058.044288328449,805.8044288328449,0.5,T,T,Win,13,11,,23,9848.720796845875,984.8720796845876,0.4,T,T,Win,10,14,,23,4413.459268363215,441.34592683632155,0.5,H,H,Win,13,11,,23,6592.945326814184,659.2945326814184,0.5,T,H,Lose,13,11,,23,12037.325418367189,1203.7325418367188,0.7,H,H,Win,16,8,,23,12037.32541836719,1203.732541836719,0.7,H,T,Lose,16,8,,23,4413.459268363215,441.34592683632155,0.5,T,T,Win,13,11,,23,14712.28662244878,1471.2286622448783,0.3,T,T,Win,8,16,,23,6592.945326814186,659.2945326814187,0.5,T,H,Lose,13,11,,23,9848.720796845879,984.8720796845879,0.5,T,H,Lose,11,13,,23,12037.325418367185,1203.7325418367186,0.5,H,T,Lose,12,12,,23,8058.044288328449,805.8044288328449,0.4,T,H,Lose,10,14,,23,5394.227994666149,539.422799466615,0.5,T,T,Win,13,11,,23,5394.227994666152,539.4227994666152,0.5,H,T,Lose,11,13,,23,4413.459268363215,441.34592683632155,0.5,H,T,Lose,12,12,,23,12037.325418367189,1203.7325418367188,0.4,T,T,Win,10,14,,23,4413.4592683632145,441.3459268363215,0.6,H,T,Lose,14,10,,23,2954.4644689043007,295.4464468904301,0.5,H,T,Lose,12,12,,23,5394.227994666153,539.4227994666153,0.5,T,T,Win,13,11,,23,8058.044288328446,805.8044288328447,0.4,T,H,Lose,10,14,,23,5394.22799466615,539.4227994666151,0.5,T,T,Win,11,13,,23,5394.227994666151,539.4227994666152,0.5,H,T,Lose,12,12,,23,14712.286622448788,1471.228662244879,0.7,H,T,Lose,16,8,,23,3611.0121286608123,361.10121286608126,0.5,H,H,Win,12,12,,23,9848.720796845879,984.8720796845879,0.4,T,T,Win,10,14,,23,17981.683649659626,1798.1683649659626,0.7,H,H,Win,16,8,,23,9848.72079684588,984.8720796845881,0.5,T,H,Lose,11,13,,23,5394.22799466615,539.4227994666151,0.6,T,H,Lose,14,10,,23,3611.012128660812,361.1012128660812,0.6,H,H,Win,14,10,,23,8058.044288328446,805.8044288328447,0.6,H,H,Win,14,10,,23,8058.044288328447,805.8044288328447,0.5,T,H,Lose,12,12,,23,9848.720796845882,984.8720796845882,0.4,T,T,Win,10,14,,23,5394.227994666149,539.422799466615,0.6,T,H,Lose,14,10,,23,6592.945326814184,659.2945326814184,0.6,T,H,Lose,14,10,,23,6592.945326814184,659.2945326814184,0.5,H,T,Lose,11,13,,23,9848.720796845882,984.8720796845882,0.4,T,T,Win,10,14,,23,8058.044288328447,805.8044288328447,0.6,H,H,Win,15,9,,23,8058.044288328446,805.8044288328447,0.5,H,H,Win,12,12,,23,17981.683649659622,1798.1683649659624,0.7,H,H,Win,16,8,,23,12037.32541836719,1203.732541836719,0.5,T,H,Lose,11,13,,23,3611.012128660812,361.1012128660812,0.5,H,T,Lose,12,12,,23,8058.044288328446,805.8044288328447,0.5,H,H,Win,12,12,,23,12037.32541836719,1203.732541836719,0.4,T,T,Win,10,14,,23,5394.227994666149,539.422799466615,0.6,H,H,Win,15,9,,23,8058.044288328449,805.8044288328449,0.5,T,H,Lose,12,12,,23,6592.945326814186,659.2945326814187,0.5,T,T,Win,13,11,,23,8058.044288328449,805.8044288328449,0.7,H,H,Win,16,8,,23,6592.945326814184,659.2945326814184,0.5,H,T,Lose,12,12,,23,12037.325418367182,1203.7325418367182,0.5,T,T,Win,13,11,,23,9848.72079684588,984.8720796845881,0.5,H,T,Lose,11,13,,23,9848.720796845882,984.8720796845882,0.6,H,T,Lose,14,10,,23,8058.044288328446,805.8044288328447,0.5,H,T,Lose,11,13,,23,6592.945326814182,659.2945326814183,0.5,T,T,Win,13,11,,23,9848.720796845877,984.8720796845878,0.5,H,T,Lose,13,11,,23,14712.286622448784,1471.2286622448785,0.7,H,T,Lose,17,7,,23,6592.945326814182,659.2945326814183,0.4,T,T,Win,10,14,,23,6592.945326814184,659.2945326814184,0.5,T,T,Win,12,12,,23,17981.683649659633,1798.1683649659635,0.4,T,H,Lose,9,15,,23,8058.04428832845,805.8044288328451,0.4,T,T,Win,10,14,,23,14712.286622448788,1471.228662244879,0.4,T,H,Lose,9,15,,23,9848.720796845882,984.8720796845882,0.5,T,H,Lose,13,11,,23,12037.325418367189,1203.7325418367188,0.4,T,T,Win,9,15,,23,5394.227994666152,539.4227994666152,0.6,T,H,Lose,14,10,,23,6592.945326814184,659.2945326814184,0.5,T,T,Win,13,11,,23,14712.286622448784,1471.2286622448785,0.3,T,H,Lose,8,16,,23,12037.325418367189,1203.7325418367188,0.4,T,T,Win,9,15,,23,5394.227994666151,539.4227994666152,0.6,H,H,Win,14,10,,23,6592.945326814184,659.2945326814184,0.5,T,H,Lose,13,11,,23,26861.527427269328,2686.152742726933,0.3,T,T,Win,7,17,,23,12037.325418367183,1203.7325418367184,0.4,T,H,Lose,10,14,,23,5394.22799466615,539.4227994666151,0.5,T,T,Win,13,11,,23,8058.044288328447,805.8044288328447,0.5,H,T,Lose,11,13,,23,21977.61334958399,2197.761334958399,0.2,T,T,Win,6,18,,23,12037.325418367189,1203.7325418367188,0.4,T,T,Win,9,15,,23,12037.325418367187,1203.7325418367188,0.5,T,T,Win,12,12,,23,6592.945326814183,659.2945326814183,0.5,T,H,Lose,11,13,,23,14712.286622448786,1471.2286622448787,0.8,H,H,Win,18,6,,23,14712.286622448788,1471.228662244879,0.3,T,H,Lose,8,16,,23,14712.286622448788,1471.228662244879,0.7,H,H,Win,16,8,,23,9848.720796845879,984.8720796845879,0.5,T,H,Lose,11,13,,23,9848.720796845882,984.8720796845882,0.6,H,T,Lose,15,9,,23,17981.68364965963,1798.168364965963,0.5,H,T,Lose,12,12,,23,12037.325418367189,1203.7325418367188,0.6,H,H,Win,15,9,,23,9848.720796845879,984.8720796845879,0.6,H,H,Win,15,9,,23,4413.459268363213,441.34592683632127,0.5,H,T,Lose,13,11,,23,9848.720796845882,984.8720796845882,0.5,H,H,Win,13,11,,23,21977.613349583986,2197.7613349583985,0.8,H,H,Win,18,6,,23,8058.044288328447,805.8044288328447,0.5,T,H,Lose,11,13,,23,6592.945326814183,659.2945326814183,0.6,H,T,Lose,14,10,,23,14712.286622448788,1471.228662244879,0.4,T,H,Lose,9,15,,23,5394.227994666149,539.422799466615,0.5,T,T,Win,11,13,,23,14712.286622448784,1471.2286622448785,0.8,H,H,Win,18,6,,23,5394.227994666151,539.4227994666152,0.5,H,T,Lose,13,11,,23,12037.325418367189,1203.7325418367188,0.6,H,H,Win,15,9,,23,14712.286622448784,1471.2286622448785,0.3,T,T,Win,8,16,,23,8058.044288328447,805.8044288328447,0.5,H,H,Win,13,11,,23,14712.286622448788,1471.228662244879,0.4,T,H,Lose,10,14,,23,5394.22799466615,539.4227994666151,0.6,H,T,Lose,14,10,,23,6592.945326814184,659.2945326814184,0.5,T,T,Win,12,12,,23,4413.4592683632145,441.3459268363215,0.5,T,T,Win,12,12,,23,14712.286622448784,1471.2286622448785,0.5,H,T,Lose,11,13,,23,26861.527427269328,2686.152742726933,0.7,H,T,Lose,17,7,,23,26861.527427269324,2686.1527427269325,0.3,T,H,Lose,7,17,,23,12037.325418367183,1203.7325418367184,0.3,T,T,Win,8,16,,23,12037.325418367187,1203.7325418367188,0.5,T,H,Lose,11,13,,23,8058.04428832845,805.8044288328451,0.3,T,T,Win,8,16,,23,8058.044288328444,805.8044288328445,0.4,T,T,Win,10,14,,23,12037.325418367189,1203.7325418367188,0.5,T,T,Win,13,11,,23,17981.683649659633,1798.1683649659635,0.3,T,H,Lose,8,16,,23,17981.683649659633,1798.1683649659635,0.3,T,T,Win,7,17,,23,5394.227994666152,539.4227994666152,0.5,H,H,Win,13,11,,23,17981.68364965963,1798.168364965963,0.7,H,H,Win,16,8,,23,12037.32541836719,1203.732541836719,0.5,T,H,Lose,13,11,,23,9848.72079684588,984.8720796845881,0.5,H,T,Lose,13,11,,23,9848.720796845879,984.8720796845879,0.5,H,H,Win,13,11,,23,9848.720796845882,984.8720796845882,0.6,H,H,Win,15,9,,23,2954.4644689043,295.44644689042997,0.5,H,T,Lose,12,12,,23,12037.325418367185,1203.7325418367186,0.4,T,H,Lose,10,14,,23,4413.4592683632145,441.3459268363215,0.5,T,H,Lose,13,11,,23,3611.0121286608123,361.10121286608126,0.6,H,H,Win,14,10,,23,12037.325418367189,1203.7325418367188,0.4,T,H,Lose,10,14,,23,12037.325418367189,1203.7325418367188,0.4,T,T,Win,9,15,,23,17981.68364965963,1798.168364965963,0.7,H,T,Lose,16,8,,23,5394.227994666151,539.4227994666152,0.5,H,H,Win,12,12,,23,5394.227994666152,539.4227994666152,0.5,H,H,Win,13,11,,23,12037.325418367189,1203.7325418367188,0.4,T,T,Win,9,15,,23,32830.755744440285,3283.0755744440285,0.3,T,H,Lose,7,17,,23,9848.72079684588,984.8720796845881,0.6,T,H,Lose,14,10,,23,14712.286622448784,1471.2286622448785,0.3,T,T,Win,8,16,,23,17981.683649659626,1798.1683649659626,0.7,H,T,Lose,16,8,,23,9848.72079684588,984.8720796845881,0.5,T,H,Lose,11,13,,23,9848.720796845882,984.8720796845882,0.5,T,T,Win,11,13,,23,9848.72079684588,984.8720796845881,0.6,H,T,Lose,14,10,,23,3611.0121286608132,361.10121286608137,0.5,T,H,Lose,11,13,,23,9848.72079684588,984.8720796845881,0.5,T,T,Win,11,13,,23,9848.720796845879,984.8720796845879,0.5,T,H,Lose,11,13,,23,12037.32541836719,1203.732541836719,0.6,H,T,Lose,15,9,,23,5394.227994666149,539.422799466615,0.5,T,H,Lose,12,12,,23,5394.22799466615,539.4227994666151,0.5,T,T,Win,11,13,,23,21977.613349583986,2197.7613349583985,0.7,H,T,Lose,17,7,,23,14712.286622448788,1471.228662244879,0.3,T,T,Win,8,16,,23,9848.72079684588,984.8720796845881,0.4,T,T,Win,9,15,,23,12037.325418367189,1203.7325418367188,0.4,T,T,Win,9,15,,23,4413.459268363214,441.3459268363214,0.5,H,H,Win,12,12,,23,9848.72079684588,984.8720796845881,0.7,H,H,Win,16,8,,23,9848.720796845879,984.8720796845879,0.4,T,T,Win,10,14,,23,5394.227994666152,539.4227994666152,0.4,T,T,Win,10,14,,23,17981.683649659633,1798.1683649659635,0.4,T,T,Win,9,15,,23,3611.012128660812,361.1012128660812,0.5,H,T,Lose,13,11,,23,5394.227994666152,539.4227994666152,0.5,H,T,Lose,11,13,,23,6592.945326814182,659.2945326814183,0.5,T,H,Lose,13,11,,23,17981.683649659622,1798.1683649659624,0.3,T,T,Win,8,16,,23,9848.720796845882,984.8720796845882,0.5,T,T,Win,12,12,,23,6592.945326814182,659.2945326814183,0.6,H,H,Win,14,10,,23,8058.044288328447,805.8044288328447,0.5,T,T,Win,11,13,,23,3611.012128660812,361.1012128660812,0.5,H,H,Win,12,12,,23,8058.044288328447,805.8044288328447,0.4,T,T,Win,9,15,,23,8058.044288328447,805.8044288328447,0.6,H,H,Win,14,10,,23,9848.72079684588,984.8720796845881,0.4,T,T,Win,10,14,,23,6592.945326814184,659.2945326814184,0.5,H,T,Lose,12,12,,23,5394.227994666149,539.422799466615,0.5,H,H,Win,13,11,,23,8058.044288328449,805.8044288328449,0.5,T,H,Lose,12,12,,23,5394.227994666151,539.4227994666152,0.6,H,H,Win,14,10,,23,6592.945326814185,659.2945326814186,0.6,H,T,Lose,14,10,,23,17981.68364965963,1798.168364965963,0.7,H,H,Win,16,8,,23,9848.720796845877,984.8720796845878,0.6,H,H,Win,15,9,,23,12037.325418367185,1203.7325418367186,0.4,T,T,Win,9,15,,23,12037.325418367185,1203.7325418367186,0.5,H,T,Lose,13,11,,23,3611.012128660812,361.1012128660812,0.5,T,T,Win,11,13,,23,17981.683649659633,1798.1683649659635,0.3,T,H,Lose,8,16,,23,14712.286622448784,1471.2286622448785,0.4,T,H,Lose,9,15,,23,9848.720796845879,984.8720796845879,0.7,H,H,Win,16,8,,23,12037.325418367185,1203.7325418367186,0.6,H,H,Win,15,9,,23,6592.945326814186,659.2945326814187,0.5,H,T,Lose,13,11,,23,14712.286622448784,1471.2286622448785,0.4,T,H,Lose,9,15,,23,14712.286622448784,1471.2286622448785,0.7,H,H,Win,17,7,,23,17981.683649659626,1798.1683649659626,0.7,H,H,Win,16,8,,23,9848.720796845879,984.8720796845879,0.4,T,T,Win,9,15,,23,6592.945326814182,659.2945326814183,0.5,H,T,Lose,12,12,,23,21977.61334958399,2197.761334958399,0.7,H,H,Win,17,7,,23,4413.4592683632145,441.3459268363215,0.5,H,H,Win,13,11,,23,21977.613349583993,2197.7613349583994,0.7,H,T,Lose,17,7,,23,4413.4592683632145,441.3459268363215,0.5,H,T,Lose,12,12,,23,5394.22799466615,539.4227994666151,0.5,H,H,Win,13,11,,23,14712.286622448788,1471.228662244879,0.6,H,T,Lose,14,10,,23,12037.325418367189,1203.7325418367188,0.4,T,H,Lose,10,14,,23,14712.286622448784,1471.2286622448785,0.4,T,H,Lose,9,15,,23,14712.28662244878,1471.2286622448783,0.4,T,T,Win,10,14,,23,3611.012128660811,361.10121286608114,0.5,H,T,Lose,11,13,,23,6592.945326814186,659.2945326814187,0.4,T,T,Win,10,14,,23,17981.683649659626,1798.1683649659626,0.3,T,H,Lose,8,16,,23,9848.720796845884,984.8720796845885,0.5,H,T,Lose,11,13,,23,8058.044288328449,805.8044288328449,0.6,H,T,Lose,14,10,,23,8058.044288328446,805.8044288328447,0.5,T,T,Win,13,11,,23,4413.4592683632145,441.3459268363215,0.5,T,H,Lose,13,11,,23,8058.044288328447,805.8044288328447,0.6,H,H,Win,15,9,,23,5394.227994666153,539.4227994666153,0.6,T,H,Lose,14,10,,23,8058.044288328446,805.8044288328447,0.6,H,T,Lose,14,10,,23,3611.012128660812,361.1012128660812,0.5,T,T,Win,13,11,,23,9848.720796845882,984.8720796845882,0.4,T,T,Win,10,14,,23,14712.286622448784,1471.2286622448785,0.4,T,T,Win,9,15,,23,26861.527427269324,2686.1527427269325,0.3,T,H,Lose,8,16,,23,9848.720796845882,984.8720796845882,0.5,T,H,Lose,11,13,,23,3611.012128660812,361.1012128660812,0.5,H,H,Win,12,12,,23,12037.325418367185,1203.7325418367186,0.5,H,H,Win,13,11,,23,8058.04428832845,805.8044288328451,0.5,H,T,Lose,11,13,,23,8058.044288328449,805.8044288328449,0.6,H,T,Lose,14,10,,23,14712.286622448788,1471.228662244879,0.6,H,T,Lose,15,9,,23,4413.4592683632145,441.3459268363215,0.5,H,T,Lose,13,11,,23,9848.720796845882,984.8720796845882,0.5,T,H,Lose,11,13,,23,14712.286622448784,1471.2286622448785,0.7,H,T,Lose,16,8,,23,6592.945326814182,659.2945326814183,0.6,H,H,Win,14,10,,23,9848.720796845882,984.8720796845882,0.4,T,T,Win,9,15,,23,12037.325418367185,1203.7325418367186,0.3,T,T,Win,8,16,,23,12037.325418367185,1203.7325418367186,0.4,T,H,Lose,10,14,,23,17981.68364965963,1798.168364965963,0.3,T,T,Win,7,17,,23,21977.613349583986,2197.7613349583985,0.3,T,T,Win,7,17,,23,12037.32541836719,1203.732541836719,0.4,T,H,Lose,10,14,,23,12037.325418367183,1203.7325418367184,0.4,T,H,Lose,10,14,,23,21977.61334958399,2197.761334958399,0.3,T,H,Lose,7,17,,23,6592.945326814184,659.2945326814184,0.5,H,T,Lose,13,11,,23,6592.945326814184,659.2945326814184,0.5,H,H,Win,12,12,,23,21977.613349583986,2197.7613349583985,0.3,T,H,Lose,8,16,,23,5394.227994666151,539.4227994666152,0.5,T,H,Lose,11,13,,23,6592.945326814184,659.2945326814184,0.5,T,H,Lose,13,11,,23,8058.044288328444,805.8044288328445,0.5,H,H,Win,13,11,,23,12037.325418367189,1203.7325418367188,0.4,T,T,Win,10,14,,23,6592.945326814183,659.2945326814183,0.5,H,T,Lose,12,12,,23,14712.28662244879,1471.2286622448792,0.3,T,T,Win,8,16,,23,2954.4644689043007,295.4464468904301,0.5,H,T,Lose,12,12,,23,9848.720796845875,984.8720796845876,0.5,T,H,Lose,11,13,,23,8058.044288328447,805.8044288328447,0.5,T,H,Lose,12,12,,23,4413.459268363214,441.3459268363214,0.5,H,T,Lose,13,11,,23,5394.22799466615,539.4227994666151,0.5,T,T,Win,11,13,,23,14712.286622448779,1471.228662244878,0.7,H,H,Win,16,8,,23,14712.286622448783,1471.2286622448783,0.4,T,H,Lose,9,15,,23,3611.012128660812,361.1012128660812,0.6,H,T,Lose,14,10,,23,9848.720796845877,984.8720796845878,0.6,T,H,Lose,14,10,,23,9848.720796845884,984.8720796845885,0.5,H,T,Lose,11,13,,23,21977.613349583986,2197.7613349583985,0.3,T,T,Win,7,17,,23,5394.227994666151,539.4227994666152,0.5,H,T,Lose,12,12,,23,8058.044288328447,805.8044288328447,0.5,T,T,Win,13,11,,23,4413.4592683632145,441.3459268363215,0.5,T,T,Win,12,12,,23,14712.286622448784,1471.2286622448785,0.6,H,T,Lose,14,10,,23,5394.22799466615,539.4227994666151,0.5,H,T,Lose,11,13,,23,17981.683649659622,1798.1683649659624,0.7,H,H,Win,16,8,,23,6592.945326814185,659.2945326814186,0.6,H,T,Lose,14,10,,23,26861.52742726932,2686.152742726932,0.3,T,H,Lose,8,16,,23,8058.044288328449,805.8044288328449,0.6,H,H,Win,15,9,,23,6592.945326814185,659.2945326814186,0.5,T,T,Win,13,11,,23,14712.286622448784,1471.2286622448785,0.7,H,H,Win,17,7,,23,14712.286622448788,1471.228662244879,0.4,T,H,Lose,10,14,,23,4413.459268363214,441.3459268363214,0.5,H,T,Lose,13,11,,23,6592.945326814184,659.2945326814184,0.5,T,T,Win,13,11,,23,12037.325418367185,1203.7325418367186,0.5,T,H,Lose,13,11,,23,6592.945326814183,659.2945326814183,0.6,H,T,Lose,14,10,,23,17981.68364965963,1798.168364965963,0.6,H,T,Lose,15,9,,23,4413.4592683632145,441.3459268363215,0.5,H,H,Win,13,11,,23,17981.68364965963,1798.168364965963,0.7,H,T,Lose,16,8,,23,12037.325418367189,1203.7325418367188,0.5,T,H,Lose,11,13,,23,12037.325418367185,1203.7325418367186,0.6,H,H,Win,15,9,,23,8058.044288328449,805.8044288328449,0.4,T,T,Win,10,14,,23,8058.044288328449,805.8044288328449,0.6,H,T,Lose,14,10,,23,8058.044288328449,805.8044288328449,0.5,T,H,Lose,11,13,,23,21977.61334958399,2197.761334958399,0.7,H,H,Win,17,7,,23,9848.72079684588,984.8720796845881,0.5,H,T,Lose,12,12,,23,12037.325418367185,1203.7325418367186,0.4,T,H,Lose,10,14,,23,12037.32541836719,1203.732541836719,0.6,H,H,Win,15,9,,23,17981.683649659626,1798.1683649659626,0.3,T,H,Lose,8,16,,23,12037.325418367189,1203.7325418367188,0.4,T,H,Lose,10,14,,23,6592.945326814185,659.2945326814186,0.5,T,H,Lose,12,12,,23,26861.527427269313,2686.1527427269316,0.3,T,T,Win,7,17,,23,6592.945326814183,659.2945326814183,0.5,T,H,Lose,12,12,,23,8058.044288328444,805.8044288328445,0.5,T,T,Win,12,12,,23,21977.61334958399,2197.761334958399,0.2,T,T,Win,6,18,,23,8058.044288328447,805.8044288328447,0.5,T,H,Lose,11,13,,23,6592.945326814182,659.2945326814183,0.5,H,T,Lose,11,13,,23,4413.4592683632145,441.3459268363215,0.5,T,T,Win,11,13,,23,9848.72079684588,984.8720796845881,0.5,T,H,Lose,11,13,,23,6592.945326814185,659.2945326814186,0.5,H,T,Lose,13,11,,23,9848.720796845884,984.8720796845885,0.6,H,H,Win,14,10,,23,9848.720796845879,984.8720796845879,0.5,H,H,Win,12,12,,23,5394.227994666151,539.4227994666152,0.4,T,H,Lose,10,14,,23,12037.325418367189,1203.7325418367188,0.6,H,H,Win,14,10,,23,12037.32541836719,1203.732541836719,0.6,H,H,Win,15,9,,23,3611.012128660812,361.1012128660812,0.5,T,H,Lose,13,11,,23,8058.044288328447,805.8044288328447,0.6,H,T,Lose,14,10,,23,6592.945326814183,659.2945326814183,0.6,H,T,Lose,14,10,,23,4413.459268363214,441.3459268363214,0.5,T,H,Lose,13,11,,23,8058.044288328449,805.8044288328449,0.5,T,T,Win,13,11,,23,12037.325418367187,1203.7325418367188,0.6,H,H,Win,15,9,,23,8058.044288328449,805.8044288328449,0.5,T,H,Lose,12,12,,23,14712.286622448784,1471.2286622448785,0.4,T,H,Lose,9,15,,23,9848.720796845882,984.8720796845882,0.6,H,T,Lose,14,10,,23,8058.044288328449,805.8044288328449,0.4,T,H,Lose,10,14,,23,21977.61334958399,2197.761334958399,0.8,H,H,Win,18,6,,23,6592.945326814182,659.2945326814183,0.5,T,H,Lose,11,13,,23,32830.755744440285,3283.0755744440285,0.2,T,T,Win,4,20,,23,6592.945326814186,659.2945326814187,0.5,H,T,Lose,13,11,,23,8058.044288328447,805.8044288328447,0.5,H,H,Win,12,12,,23,8058.044288328449,805.8044288328449,0.5,T,T,Win,12,12,,23,5394.227994666152,539.4227994666152,0.5,T,T,Win,12,12,,23,8058.044288328447,805.8044288328447,0.5,H,T,Lose,11,13,,23,8058.044288328449,805.8044288328449,0.5,T,T,Win,12,12,,23,9848.720796845882,984.8720796845882,0.5,H,H,Win,12,12,,23,6592.945326814184,659.2945326814184,0.5,H,H,Win,13,11,,23,3611.012128660812,361.1012128660812,0.5,H,H,Win,12,12,,23,8058.044288328447,805.8044288328447,0.5,H,T,Lose,12,12,,23,12037.325418367189,1203.7325418367188,0.6,H,H,Win,15,9,,23,17981.68364965963,1798.168364965963,0.7,H,T,Lose,16,8,,23,9848.720796845884,984.8720796845885,0.4,T,T,Win,10,14,,23,12037.325418367189,1203.7325418367188,0.4,T,H,Lose,10,14,,23,12037.325418367189,1203.7325418367188,0.4,T,H,Lose,10,14,,23,8058.044288328444,805.8044288328445,0.5,H,H,Win,12,12,,23,17981.683649659626,1798.1683649659626,0.4,T,T,Win,9,15,,23,17981.68364965963,1798.168364965963,0.4,T,T,Win,9,15,,23,6592.945326814184,659.2945326814184,0.5,H,T,Lose,12,12,,23,5394.227994666152,539.4227994666152,0.5,H,T,Lose,12,12,,23,8058.044288328447,805.8044288328447,0.5,T,T,Win,11,13,,23,5394.227994666153,539.4227994666153,0.5,T,T,Win,13,11,,23,5394.22799466615,539.4227994666151,0.5,T,T,Win,11,13,,23,8058.044288328444,805.8044288328445,0.5,H,H,Win,12,12,,23,4413.459268363214,441.3459268363214,0.6,H,H,Win,14,10,,23,6592.945326814182,659.2945326814183,0.7,H,H,Win,16,8,,23,8058.044288328449,805.8044288328449,0.5,T,T,Win,11,13,,23,2954.4644689043002,295.44644689043,0.5,T,T,Win,12,12,,23,6592.945326814183,659.2945326814183,0.5,T,H,Lose,12,12,,23,14712.286622448784,1471.2286622448785,0.4,T,H,Lose,10,14,,23,8058.044288328449,805.8044288328449,0.4,T,T,Win,10,14,,23,12037.32541836719,1203.732541836719,0.6,H,T,Lose,14,10,,23,6592.945326814184,659.2945326814184,0.4,T,T,Win,9,15,,23,17981.68364965963,1798.168364965963,0.3,T,T,Win,8,16,,23,12037.325418367189,1203.7325418367188,0.5,T,T,Win,13,11,,23,12037.325418367189,1203.7325418367188,0.6,T,H,Lose,14,10,,23,14712.286622448784,1471.2286622448785,0.3,T,T,Win,8,16,,23,9848.720796845882,984.8720796845882,0.5,T,T,Win,13,11,,23,12037.325418367185,1203.7325418367186,0.4,T,H,Lose,9,15,,23,4413.4592683632145,441.3459268363215,0.5,H,T,Lose,12,12,,23,8058.044288328449,805.8044288328449,0.5,H,H,Win,12,12,,23,6592.945326814183,659.2945326814183,0.5,T,T,Win,11,13,,23,12037.325418367183,1203.7325418367184,0.5,T,H,Lose,11,13,,23,8058.044288328449,805.8044288328449,0.4,T,T,Win,9,15,,23,12037.325418367185,1203.7325418367186,0.6,H,T,Lose,14,10,,23,8058.044288328446,805.8044288328447,0.5,H,H,Win,12,12,,23,6592.945326814184,659.2945326814184,0.6,H,H,Win,14,10,,23,21977.61334958399,2197.761334958399,0.2,T,T,Win,6,18,,23,6592.945326814182,659.2945326814183,0.6,H,T,Lose,14,10,,23,5394.227994666149,539.422799466615,0.6,H,T,Lose,14,10,,23,17981.68364965963,1798.168364965963,0.6,H,T,Lose,14,10,,23,6592.945326814186,659.2945326814187,0.4,T,T,Win,10,14,,23,8058.044288328449,805.8044288328449,0.6,H,H,Win,15,9,,23,17981.68364965963,1798.168364965963,0.6,H,T,Lose,15,9,,23,6592.945326814184,659.2945326814184,0.5,T,T,Win,12,12,,23,8058.044288328447,805.8044288328447,0.5,T,H,Lose,12,12,,23,9848.72079684588,984.8720796845881,0.4,T,T,Win,10,14,,23,6592.945326814186,659.2945326814187,0.5,H,T,Lose,11,13,,23,9848.720796845875,984.8720796845876,0.5,H,T,Lose,11,13,,23,17981.68364965963,1798.168364965963,0.3,T,T,Win,7,17,,23,12037.325418367182,1203.7325418367182,0.4,T,H,Lose,10,14,,23,14712.286622448784,1471.2286622448785,0.8,H,H,Win,18,6,,23,12037.325418367189,1203.7325418367188,0.5,T,H,Lose,11,13,,23,8058.044288328449,805.8044288328449,0.5,T,H,Lose,13,11,,23,14712.286622448788,1471.228662244879,0.5,T,H,Lose,11,13,,23,8058.044288328447,805.8044288328447,0.4,T,T,Win,9,15,,23,5394.227994666149,539.422799466615,0.6,H,T,Lose,14,10,,23,17981.683649659626,1798.1683649659626,0.3,T,T,Win,7,17,,23,6592.945326814184,659.2945326814184,0.5,H,H,Win,13,11,,23,5394.227994666148,539.4227994666148,0.5,H,T,Lose,11,13,,23,5394.22799466615,539.4227994666151,0.5,T,H,Lose,12,12,,23,8058.044288328444,805.8044288328445,0.5,T,T,Win,13,11,,23,12037.325418367185,1203.7325418367186,0.4,T,H,Lose,10,14,,23,9848.720796845879,984.8720796845879,0.6,H,H,Win,14,10,,23,6592.945326814183,659.2945326814183,0.5,T,T,Win,12,12,,23,6592.945326814186,659.2945326814187,0.5,H,T,Lose,12,12,,23,14712.28662244878,1471.2286622448783,0.4,T,T,Win,10,14,,23,12037.325418367185,1203.7325418367186,0.5,H,T,Lose,13,11,,23,9848.720796845882,984.8720796845882,0.5,T,T,Win,13,11,,23,14712.286622448788,1471.228662244879,0.4,T,H,Lose,9,15,,23,14712.286622448784,1471.2286622448785,0.5,T,H,Lose,11,13,,23,12037.325418367189,1203.7325418367188,0.6,H,T,Lose,14,10,,23,12037.325418367183,1203.7325418367184,0.7,H,H,Win,16,8,,23,6592.945326814184,659.2945326814184,0.6,T,H,Lose,14,10,,23,12037.325418367189,1203.7325418367188,0.4,T,H,Lose,10,14,,23,8058.044288328445,805.8044288328446,0.5,T,H,Lose,11,13,,23,4413.459268363212,441.3459268363212,0.5,T,H,Lose,12,12,,23,4413.4592683632145,441.3459268363215,0.5,T,H,Lose,11,13,,23,8058.044288328449,805.8044288328449,0.5,T,T,Win,13,11,,23,5394.22799466615,539.4227994666151,0.5,H,H,Win,13,11,,23,8058.044288328447,805.8044288328447,0.5,T,H,Lose,11,13,,23,2954.4644689043007,295.4464468904301,0.5,T,T,Win,13,11,,23,5394.227994666151,539.4227994666152,0.6,H,H,Win,14,10,,23,12037.325418367185,1203.7325418367186,0.5,H,H,Win,12,12,,23,6592.945326814186,659.2945326814187,0.5,H,H,Win,13,11,,23,12037.325418367185,1203.7325418367186,0.4,T,T,Win,9,15,,23,6592.945326814184,659.2945326814184,0.6,T,H,Lose,14,10,,23,21977.613349583986,2197.7613349583985,0.3,T,H,Lose,7,17,,23,5394.227994666152,539.4227994666152,0.5,H,T,Lose,12,12,,23,6592.945326814184,659.2945326814184,0.6,H,T,Lose,14,10,,23,14712.28662244879,1471.2286622448792,0.4,T,H,Lose,9,15,,23,9848.72079684588,984.8720796845881,0.5,H,T,Lose,12,12,,23,17981.683649659633,1798.1683649659635,0.3,T,T,Win,8,16,,23,9848.72079684588,984.8720796845881,0.7,H,H,Win,16,8,,23,5394.227994666151,539.4227994666152,0.5,T,H,Lose,13,11,,23,8058.044288328447,805.8044288328447,0.5,H,T,Lose,12,12,,23,9848.72079684588,984.8720796845881,0.5,T,H,Lose,11,13,,23,9848.720796845875,984.8720796845876,0.5,T,H,Lose,11,13,,23,3611.012128660811,361.10121286608114,0.5,T,H,Lose,12,12,,23,6592.945326814186,659.2945326814187,0.4,T,T,Win,10,14,,23,14712.286622448784,1471.2286622448785,0.4,T,H,Lose,9,15,,23,17981.683649659626,1798.1683649659626,0.8,H,H,Win,19,5,,23,4413.459268363215,441.34592683632155,0.5,H,H,Win,13,11,,23,12037.325418367189,1203.7325418367188,0.4,T,H,Lose,10,14,,23,14712.286622448784,1471.2286622448785,0.5,T,T,Win,12,12,,23,14712.286622448784,1471.2286622448785,0.4,T,H,Lose,9,15,,23,12037.325418367185,1203.7325418367186,0.4,T,T,Win,9,15,,23,6592.9453268141815,659.2945326814182,0.5,H,T,Lose,12,12,,23,6592.945326814184,659.2945326814184,0.4,T,T,Win,10,14,,23,32830.755744440285,3283.0755744440285,0.8,H,T,Lose,18,6,,23,12037.325418367189,1203.7325418367188,0.4,T,H,Lose,10,14,,23,17981.68364965963,1798.168364965963,0.4,T,H,Lose,10,14,,23,14712.286622448784,1471.2286622448785,0.7,H,H,Win,16,8,,23,8058.044288328447,805.8044288328447,0.6,H,H,Win,15,9,,23,3611.012128660812,361.1012128660812,0.5,T,H,Lose,13,11,,23,8058.044288328447,805.8044288328447,0.5,H,T,Lose,12,12,,23,17981.68364965963,1798.168364965963,0.3,T,T,Win,7,17,,23,12037.325418367189,1203.7325418367188,0.6,H,T,Lose,14,10,,23,9848.720796845882,984.8720796845882,0.5,T,H,Lose,11,13,,23,9848.720796845882,984.8720796845882,0.6,H,T,Lose,15,9,,23,8058.044288328447,805.8044288328447,0.5,H,H,Win,12,12,,23,12037.325418367189,1203.7325418367188,0.4,T,T,Win,9,15,,23,17981.68364965963,1798.168364965963,0.4,T,H,Lose,9,15,,23,8058.044288328449,805.8044288328449,0.6,H,T,Lose,14,10,,23,8058.044288328445,805.8044288328446,0.6,H,T,Lose,14,10,,23,14712.286622448784,1471.2286622448785,0.6,H,T,Lose,15,9,,23,12037.325418367189,1203.7325418367188,0.5,H,T,Lose,11,13,,23,5394.22799466615,539.4227994666151,0.5,H,H,Win,12,12,,23,12037.325418367185,1203.7325418367186,0.4,T,H,Lose,10,14,,23,6592.945326814184,659.2945326814184,0.5,T,T,Win,12,12,,23,5394.227994666153,539.4227994666153,0.4,T,T,Win,10,14,,23,14712.28662244879,1471.2286622448792,0.5,H,H,Win,13,11,,23,2954.464468904301,295.44644689043014,0.5,T,H,Lose,13,11,,23,4413.459268363214,441.3459268363214,0.6,T,H,Lose,14,10,,23,5394.227994666151,539.4227994666152,0.5,H,T,Lose,13,11,,23,9848.72079684588,984.8720796845881,0.5,T,H,Lose,11,13,,23,9848.720796845882,984.8720796845882,0.7,H,H,Win,17,7,,23,14712.286622448788,1471.228662244879,0.6,H,H,Win,15,9,,23,6592.945326814185,659.2945326814186,0.5,T,T,Win,12,12,,23,12037.325418367185,1203.7325418367186,0.6,H,T,Lose,15,9,,23,14712.286622448788,1471.228662244879,0.5,H,H,Win,13,11,,23,14712.286622448784,1471.2286622448785,0.7,H,H,Win,16,8,,23,4413.4592683632145,441.3459268363215,0.5,H,H,Win,13,11,,23,9848.720796845882,984.8720796845882,0.5,T,T,Win,11,13,,23,12037.32541836719,1203.732541836719,0.4,T,H,Lose,10,14,,23,8058.044288328444,805.8044288328445,0.5,T,H,Lose,12,12,,23,12037.325418367182,1203.7325418367182,0.4,T,T,Win,9,15,,23,14712.286622448792,1471.2286622448792,0.4,T,H,Lose,9,15,,23,9848.720796845879,984.8720796845879,0.5,T,H,Lose,11,13,,23,12037.325418367189,1203.7325418367188,0.4,T,T,Win,10,14,,23,8058.044288328449,805.8044288328449,0.5,H,H,Win,12,12,,23,14712.286622448784,1471.2286622448785,0.7,H,H,Win,16,8,,23,6592.945326814186,659.2945326814187,0.5,H,T,Lose,12,12,,23,14712.28662244879,1471.2286622448792,0.4,T,T,Win,10,14,,23,12037.325418367189,1203.7325418367188,0.5,T,H,Lose,11,13,,23,8058.044288328446,805.8044288328447,0.5,T,H,Lose,12,12,,23,5394.227994666151,539.4227994666152,0.5,T,H,Lose,13,11,,23,17981.683649659626,1798.1683649659626,0.6,H,T,Lose,14,10,,23,8058.044288328446,805.8044288328447,0.5,H,T,Lose,12,12,,23,9848.720796845882,984.8720796845882,0.4,T,T,Win,10,14,,23,8058.044288328446,805.8044288328447,0.5,H,T,Lose,13,11,,23,9848.720796845882,984.8720796845882,0.6,H,T,Lose,15,9,,23,12037.325418367189,1203.7325418367188,0.4,T,H,Lose,10,14,,23,12037.325418367182,1203.7325418367182,0.4,T,H,Lose,10,14,,23,17981.683649659626,1798.1683649659626,0.7,H,H,Win,16,8,,23,6592.945326814183,659.2945326814183,0.5,T,H,Lose,13,11,,23,9848.720796845879,984.8720796845879,0.6,H,T,Lose,14,10,,23,8058.044288328447,805.8044288328447,0.6,T,H,Lose,14,10,,23,6592.945326814182,659.2945326814183,0.5,T,H,Lose,12,12,,23,12037.325418367187,1203.7325418367188,0.5,T,H,Lose,11,13,,23,14712.286622448784,1471.2286622448785,0.3,T,T,Win,8,16,,23,17981.683649659633,1798.1683649659635,0.4,T,H,Lose,9,15,,23,2954.4644689043002,295.44644689043,0.5,H,H,Win,13,11,,23,8058.044288328447,805.8044288328447,0.6,H,T,Lose,14,10,,23,26861.52742726932,2686.152742726932,0.8,H,H,Win,18,6,,23,9848.720796845882,984.8720796845882,0.5,T,H,Lose,12,12,,23,5394.22799466615,539.4227994666151,0.5,H,T,Lose,12,12,,23,8058.044288328446,805.8044288328447,0.6,H,H,Win,15,9,,23,14712.286622448784,1471.2286622448785,0.4,T,H,Lose,9,15,,23,26861.527427269313,2686.1527427269316,0.3,T,H,Lose,8,16,,23,8058.044288328449,805.8044288328449,0.5,H,T,Lose,11,13,,23,8058.044288328449,805.8044288328449,0.4,T,T,Win,10,14,,23,12037.325418367189,1203.7325418367188,0.4,T,H,Lose,10,14,,23,6592.945326814183,659.2945326814183,0.5,H,H,Win,12,12,,23,5394.227994666151,539.4227994666152,0.5,T,H,Lose,11,13,,23,8058.044288328446,805.8044288328447,0.5,T,H,Lose,12,12,,23,12037.32541836719,1203.732541836719,0.6,H,H,Win,15,9,,23,17981.68364965963,1798.168364965963,0.4,T,H,Lose,10,14,,23,9848.720796845882,984.8720796845882,0.5,T,H,Lose,11,13,,23,12037.325418367185,1203.7325418367186,0.7,H,H,Win,16,8,,23,6592.945326814182,659.2945326814183,0.4,T,H,Lose,10,14,,23,9848.720796845882,984.8720796845882,0.5,H,T,Lose,13,11,,23,9848.720796845882,984.8720796845882,0.5,H,H,Win,12,12,,23,32830.75574444028,3283.075574444028,0.8,H,H,Win,19,5,,23,9848.720796845879,984.8720796845879,0.6,H,H,Win,15,9,,23,12037.325418367185,1203.7325418367186,0.5,T,H,Lose,13,11,,23,9848.720796845879,984.8720796845879,0.7,H,H,Win,16,8,,23,9848.720796845873,984.8720796845873,0.5,T,T,Win,11,13,,23,12037.32541836719,1203.732541836719,0.4,T,T,Win,9,15,,23,14712.286622448788,1471.228662244879,0.4,T,H,Lose,9,15,,23,5394.227994666151,539.4227994666152,0.6,T,H,Lose,14,10,,23,3611.012128660812,361.1012128660812,0.4,T,T,Win,10,14,,23,9848.720796845879,984.8720796845879,0.5,T,H,Lose,11,13,,23,17981.68364965963,1798.168364965963,0.3,T,T,Win,7,17,,23,5394.227994666152,539.4227994666152,0.5,T,H,Lose,13,11,,23,17981.68364965963,1798.168364965963,0.7,H,H,Win,16,8,,23,14712.286622448784,1471.2286622448785,0.5,T,T,Win,11,13,,23,21977.613349583993,2197.7613349583994,0.3,T,T,Win,8,16,,23,14712.286622448788,1471.228662244879,0.5,T,H,Lose,11,13,,23,8058.04428832845,805.8044288328451,0.6,T,H,Lose,14,10,,23,8058.044288328446,805.8044288328447,0.6,H,T,Lose,14,10,,23,14712.286622448786,1471.2286622448787,0.5,T,H,Lose,13,11,,23,9848.720796845882,984.8720796845882,0.6,T,H,Lose,14,10,,23,6592.945326814182,659.2945326814183,0.6,H,H,Win,15,9,,23,8058.044288328447,805.8044288328447,0.5,H,T,Lose,13,11,,23,8058.044288328444,805.8044288328445,0.5,T,T,Win,12,12,,23,5394.227994666152,539.4227994666152,0.6,H,H,Win,14,10,,23,5394.22799466615,539.4227994666151,0.5,T,T,Win,13,11,,23,6592.945326814186,659.2945326814187,0.5,T,H,Lose,11,13,,23,9848.720796845882,984.8720796845882,0.5,T,T,Win,13,11,,23,14712.286622448784,1471.2286622448785,0.3,T,T,Win,8,16,,23,9848.72079684588,984.8720796845881,0.4,T,H,Lose,10,14,,23,9848.720796845882,984.8720796845882,0.5,T,T,Win,12,12,,23,8058.044288328449,805.8044288328449,0.6,T,H,Lose,14,10,,23,12037.325418367183,1203.7325418367184,0.5,H,T,Lose,13,11,,23,9848.720796845879,984.8720796845879,0.5,T,H,Lose,11,13,,23,6592.945326814186,659.2945326814187,0.5,H,T,Lose,12,12,,23,9848.720796845879,984.8720796845879,0.5,H,T,Lose,13,11,,23,14712.286622448784,1471.2286622448785,0.4,T,T,Win,9,15,,23,6592.945326814186,659.2945326814187,0.5,T,H,Lose,11,13,,23,6592.945326814184,659.2945326814184,0.5,T,H,Lose,11,13,,23,4413.459268363215,441.34592683632155,0.6,H,H,Win,15,9,,23,9848.720796845879,984.8720796845879,0.5,T,T,Win,12,12,,23,17981.68364965963,1798.168364965963,0.4,T,T,Win,9,15,,23,5394.227994666152,539.4227994666152,0.5,T,T,Win,13,11,,23,3611.0121286608123,361.10121286608126,0.5,T,H,Lose,12,12,,23,4413.459268363214,441.3459268363214,0.5,H,H,Win,13,11,,23,21977.613349583986,2197.7613349583985,0.7,H,T,Lose,16,8,,23,6592.945326814183,659.2945326814183,0.5,T,H,Lose,11,13,,23,9848.720796845877,984.8720796845878,0.5,T,H,Lose,11,13,,23,14712.28662244878,1471.2286622448783,0.5,T,H,Lose,11,13,,23,14712.286622448779,1471.228662244878,0.3,T,H,Lose,8,16,,23,6592.945326814183,659.2945326814183,0.5,T,H,Lose,13,11,,23,5394.227994666152,539.4227994666152,0.5,H,H,Win,12,12,,23,9848.720796845879,984.8720796845879,0.6,H,H,Win,14,10,,23,9848.720796845879,984.8720796845879,0.4,T,T,Win,10,14,,23,17981.683649659633,1798.1683649659635,0.4,T,H,Lose,10,14,,23,8058.044288328447,805.8044288328447,0.5,T,H,Lose,11,13,,23,5394.227994666152,539.4227994666152,0.5,H,T,Lose,11,13,,23,5394.227994666151,539.4227994666152,0.6,H,H,Win,15,9,,23,9848.72079684588,984.8720796845881,0.5,H,H,Win,12,12,,23,12037.325418367185,1203.7325418367186,0.5,H,T,Lose,13,11,,23,5394.227994666151,539.4227994666152,0.6,T,H,Lose,14,10,,23,6592.945326814182,659.2945326814183,0.6,H,T,Lose,15,9,,23,5394.227994666152,539.4227994666152,0.5,T,H,Lose,13,11,,23,6592.945326814186,659.2945326814187,0.4,T,T,Win,10,14,,23,5394.227994666152,539.4227994666152,0.5,H,T,Lose,13,11,,23,6592.945326814184,659.2945326814184,0.6,T,H,Lose,14,10,,23,9848.72079684588,984.8720796845881,0.5,H,T,Lose,13,11,,23,5394.227994666153,539.4227994666153,0.5,T,H,Lose,12,12,,23,8058.044288328449,805.8044288328449,0.5,T,H,Lose,11,13,,23,5394.22799466615,539.4227994666151,0.6,T,H,Lose,14,10,,23,8058.044288328447,805.8044288328447,0.4,T,H,Lose,10,14,,23,9848.720796845882,984.8720796845882,0.5,H,H,Win,13,11,,23,14712.28662244878,1471.2286622448783,0.7,H,H,Win,17,7,,23,14712.286622448784,1471.2286622448785,0.5,T,H,Lose,11,13,,23,17981.683649659626,1798.1683649659626,0.5,H,H,Win,12,12,,23,21977.613349583993,2197.7613349583994,0.7,H,T,Lose,16,8,,23,3611.012128660812,361.1012128660812,0.5,H,H,Win,13,11,,23,4413.4592683632145,441.3459268363215,0.5,H,H,Win,13,11,,23,8058.044288328447,805.8044288328447,0.5,H,T,Lose,13,11,,23,8058.044288328445,805.8044288328446,0.4,T,T,Win,10,14,,23,9848.72079684588,984.8720796845881,0.6,H,H,Win,15,9,,23,9848.720796845884,984.8720796845885,0.4,T,H,Lose,10,14,,23,5394.22799466615,539.4227994666151,0.5,T,T,Win,11,13,,23,9848.720796845884,984.8720796845885,0.5,T,H,Lose,11,13,,23,6592.945326814183,659.2945326814183,0.5,T,T,Win,11,13,
24,13241.057960203903,1324.1057960203905,0.6,H,H,Win,15,10,,24,10833.592876530465,1083.3592876530465,0.4,T,T,Win,11,14,,24,7252.239859495604,725.2239859495604,0.4,T,T,Win,10,15,,24,7252.239859495602,725.2239859495603,0.5,T,T,Win,12,13,,24,10833.592876530467,1083.3592876530467,0.5,T,H,Lose,12,13,,24,10833.592876530465,1083.3592876530465,0.5,H,H,Win,13,12,,24,7252.239859495603,725.2239859495603,0.5,H,T,Lose,13,12,,24,7252.239859495604,725.2239859495604,0.4,T,T,Win,11,14,,24,8863.848717161292,886.3848717161293,0.4,T,T,Win,11,14,,24,7252.239859495601,725.2239859495602,0.4,T,T,Win,9,16,,24,7252.239859495601,725.2239859495602,0.5,H,H,Win,13,12,,24,8863.848717161292,886.3848717161293,0.4,T,T,Win,11,14,,24,13241.057960203903,1324.1057960203905,0.4,T,H,Lose,10,15,,24,16183.515284693669,1618.351528469367,0.4,T,T,Win,10,15,,24,10833.592876530467,1083.3592876530467,0.3,T,T,Win,7,18,,24,8863.84871716129,886.384871716129,0.6,H,T,Lose,15,10,,24,10833.592876530469,1083.359287653047,0.4,T,T,Win,10,15,,24,10833.59287653047,1083.3592876530472,0.5,H,T,Lose,13,12,,24,8863.84871716129,886.384871716129,0.4,T,T,Win,11,14,,24,10833.59287653047,1083.3592876530472,0.4,T,H,Lose,11,14,,24,5933.650794132765,593.3650794132766,0.4,T,T,Win,10,15,,24,10833.592876530467,1083.3592876530467,0.4,T,T,Win,10,15,,24,5933.650794132765,593.3650794132766,0.6,T,H,Lose,14,11,,24,24175.374684542392,2417.5374684542394,0.7,H,T,Lose,18,7,,24,8863.848717161296,886.3848717161296,0.6,H,H,Win,15,10,,24,7252.239859495604,725.2239859495604,0.5,T,H,Lose,12,13,,24,8863.848717161294,886.3848717161295,0.5,T,T,Win,13,12,,24,24175.37468454238,2417.537468454238,0.3,T,H,Lose,7,18,,24,7252.239859495603,725.2239859495603,0.4,T,H,Lose,11,14,,24,5933.650794132767,593.3650794132767,0.6,H,H,Win,16,9,,24,13241.057960203902,1324.1057960203902,0.7,H,H,Win,17,8,,24,8863.848717161292,886.3848717161293,0.6,H,H,Win,15,10,,24,7252.239859495602,725.2239859495603,0.5,T,H,Lose,12,13,,24,8863.848717161292,886.3848717161293,0.5,T,H,Lose,12,13,,24,5933.650794132766,593.3650794132767,0.5,T,H,Lose,13,12,,24,13241.057960203907,1324.1057960203907,0.4,T,H,Lose,10,15,,24,10833.592876530472,1083.3592876530472,0.4,T,H,Lose,11,14,,24,7252.239859495602,725.2239859495603,0.5,H,H,Win,13,12,,24,19779.852014625594,1977.9852014625594,0.5,H,T,Lose,12,13,,24,16183.515284693663,1618.3515284693665,0.4,T,H,Lose,10,15,,24,13241.057960203903,1324.1057960203905,0.5,H,T,Lose,12,13,,24,16183.515284693669,1618.351528469367,0.4,T,H,Lose,10,15,,24,10833.592876530467,1083.3592876530467,0.4,T,H,Lose,11,14,,24,10833.59287653046,1083.359287653046,0.4,T,H,Lose,10,15,,24,7252.239859495602,725.2239859495603,0.4,T,T,Win,11,14,,24,10833.59287653047,1083.3592876530472,0.6,H,T,Lose,16,9,,24,13241.057960203909,1324.105796020391,0.6,H,H,Win,16,9,,24,7252.239859495603,725.2239859495603,0.4,T,T,Win,9,16,,24,8863.84871716129,886.384871716129,0.5,H,T,Lose,12,13,,24,19779.852014625594,1977.9852014625594,0.3,T,H,Lose,8,17,,24,7252.239859495603,725.2239859495603,0.5,H,T,Lose,12,13,,24,10833.59287653047,1083.3592876530472,0.4,T,T,Win,10,15,,24,8863.848717161294,886.3848717161295,0.4,T,T,Win,10,15,,24,19779.852014625598,1977.9852014625599,0.4,T,H,Lose,10,15,,24,5933.650794132764,593.3650794132764,0.5,H,H,Win,13,12,,24,10833.59287653047,1083.3592876530472,0.4,T,H,Lose,11,14,,24,8863.848717161292,886.3848717161293,0.4,T,T,Win,11,14,,24,13241.057960203909,1324.105796020391,0.4,T,H,Lose,10,15,,24,4854.805195199536,485.4805195199536,0.6,H,H,Win,14,11,,24,13241.057960203905,1324.1057960203907,0.6,H,T,Lose,16,9,,24,8863.84871716129,886.384871716129,0.6,T,H,Lose,14,11,,24,7252.239859495603,725.2239859495603,0.6,H,H,Win,14,11,,24,8863.848717161292,886.3848717161293,0.6,T,H,Lose,14,11,,24,24175.374684542385,2417.5374684542385,0.3,T,H,Lose,7,18,,24,16183.515284693663,1618.3515284693665,0.4,T,H,Lose,9,16,,24,8863.84871716129,886.384871716129,0.6,H,T,Lose,15,10,,24,5933.650794132767,593.3650794132767,0.5,H,H,Win,13,12,,24,8863.84871716129,886.384871716129,0.4,T,T,Win,9,16,,24,13241.057960203909,1324.105796020391,0.6,H,T,Lose,16,9,,24,3972.1133415268923,397.21133415268923,0.6,H,T,Lose,14,11,,24,4854.805195199534,485.4805195199534,0.5,H,T,Lose,13,12,,24,5933.6507941327645,593.3650794132765,0.6,H,H,Win,15,10,,24,5933.650794132766,593.3650794132767,0.6,H,T,Lose,14,11,,24,13241.0579602039,1324.10579602039,0.4,T,H,Lose,10,15,,24,7252.239859495604,725.2239859495604,0.4,T,T,Win,11,14,,24,4854.805195199535,485.48051951995353,0.4,T,T,Win,11,14,,24,7252.239859495607,725.2239859495608,0.5,T,H,Lose,12,13,,24,13241.05796020391,1324.1057960203912,0.4,T,H,Lose,10,15,,24,13241.057960203907,1324.1057960203907,0.6,H,H,Win,15,10,,24,10833.59287653047,1083.3592876530472,0.6,H,H,Win,14,11,,24,16183.515284693663,1618.3515284693665,0.3,T,H,Lose,8,17,,24,4854.805195199537,485.4805195199537,0.6,H,H,Win,15,10,,24,13241.057960203905,1324.1057960203907,0.4,T,H,Lose,10,15,,24,7252.239859495604,725.2239859495604,0.5,T,H,Lose,12,13,,24,8863.848717161294,886.3848717161295,0.6,H,T,Lose,15,10,,24,3972.1133415268937,397.2113341526894,0.5,T,H,Lose,13,12,,24,13241.057960203902,1324.1057960203902,0.6,H,T,Lose,15,10,,24,5933.650794132767,593.3650794132767,0.6,H,H,Win,16,9,,24,13241.057960203903,1324.1057960203905,0.6,H,T,Lose,16,9,,24,8863.84871716129,886.384871716129,0.5,T,H,Lose,12,13,,24,7252.239859495604,725.2239859495604,0.4,T,T,Win,11,14,,24,3972.1133415268932,397.21133415268935,0.5,H,T,Lose,12,13,,24,13241.057960203903,1324.1057960203905,0.4,T,T,Win,9,16,,24,16183.515284693669,1618.351528469367,0.4,T,H,Lose,9,16,,24,8863.84871716129,886.384871716129,0.5,H,T,Lose,12,13,,24,24175.374684542385,2417.5374684542385,0.2,T,T,Win,6,19,,24,10833.592876530474,1083.3592876530474,0.5,T,T,Win,13,12,,24,5933.650794132765,593.3650794132766,0.6,H,H,Win,16,9,,24,13241.057960203905,1324.1057960203907,0.4,T,T,Win,11,14,,24,4854.805195199536,485.4805195199536,0.5,H,T,Lose,12,13,,24,8863.84871716129,886.384871716129,0.6,H,T,Lose,16,9,,24,13241.057960203905,1324.1057960203907,0.6,H,H,Win,14,11,,24,8863.84871716129,886.384871716129,0.5,T,T,Win,12,13,,24,10833.59287653047,1083.3592876530472,0.4,T,T,Win,9,16,,24,13241.057960203905,1324.1057960203907,0.6,H,H,Win,14,11,,24,5933.650794132764,593.3650794132764,0.6,T,H,Lose,14,11,,24,10833.592876530465,1083.3592876530465,0.6,H,H,Win,16,9,,24,7252.239859495603,725.2239859495603,0.5,H,T,Lose,13,12,,24,5933.650794132765,593.3650794132766,0.6,H,T,Lose,14,11,,24,8863.848717161287,886.3848717161287,0.5,T,T,Win,12,13,,24,24175.37468454239,2417.537468454239,0.3,T,H,Lose,7,18,,24,4854.805195199536,485.4805195199536,0.6,H,T,Lose,15,10,,24,3972.1133415268923,397.21133415268923,0.6,H,T,Lose,14,11,,24,4854.805195199537,485.4805195199537,0.6,H,T,Lose,14,11,,24,10833.592876530467,1083.3592876530467,0.5,T,H,Lose,12,13,,24,10833.59287653047,1083.3592876530472,0.4,T,H,Lose,11,14,,24,7252.239859495603,725.2239859495603,0.4,T,T,Win,10,15,,24,4854.805195199536,485.4805195199536,0.5,H,T,Lose,13,12,,24,5933.650794132766,593.3650794132767,0.4,T,T,Win,11,14,,24,7252.239859495601,725.2239859495602,0.6,H,H,Win,16,9,,24,7252.239859495602,725.2239859495603,0.6,H,H,Win,15,10,,24,16183.515284693667,1618.3515284693667,0.3,T,T,Win,8,17,,24,8863.84871716129,886.384871716129,0.4,T,H,Lose,11,14,,24,8863.848717161292,886.3848717161293,0.5,T,H,Lose,12,13,,24,16183.515284693667,1618.3515284693667,0.3,T,T,Win,8,17,,24,5933.650794132764,593.3650794132764,0.5,H,T,Lose,13,12,,24,4854.805195199536,485.4805195199536,0.5,T,T,Win,12,13,,24,10833.592876530467,1083.3592876530467,0.6,H,T,Lose,15,10,,24,10833.59287653047,1083.3592876530472,0.4,T,H,Lose,10,15,,24,8863.84871716129,886.384871716129,0.6,H,T,Lose,15,10,,24,8863.848717161294,886.3848717161295,0.6,H,H,Win,16,9,,24,10833.592876530467,1083.3592876530467,0.4,T,T,Win,10,15,,24,7252.239859495604,725.2239859495604,0.6,H,T,Lose,14,11,,24,19779.852014625594,1977.9852014625594,0.4,T,H,Lose,10,15,,24,19779.852014625594,1977.9852014625594,0.7,H,T,Lose,18,7,,24,13241.057960203902,1324.1057960203902,0.4,T,H,Lose,11,14,,24,5933.650794132765,593.3650794132766,0.5,T,T,Win,12,13,,24,3972.1133415268946,397.21133415268946,0.4,T,H,Lose,11,14,,24,7252.239859495602,725.2239859495603,0.5,T,H,Lose,12,13,,24,13241.057960203902,1324.1057960203902,0.5,T,H,Lose,13,12,,24,16183.515284693663,1618.3515284693665,0.4,T,T,Win,9,16,,24,10833.592876530467,1083.3592876530467,0.6,H,H,Win,14,11,,24,4854.805195199537,485.4805195199537,0.4,T,T,Win,10,15,,24,8863.848717161287,886.3848717161287,0.5,T,H,Lose,12,13,,24,8863.848717161296,886.3848717161296,0.6,H,H,Win,14,11,,24,10833.592876530467,1083.3592876530467,0.4,T,H,Lose,11,14,,24,10833.59287653047,1083.3592876530472,0.6,H,T,Lose,15,10,,24,10833.592876530463,1083.3592876530463,0.4,T,T,Win,10,15,,24,4854.805195199534,485.4805195199534,0.5,T,H,Lose,12,13,,24,7252.239859495602,725.2239859495603,0.5,T,H,Lose,12,13,,24,13241.05796020391,1324.1057960203912,0.4,T,T,Win,10,15,,24,4854.805195199538,485.48051951995376,0.4,T,T,Win,11,14,,24,19779.852014625598,1977.9852014625599,0.7,H,H,Win,18,7,,24,10833.592876530467,1083.3592876530467,0.4,T,H,Lose,11,14,,24,10833.592876530467,1083.3592876530467,0.4,T,H,Lose,11,14,,24,3972.1133415268937,397.2113341526894,0.5,T,H,Lose,12,13,,24,3972.1133415268937,397.2113341526894,0.5,H,T,Lose,13,12,,24,5933.650794132766,593.3650794132767,0.5,T,H,Lose,12,13,,24,10833.59287653047,1083.3592876530472,0.5,T,T,Win,13,12,,24,19779.852014625587,1977.9852014625587,0.7,H,H,Win,18,7,,24,16183.515284693667,1618.3515284693667,0.4,T,H,Lose,10,15,,24,3249.910915794731,324.9910915794731,0.5,T,T,Win,12,13,,24,13241.057960203907,1324.1057960203907,0.4,T,H,Lose,11,14,,24,3972.1133415268932,397.21133415268935,0.6,H,H,Win,14,11,,24,5933.650794132769,593.3650794132769,0.4,T,T,Win,11,14,,24,7252.239859495602,725.2239859495603,0.5,H,T,Lose,13,12,,24,13241.057960203907,1324.1057960203907,0.6,H,T,Lose,15,10,,24,10833.592876530463,1083.3592876530463,0.5,T,H,Lose,12,13,,24,13241.05796020391,1324.1057960203912,0.7,H,H,Win,17,8,,24,16183.515284693656,1618.3515284693658,0.6,H,H,Win,15,10,,24,4854.805195199537,485.4805195199537,0.5,T,T,Win,12,13,,24,8863.848717161292,886.3848717161293,0.6,H,T,Lose,14,11,,24,8863.84871716129,886.384871716129,0.5,T,T,Win,13,12,,24,8863.84871716129,886.384871716129,0.4,T,T,Win,10,15,,24,4854.805195199534,485.4805195199534,0.6,H,H,Win,15,10,,24,16183.515284693667,1618.3515284693667,0.3,T,T,Win,8,17,,24,10833.592876530474,1083.3592876530474,0.4,T,T,Win,10,15,,24,8863.84871716129,886.384871716129,0.5,T,H,Lose,12,13,,24,8863.848717161289,886.3848717161289,0.5,T,T,Win,13,12,,24,7252.239859495606,725.2239859495606,0.4,T,T,Win,11,14,,24,10833.592876530465,1083.3592876530465,0.6,H,T,Lose,16,9,,24,13241.057960203902,1324.1057960203902,0.6,H,H,Win,16,9,,24,8863.848717161289,886.3848717161289,0.4,T,T,Win,10,15,,24,4854.805195199538,485.48051951995376,0.6,H,H,Win,15,10,,24,4854.805195199536,485.4805195199536,0.6,H,H,Win,15,10,,24,13241.057960203907,1324.1057960203907,0.7,H,H,Win,17,8,,24,13241.057960203905,1324.1057960203907,0.6,H,H,Win,16,9,,24,24175.37468454239,2417.537468454239,0.3,T,H,Lose,8,17,,24,4854.805195199537,485.4805195199537,0.6,H,T,Lose,15,10,,24,5933.650794132764,593.3650794132764,0.5,T,T,Win,13,12,,24,7252.239859495601,725.2239859495602,0.6,H,H,Win,14,11,,24,19779.852014625594,1977.9852014625594,0.3,T,T,Win,7,18,,24,10833.592876530465,1083.3592876530465,0.4,T,T,Win,11,14,,24,13241.057960203905,1324.1057960203907,0.6,H,H,Win,14,11,,24,7252.239859495604,725.2239859495604,0.5,H,H,Win,13,12,,24,8863.848717161292,886.3848717161293,0.4,T,T,Win,11,14,,24,8863.848717161292,886.3848717161293,0.4,T,T,Win,11,14,,24,7252.239859495604,725.2239859495604,0.6,H,T,Lose,14,11,,24,19779.852014625598,1977.9852014625599,0.3,T,H,Lose,8,17,,24,24175.37468454239,2417.537468454239,0.3,T,T,Win,7,18,,24,19779.852014625598,1977.9852014625599,0.4,T,T,Win,9,16,,24,19779.852014625598,1977.9852014625599,0.7,H,T,Lose,17,8,,24,3249.9109157947296,324.991091579473,0.5,T,T,Win,13,12,,24,13241.057960203909,1324.105796020391,0.6,H,T,Lose,14,11,,24,5933.650794132765,593.3650794132766,0.6,H,H,Win,16,9,,24,8863.848717161292,886.3848717161293,0.5,T,H,Lose,13,12,,24,8863.848717161289,886.3848717161289,0.5,H,H,Win,13,12,,24,16183.515284693663,1618.3515284693665,0.4,T,H,Lose,9,16,,24,16183.515284693667,1618.3515284693667,0.4,T,H,Lose,9,16,,24,16183.515284693663,1618.3515284693665,0.8,H,H,Win,19,6,,24,7252.239859495604,725.2239859495604,0.6,H,H,Win,15,10,,24,5933.650794132765,593.3650794132766,0.5,T,T,Win,13,12,,24,13241.057960203909,1324.105796020391,0.4,T,T,Win,9,16,,24,13241.05796020391,1324.1057960203912,0.4,T,T,Win,9,16,,24,4854.805195199536,485.4805195199536,0.5,T,H,Lose,12,13,,24,5933.650794132765,593.3650794132766,0.4,T,T,Win,11,14,,24,5933.650794132765,593.3650794132766,0.5,T,H,Lose,12,13,,24,16183.515284693654,1618.3515284693656,0.4,T,T,Win,10,15,,24,24175.374684542385,2417.5374684542385,0.7,H,T,Lose,17,8,,24,8863.84871716129,886.384871716129,0.6,H,H,Win,14,11,,24,8863.84871716129,886.384871716129,0.5,T,H,Lose,12,13,,24,5933.650794132765,593.3650794132766,0.6,H,H,Win,15,10,,24,2659.0180220138704,265.90180220138706,0.5,H,H,Win,13,12,,24,4854.805195199534,485.4805195199534,0.5,T,H,Lose,13,12,,24,8863.84871716129,886.384871716129,0.6,H,H,Win,15,10,,24,16183.515284693667,1618.3515284693667,0.4,T,H,Lose,9,16,,24,5933.650794132765,593.3650794132766,0.6,H,H,Win,14,11,,24,4854.805195199535,485.48051951995353,0.6,H,T,Lose,14,11,,24,8863.84871716129,886.384871716129,0.6,H,H,Win,14,11,,24,7252.239859495599,725.22398594956,0.5,H,T,Lose,12,13,,24,19779.85201462559,1977.9852014625592,0.6,H,T,Lose,16,9,,24,8863.848717161294,886.3848717161295,0.6,H,H,Win,16,9,,24,8863.848717161294,886.3848717161295,0.6,H,T,Lose,15,10,,24,7252.239859495605,725.2239859495605,0.5,T,H,Lose,13,12,,24,4854.805195199536,485.4805195199536,0.5,H,H,Win,13,12,,24,13241.057960203903,1324.1057960203905,0.6,H,T,Lose,15,10,,24,5933.6507941327645,593.3650794132765,0.6,H,T,Lose,14,11,,24,16183.515284693663,1618.3515284693665,0.4,T,H,Lose,9,16,,24,10833.59287653047,1083.3592876530472,0.5,H,H,Win,13,12,,24,8863.848717161294,886.3848717161295,0.6,H,H,Win,14,11,,24,10833.59287653047,1083.3592876530472,0.6,H,T,Lose,15,10,,24,7252.239859495601,725.2239859495602,0.6,H,H,Win,15,10,,24,8863.84871716129,886.384871716129,0.6,H,H,Win,16,9,,24,13241.057960203905,1324.1057960203907,0.5,T,H,Lose,12,13,,24,16183.515284693663,1618.3515284693665,0.7,H,T,Lose,17,8,,24,4854.805195199537,485.4805195199537,0.6,H,T,Lose,14,11,,24,8863.848717161294,886.3848717161295,0.5,T,T,Win,13,12,,24,16183.515284693667,1618.3515284693667,0.5,H,H,Win,13,12,,24,5933.6507941327645,593.3650794132765,0.6,T,H,Lose,14,11,,24,10833.592876530472,1083.3592876530472,0.4,T,H,Lose,11,14,,24,24175.37468454239,2417.537468454239,0.4,T,H,Lose,9,16,,24,13241.057960203903,1324.1057960203905,0.5,T,T,Win,13,12,,24,3972.1133415268932,397.21133415268935,0.4,T,T,Win,11,14,,24,5933.650794132765,593.3650794132766,0.6,H,H,Win,14,11,,24,5933.6507941327645,593.3650794132765,0.5,H,T,Lose,13,12,,24,7252.239859495602,725.2239859495603,0.6,H,T,Lose,14,11,,24,5933.650794132766,593.3650794132767,0.5,T,H,Lose,12,13,,24,3249.9109157947305,324.99109157947305,0.5,H,T,Lose,12,13,,24,8863.84871716129,886.384871716129,0.4,T,T,Win,10,15,,24,10833.592876530472,1083.3592876530472,0.4,T,H,Lose,11,14,,24,4854.805195199534,485.4805195199534,0.5,H,H,Win,13,12,,24,13241.057960203907,1324.1057960203907,0.4,T,T,Win,9,16,,24,13241.057960203903,1324.1057960203905,0.4,T,T,Win,10,15,,24,7252.239859495602,725.2239859495603,0.5,H,T,Lose,13,12,,24,10833.592876530465,1083.3592876530465,0.4,T,T,Win,9,16,,24,4854.805195199536,485.4805195199536,0.5,H,T,Lose,13,12,,24,5933.650794132765,593.3650794132766,0.6,T,H,Lose,14,11,,24,10833.592876530463,1083.3592876530463,0.4,T,H,Lose,11,14,,24,7252.239859495599,725.22398594956,0.5,H,T,Lose,13,12,,24,13241.057960203905,1324.1057960203907,0.4,T,H,Lose,10,15,,24,13241.057960203909,1324.105796020391,0.6,H,H,Win,16,9,,24,5933.650794132765,593.3650794132766,0.5,T,T,Win,13,12,,24,13241.057960203907,1324.1057960203907,0.6,T,H,Lose,14,11,,24,16183.515284693667,1618.3515284693667,0.6,H,T,Lose,15,10,,24,10833.592876530472,1083.3592876530472,0.4,T,H,Lose,9,16,,24,4854.805195199538,485.48051951995376,0.5,H,H,Win,13,12,,24,10833.59287653047,1083.3592876530472,0.4,T,H,Lose,9,16,,24,10833.59287653047,1083.3592876530472,0.4,T,T,Win,10,15,,24,8863.84871716129,886.384871716129,0.6,H,T,Lose,15,10,,24,24175.37468454239,2417.537468454239,0.7,H,H,Win,18,7,,24,10833.592876530467,1083.3592876530467,0.4,T,T,Win,9,16,,24,8863.848717161296,886.3848717161296,0.6,H,H,Win,15,10,,24,8863.84871716129,886.384871716129,0.4,T,T,Win,11,14,,24,8863.84871716129,886.384871716129,0.5,H,T,Lose,13,12,,24,13241.057960203902,1324.1057960203902,0.4,T,T,Win,9,16,,24,13241.05796020391,1324.1057960203912,0.4,T,H,Lose,10,15,,24,16183.515284693667,1618.3515284693667,0.3,T,T,Win,8,17,,24,10833.592876530465,1083.3592876530465,0.4,T,H,Lose,11,14,,24,3249.9109157947305,324.99109157947305,0.5,T,H,Lose,13,12,,24,16183.515284693665,1618.3515284693667,0.4,T,H,Lose,11,14,,24,5933.6507941327645,593.3650794132765,0.4,T,H,Lose,11,14,,24,10833.592876530467,1083.3592876530467,0.5,T,H,Lose,12,13,,24,10833.59287653047,1083.3592876530472,0.4,T,H,Lose,10,15,,24,5933.650794132767,593.3650794132767,0.6,H,H,Win,15,10,,24,7252.239859495601,725.2239859495602,0.5,H,T,Lose,13,12,,24,5933.650794132764,593.3650794132764,0.5,T,T,Win,13,12,,24,2659.018022013871,265.9018022013871,0.5,T,T,Win,12,13,,24,4854.805195199534,485.4805195199534,0.5,T,T,Win,13,12,,24,8863.848717161294,886.3848717161295,0.4,T,T,Win,11,14,,24,8863.848717161292,886.3848717161293,0.5,T,T,Win,12,13,,24,19779.85201462559,1977.9852014625592,0.3,T,H,Lose,8,17,,24,7252.239859495603,725.2239859495603,0.6,H,H,Win,14,11,,24,19779.85201462559,1977.9852014625592,0.3,T,H,Lose,8,17,,24,19779.852014625594,1977.9852014625594,0.3,T,T,Win,7,18,,24,16183.515284693656,1618.3515284693658,0.3,T,T,Win,8,17,,24,13241.057960203909,1324.105796020391,0.6,H,T,Lose,15,10,,24,13241.05796020391,1324.1057960203912,0.4,T,H,Lose,10,15,,24,8863.848717161289,886.3848717161289,0.5,T,H,Lose,12,13,,24,3249.910915794731,324.9910915794731,0.5,H,T,Lose,13,12,,24,5933.650794132767,593.3650794132767,0.5,T,T,Win,12,13,,24,13241.057960203909,1324.105796020391,0.4,T,H,Lose,10,15,,24,5933.650794132768,593.3650794132768,0.6,H,H,Win,15,10,,24,10833.59287653047,1083.3592876530472,0.4,T,T,Win,11,14,,24,3972.1133415268923,397.21133415268923,0.5,T,H,Lose,13,12,,24,7252.239859495604,725.2239859495604,0.6,H,H,Win,14,11,,24,4854.805195199535,485.48051951995353,0.6,T,H,Lose,14,11,,24,10833.59287653047,1083.3592876530472,0.4,T,T,Win,11,14,,24,36113.83131888432,3611.3831318884318,0.8,H,T,Lose,19,6,,24,8863.848717161289,886.3848717161289,0.4,T,T,Win,11,14,,24,8863.848717161294,886.3848717161295,0.5,H,T,Lose,12,13,,24,7252.239859495603,725.2239859495603,0.5,T,H,Lose,12,13,,24,13241.057960203902,1324.1057960203902,0.6,H,T,Lose,16,9,,24,8863.848717161292,886.3848717161293,0.6,H,H,Win,15,10,,24,4854.805195199535,485.48051951995353,0.6,H,H,Win,14,11,,24,10833.59287653047,1083.3592876530472,0.4,T,T,Win,10,15,,24,13241.057960203902,1324.1057960203902,0.6,H,T,Lose,15,10,,24,7252.239859495604,725.2239859495604,0.5,T,T,Win,12,13,,24,10833.59287653047,1083.3592876530472,0.6,H,T,Lose,15,10,,24,4854.805195199538,485.48051951995376,0.5,H,H,Win,13,12,,24,3249.910915794731,324.9910915794731,0.5,T,T,Win,12,13,,24,13241.057960203907,1324.1057960203907,0.4,T,H,Lose,11,14,,24,4854.805195199537,485.4805195199537,0.6,H,T,Lose,14,11,,24,10833.592876530467,1083.3592876530467,0.5,T,H,Lose,13,12,,24,19779.852014625583,1977.9852014625585,0.8,H,T,Lose,19,6,,24,13241.057960203905,1324.1057960203907,0.4,T,H,Lose,10,15,,24,16183.515284693665,1618.3515284693667,0.4,T,H,Lose,10,15,,24,10833.592876530469,1083.359287653047,0.4,T,H,Lose,11,14,,24,5933.650794132764,593.3650794132764,0.6,H,H,Win,15,10,,24,10833.59287653047,1083.3592876530472,0.4,T,H,Lose,11,14,,24,3972.1133415268937,397.2113341526894,0.4,T,T,Win,11,14,,24,36113.83131888432,3611.3831318884318,0.2,T,H,Lose,5,20,,24,7252.239859495601,725.2239859495602,0.6,T,H,Lose,14,11,,24,8863.848717161294,886.3848717161295,0.4,T,T,Win,10,15,,24,10833.592876530469,1083.359287653047,0.4,T,H,Lose,11,14,,24,4854.805195199535,485.48051951995353,0.5,H,H,Win,13,12,,24,3249.9109157947305,324.99109157947305,0.5,H,H,Win,13,12,,24,7252.239859495601,725.2239859495602,0.5,H,T,Lose,12,13,,24,4854.805195199534,485.4805195199534,0.6,T,H,Lose,14,11,,24,19779.85201462559,1977.9852014625592,0.6,H,T,Lose,16,9,,24,7252.239859495604,725.2239859495604,0.5,T,H,Lose,12,13,,24,8863.848717161294,886.3848717161295,0.4,T,H,Lose,11,14,,24,7252.239859495601,725.2239859495602,0.6,H,H,Win,15,10,,24,16183.515284693656,1618.3515284693658,0.4,T,H,Lose,9,16,,24,16183.51528469367,1618.3515284693672,0.4,T,H,Lose,9,16,,24,5933.650794132766,593.3650794132767,0.6,H,H,Win,14,11,,24,5933.650794132764,593.3650794132764,0.5,T,T,Win,12,13,,24,10833.592876530469,1083.359287653047,0.7,H,H,Win,17,8,,24,10833.592876530467,1083.3592876530467,0.5,T,T,Win,13,12,,24,3972.1133415268937,397.2113341526894,0.5,T,T,Win,12,13,,24,8863.848717161296,886.3848717161296,0.6,H,T,Lose,15,10,,24,13241.05796020391,1324.1057960203912,0.4,T,T,Win,9,16,,24,19779.8520146256,1977.9852014625603,0.3,T,T,Win,7,18,,24,10833.592876530465,1083.3592876530465,0.6,H,H,Win,16,9,,24,7252.239859495602,725.2239859495603,0.5,H,H,Win,13,12,,24,8863.848717161294,886.3848717161295,0.6,H,H,Win,14,11,,24,16183.515284693656,1618.3515284693658,0.3,T,T,Win,8,17,,24,3972.1133415268923,397.21133415268923,0.6,H,H,Win,15,10,,24,13241.057960203909,1324.105796020391,0.4,T,T,Win,9,16,,24,13241.057960203903,1324.1057960203905,0.6,T,H,Lose,14,11,,24,7252.239859495601,725.2239859495602,0.5,T,H,Lose,13,12,,24,10833.592876530467,1083.3592876530467,0.7,H,H,Win,17,8,,24,4854.805195199536,485.4805195199536,0.5,T,H,Lose,12,13,,24,16183.515284693663,1618.3515284693665,0.5,T,T,Win,12,13,,24,4854.805195199535,485.48051951995353,0.5,T,H,Lose,13,12,,24,3972.1133415268932,397.21133415268935,0.6,H,H,Win,15,10,,24,13241.057960203907,1324.1057960203907,0.6,H,H,Win,16,9,,24,7252.239859495603,725.2239859495603,0.5,T,H,Lose,12,13,,24,5933.650794132767,593.3650794132767,0.5,T,H,Lose,12,13,,24,13241.057960203903,1324.1057960203905,0.6,H,T,Lose,16,9,,24,13241.057960203907,1324.1057960203907,0.7,H,H,Win,17,8,,24,13241.057960203907,1324.1057960203907,0.5,H,T,Lose,13,12,,24,10833.592876530463,1083.3592876530463,0.5,T,T,Win,12,13,,24,8863.84871716129,886.384871716129,0.5,T,T,Win,12,13,,24,13241.057960203903,1324.1057960203905,0.4,T,T,Win,9,16,,24,13241.057960203907,1324.1057960203907,0.6,H,T,Lose,15,10,,24,16183.515284693665,1618.3515284693667,0.4,T,T,Win,9,16,,24,2659.0180220138704,265.90180220138706,0.6,T,H,Lose,14,11,,24,7252.239859495603,725.2239859495603,0.5,T,H,Lose,12,13,,24,13241.05796020391,1324.1057960203912,0.4,T,T,Win,9,16,,24,5933.650794132764,593.3650794132764,0.6,T,H,Lose,14,11,,24,10833.59287653047,1083.3592876530472,0.4,T,T,Win,10,15,,24,5933.6507941327645,593.3650794132765,0.6,H,T,Lose,15,10,,24,5933.650794132765,593.3650794132766,0.4,T,T,Win,11,14,,24,36113.83131888432,3611.3831318884318,0.8,H,T,Lose,20,5,,24,13241.057960203905,1324.1057960203907,0.6,H,H,Win,15,10,,24,16183.515284693667,1618.3515284693667,0.5,H,T,Lose,13,12,,24,5933.650794132767,593.3650794132767,0.6,H,T,Lose,15,10,,24,4854.805195199535,485.48051951995353,0.6,H,H,Win,15,10,,24,8863.848717161296,886.3848717161296,0.6,H,H,Win,15,10,,24,7252.239859495605,725.2239859495605,0.6,H,T,Lose,14,11,,24,8863.84871716129,886.384871716129,0.4,T,T,Win,11,14,,24,13241.057960203902,1324.1057960203902,0.4,T,H,Lose,10,15,,24,5933.650794132765,593.3650794132766,0.4,T,T,Win,11,14,,24,5933.650794132765,593.3650794132766,0.5,T,T,Win,12,13,,24,8863.848717161296,886.3848717161296,0.4,T,T,Win,11,14,,24,13241.057960203905,1324.1057960203907,0.7,H,H,Win,17,8,,24,4854.805195199534,485.4805195199534,0.5,T,T,Win,12,13,,24,10833.592876530469,1083.359287653047,0.6,H,T,Lose,16,9,,24,5933.650794132765,593.3650794132766,0.4,T,T,Win,11,14,,24,4854.805195199535,485.48051951995353,0.5,T,H,Lose,12,13,,24,7252.2398594956,725.2239859495601,0.5,H,T,Lose,12,13,,24,13241.057960203903,1324.1057960203905,0.4,T,T,Win,9,16,,24,5933.650794132765,593.3650794132766,0.6,H,T,Lose,14,11,,24,7252.239859495604,725.2239859495604,0.6,H,T,Lose,14,11,,24,10833.59287653047,1083.3592876530472,0.6,H,T,Lose,14,11,,24,8863.848717161294,886.3848717161295,0.6,T,H,Lose,14,11,,24,10833.592876530463,1083.3592876530463,0.4,T,T,Win,10,15,,24,4854.805195199537,485.4805195199537,0.6,H,H,Win,14,11,,24,5933.650794132765,593.3650794132766,0.5,H,T,Lose,13,12,,24,13241.057960203907,1324.1057960203907,0.6,H,T,Lose,16,9,,24,10833.59287653047,1083.3592876530472,0.7,H,H,Win,17,8,,24,4854.805195199537,485.4805195199537,0.6,T,H,Lose,14,11,,24,16183.515284693658,1618.3515284693658,0.3,T,T,Win,8,17,,24,5933.650794132767,593.3650794132767,0.6,T,H,Lose,14,11,,24,8863.84871716129,886.384871716129,0.4,T,T,Win,11,14,,24,10833.592876530467,1083.3592876530467,0.5,T,T,Win,12,13,,24,7252.239859495604,725.2239859495604,0.4,T,H,Lose,11,14,,24,5933.6507941327645,593.3650794132765,0.5,T,T,Win,13,12,,24,4854.805195199537,485.4805195199537,0.4,T,T,Win,11,14,,24,3972.1133415268937,397.2113341526894,0.5,T,H,Lose,13,12,,24,13241.057960203907,1324.1057960203907,0.4,T,H,Lose,11,14,,24,3972.1133415268932,397.21133415268935,0.6,H,H,Win,15,10,,24,2659.0180220138704,265.90180220138706,0.5,H,T,Lose,12,13,,24,5933.650794132768,593.3650794132768,0.6,H,H,Win,14,11,,24,7252.239859495601,725.2239859495602,0.4,T,T,Win,10,15,,24,5933.650794132765,593.3650794132766,0.4,T,T,Win,11,14,,24,4854.805195199536,485.4805195199536,0.5,H,T,Lose,12,13,,24,13241.057960203909,1324.105796020391,0.6,H,T,Lose,16,9,,24,3972.1133415268937,397.2113341526894,0.5,H,T,Lose,12,13,,24,10833.592876530467,1083.3592876530467,0.4,T,H,Lose,11,14,,24,19779.85201462559,1977.9852014625592,0.7,H,H,Win,17,8,,24,8863.848717161292,886.3848717161293,0.5,T,H,Lose,12,13,,24,4854.805195199535,485.48051951995353,0.6,H,H,Win,15,10,,24,3972.1133415268932,397.21133415268935,0.6,H,H,Win,15,10,,24,8863.84871716129,886.384871716129,0.6,H,T,Lose,14,11,,24,7252.239859495602,725.2239859495603,0.5,H,T,Lose,12,13,,24,10833.59287653047,1083.3592876530472,0.4,T,H,Lose,11,14,,24,4854.805195199534,485.4805195199534,0.6,H,T,Lose,14,11,,24,5933.650794132765,593.3650794132766,0.6,H,T,Lose,14,11,,24,5933.650794132765,593.3650794132766,0.5,T,H,Lose,12,13,,24,10833.59287653047,1083.3592876530472,0.4,T,H,Lose,11,14,,24,8863.84871716129,886.384871716129,0.6,H,T,Lose,15,10,,24,8863.84871716129,886.384871716129,0.5,H,T,Lose,12,13,,24,19779.852014625583,1977.9852014625585,0.6,H,T,Lose,16,9,,24,10833.59287653047,1083.3592876530472,0.4,T,T,Win,11,14,,24,3249.9109157947305,324.99109157947305,0.5,T,T,Win,12,13,,24,8863.84871716129,886.384871716129,0.5,H,T,Lose,12,13,,24,13241.05796020391,1324.1057960203912,0.4,T,H,Lose,11,14,,24,5933.6507941327645,593.3650794132765,0.6,H,H,Win,16,9,,24,7252.239859495604,725.2239859495604,0.5,H,H,Win,13,12,,24,7252.239859495605,725.2239859495605,0.5,T,T,Win,13,12,,24,8863.848717161294,886.3848717161295,0.6,H,T,Lose,16,9,,24,5933.650794132765,593.3650794132766,0.5,H,T,Lose,12,13,,24,13241.0579602039,1324.10579602039,0.5,H,T,Lose,13,12,,24,8863.848717161292,886.3848717161293,0.4,T,T,Win,11,14,,24,8863.848717161294,886.3848717161295,0.6,H,H,Win,15,10,,24,7252.239859495601,725.2239859495602,0.5,T,H,Lose,12,13,,24,7252.239859495601,725.2239859495602,0.6,T,H,Lose,14,11,,24,8863.848717161289,886.3848717161289,0.6,H,H,Win,14,11,,24,13241.057960203905,1324.1057960203907,0.7,H,H,Win,18,7,,24,7252.239859495601,725.2239859495602,0.4,T,H,Lose,11,14,,24,7252.239859495603,725.2239859495603,0.5,T,T,Win,12,13,,24,16183.515284693669,1618.351528469367,0.4,T,H,Lose,10,15,,24,8863.848717161296,886.3848717161296,0.4,T,T,Win,10,15,,24,13241.057960203909,1324.105796020391,0.4,T,T,Win,9,16,,24,8863.848717161294,886.3848717161295,0.5,H,T,Lose,13,12,,24,13241.057960203907,1324.1057960203907,0.4,T,T,Win,9,16,,24,4854.805195199537,485.4805195199537,0.6,H,H,Win,15,10,,24,7252.239859495603,725.2239859495603,0.5,T,T,Win,13,12,,24,13241.057960203905,1324.1057960203907,0.4,T,H,Lose,9,16,,24,13241.057960203907,1324.1057960203907,0.4,T,T,Win,9,16,,24,5933.650794132766,593.3650794132767,0.6,H,T,Lose,14,11,,24,5933.650794132765,593.3650794132766,0.6,T,H,Lose,14,11,,24,29547.68016999626,2954.768016999626,0.3,T,H,Lose,8,17,,24,10833.592876530465,1083.3592876530465,0.4,T,H,Lose,11,14,,24,5933.650794132765,593.3650794132766,0.6,T,H,Lose,14,11,,24,7252.239859495602,725.2239859495603,0.4,T,T,Win,11,14,,24,24175.37468454239,2417.537468454239,0.2,T,T,Win,6,19,,24,13241.057960203907,1324.1057960203907,0.4,T,T,Win,9,16,,24,13241.057960203905,1324.1057960203907,0.5,T,H,Lose,13,12,,24,5933.650794132765,593.3650794132766,0.4,T,T,Win,11,14,,24,16183.515284693665,1618.3515284693667,0.7,H,T,Lose,18,7,,24,13241.057960203909,1324.105796020391,0.4,T,H,Lose,9,16,,24,16183.515284693667,1618.3515284693667,0.6,H,T,Lose,16,9,,24,8863.84871716129,886.384871716129,0.5,T,H,Lose,12,13,,24,8863.848717161294,886.3848717161295,0.6,H,T,Lose,15,10,,24,16183.515284693667,1618.3515284693667,0.5,H,H,Win,13,12,,24,13241.057960203907,1324.1057960203907,0.6,H,H,Win,16,9,,24,10833.592876530467,1083.3592876530467,0.6,H,T,Lose,15,10,,24,3972.1133415268914,397.2113341526892,0.6,T,H,Lose,14,11,,24,10833.59287653047,1083.3592876530472,0.6,H,H,Win,14,11,,24,24175.374684542385,2417.5374684542385,0.8,H,H,Win,19,6,,24,7252.239859495602,725.2239859495603,0.4,T,T,Win,11,14,,24,5933.650794132765,593.3650794132766,0.6,H,H,Win,15,10,,24,13241.057960203909,1324.105796020391,0.4,T,T,Win,9,16,,24,5933.6507941327645,593.3650794132765,0.4,T,T,Win,11,14,,24,16183.515284693663,1618.3515284693665,0.8,H,H,Win,19,6,,24,4854.805195199536,485.4805195199536,0.6,T,H,Lose,14,11,,24,13241.057960203907,1324.1057960203907,0.6,H,T,Lose,15,10,,24,16183.515284693663,1618.3515284693665,0.3,T,T,Win,8,17,,24,8863.84871716129,886.384871716129,0.5,H,T,Lose,13,12,,24,13241.057960203909,1324.105796020391,0.4,T,T,Win,10,15,,24,4854.805195199535,485.48051951995353,0.6,H,H,Win,15,10,,24,7252.239859495603,725.2239859495603,0.5,T,T,Win,12,13,,24,4854.805195199536,485.4805195199536,0.5,T,T,Win,12,13,,24,13241.057960203905,1324.1057960203907,0.5,T,H,Lose,12,13,,24,24175.374684542396,2417.53746845424,0.7,H,H,Win,18,7,,24,24175.374684542392,2417.5374684542394,0.3,T,T,Win,7,18,,24,13241.057960203902,1324.1057960203902,0.4,T,H,Lose,9,16,,24,10833.592876530469,1083.359287653047,0.4,T,T,Win,11,14,,24,8863.848717161296,886.3848717161296,0.3,T,T,Win,8,17,,24,8863.848717161289,886.3848717161289,0.4,T,T,Win,10,15,,24,13241.057960203907,1324.1057960203907,0.5,T,T,Win,13,12,,24,16183.515284693669,1618.351528469367,0.3,T,T,Win,8,17,,24,19779.852014625598,1977.9852014625599,0.3,T,T,Win,7,18,,24,5933.650794132767,593.3650794132767,0.5,H,T,Lose,13,12,,24,19779.852014625594,1977.9852014625594,0.6,H,T,Lose,16,9,,24,10833.59287653047,1083.3592876530472,0.5,H,T,Lose,13,12,,24,8863.848717161292,886.3848717161293,0.5,H,T,Lose,13,12,,24,10833.592876530467,1083.3592876530467,0.6,T,H,Lose,14,11,,24,10833.59287653047,1083.3592876530472,0.6,H,H,Win,16,9,,24,2659.01802201387,265.901802201387,0.5,H,T,Lose,12,13,,24,10833.592876530467,1083.3592876530467,0.4,T,T,Win,10,15,,24,3972.1133415268932,397.21133415268935,0.6,T,H,Lose,14,11,,24,3972.1133415268937,397.2113341526894,0.6,H,H,Win,15,10,,24,10833.59287653047,1083.3592876530472,0.4,T,T,Win,10,15,,24,13241.057960203907,1324.1057960203907,0.4,T,H,Lose,10,15,,24,16183.515284693667,1618.3515284693667,0.6,H,T,Lose,16,9,,24,5933.650794132766,593.3650794132767,0.5,T,H,Lose,13,12,,24,5933.650794132767,593.3650794132767,0.6,H,H,Win,14,11,,24,13241.057960203907,1324.1057960203907,0.4,T,H,Lose,10,15,,24,29547.680169996256,2954.7680169996256,0.3,T,T,Win,7,18,,24,8863.848717161292,886.3848717161293,0.6,H,H,Win,15,10,,24,16183.515284693663,1618.3515284693665,0.4,T,H,Lose,9,16,,24,16183.515284693663,1618.3515284693665,0.6,H,T,Lose,16,9,,24,8863.848717161292,886.3848717161293,0.4,T,T,Win,11,14,,24,10833.59287653047,1083.3592876530472,0.4,T,T,Win,11,14,,24,8863.848717161292,886.3848717161293,0.6,H,T,Lose,14,11,,24,3249.910915794732,324.9910915794732,0.4,T,T,Win,11,14,,24,10833.592876530469,1083.359287653047,0.4,T,T,Win,11,14,,24,8863.84871716129,886.384871716129,0.4,T,T,Win,11,14,,24,10833.59287653047,1083.3592876530472,0.6,H,H,Win,16,9,,24,4854.805195199534,485.4805195199534,0.5,H,H,Win,13,12,,24,5933.650794132765,593.3650794132766,0.4,T,T,Win,11,14,,24,19779.852014625587,1977.9852014625587,0.7,H,H,Win,18,7,,24,16183.515284693667,1618.3515284693667,0.4,T,H,Lose,9,16,,24,10833.592876530469,1083.359287653047,0.4,T,H,Lose,10,15,,24,13241.057960203907,1324.1057960203907,0.4,T,H,Lose,10,15,,24,4854.805195199535,485.48051951995353,0.5,H,T,Lose,12,13,,24,10833.592876530469,1083.359287653047,0.7,H,H,Win,17,8,,24,10833.592876530467,1083.3592876530467,0.4,T,T,Win,10,15,,24,5933.650794132767,593.3650794132767,0.4,T,T,Win,10,15,,24,19779.852014625598,1977.9852014625599,0.4,T,H,Lose,10,15,,24,3249.9109157947305,324.99109157947305,0.6,H,H,Win,14,11,,24,4854.805195199537,485.4805195199537,0.4,T,T,Win,11,14,,24,5933.650794132764,593.3650794132764,0.6,T,H,Lose,14,11,,24,19779.852014625583,1977.9852014625585,0.3,T,T,Win,8,17,,24,10833.59287653047,1083.3592876530472,0.5,H,H,Win,13,12,,24,7252.239859495601,725.2239859495602,0.6,H,H,Win,15,10,,24,8863.84871716129,886.384871716129,0.4,T,T,Win,11,14,,24,3972.1133415268932,397.21133415268935,0.5,H,H,Win,13,12,,24,8863.84871716129,886.384871716129,0.4,T,H,Lose,10,15,,24,8863.84871716129,886.384871716129,0.6,H,H,Win,15,10,,24,10833.592876530469,1083.359287653047,0.4,T,H,Lose,11,14,,24,5933.650794132765,593.3650794132766,0.5,T,T,Win,12,13,,24,5933.6507941327645,593.3650794132765,0.5,T,T,Win,13,12,,24,7252.239859495604,725.2239859495604,0.5,H,T,Lose,12,13,,24,5933.650794132766,593.3650794132767,0.6,H,H,Win,15,10,,24,5933.650794132766,593.3650794132767,0.6,H,H,Win,15,10,,24,19779.852014625594,1977.9852014625594,0.6,H,T,Lose,16,9,,24,10833.592876530465,1083.3592876530465,0.6,H,T,Lose,15,10,,24,13241.057960203903,1324.1057960203905,0.4,T,H,Lose,10,15,,24,10833.592876530467,1083.3592876530467,0.6,T,H,Lose,14,11,,24,3972.1133415268932,397.21133415268935,0.5,T,H,Lose,12,13,,24,16183.515284693669,1618.351528469367,0.3,T,T,Win,8,17,,24,13241.057960203905,1324.1057960203907,0.4,T,T,Win,9,16,,24,10833.592876530467,1083.3592876530467,0.6,H,T,Lose,16,9,,24,13241.057960203903,1324.1057960203905,0.6,H,T,Lose,15,10,,24,5933.650794132767,593.3650794132767,0.5,H,T,Lose,13,12,,24,13241.057960203905,1324.1057960203907,0.4,T,H,Lose,10,15,,24,16183.515284693663,1618.3515284693665,0.7,H,H,Win,18,7,,24,19779.85201462559,1977.9852014625592,0.7,H,H,Win,17,8,,24,10833.592876530467,1083.3592876530467,0.4,T,H,Lose,10,15,,24,5933.650794132764,593.3650794132764,0.5,T,H,Lose,13,12,,24,24175.37468454239,2417.537468454239,0.7,H,H,Win,18,7,,24,4854.805195199536,485.4805195199536,0.6,H,H,Win,14,11,,24,19779.852014625594,1977.9852014625594,0.7,H,T,Lose,17,8,,24,3972.1133415268932,397.21133415268935,0.5,H,T,Lose,12,13,,24,5933.650794132765,593.3650794132766,0.5,T,T,Win,13,12,,24,13241.057960203909,1324.105796020391,0.6,H,H,Win,15,10,,24,10833.59287653047,1083.3592876530472,0.4,T,H,Lose,11,14,,24,13241.057960203905,1324.1057960203907,0.4,T,T,Win,9,16,,24,16183.515284693658,1618.3515284693658,0.4,T,H,Lose,11,14,,24,3249.9109157947296,324.991091579473,0.5,T,H,Lose,12,13,,24,7252.239859495605,725.2239859495605,0.4,T,H,Lose,11,14,,24,16183.515284693663,1618.3515284693665,0.4,T,H,Lose,9,16,,24,8863.848717161296,886.3848717161296,0.4,T,T,Win,11,14,,24,7252.239859495604,725.2239859495604,0.6,H,H,Win,15,10,,24,8863.84871716129,886.384871716129,0.6,T,H,Lose,14,11,,24,3972.1133415268932,397.21133415268935,0.5,T,T,Win,13,12,,24,8863.84871716129,886.384871716129,0.6,H,T,Lose,15,10,,24,4854.805195199538,485.48051951995376,0.6,H,H,Win,15,10,,24,7252.239859495601,725.2239859495602,0.6,H,T,Lose,14,11,,24,3972.1133415268932,397.21133415268935,0.6,H,H,Win,14,11,,24,10833.59287653047,1083.3592876530472,0.4,T,T,Win,10,15,,24,16183.515284693663,1618.3515284693665,0.4,T,H,Lose,10,15,,24,24175.374684542392,2417.5374684542394,0.3,T,T,Win,8,17,,24,8863.848717161294,886.3848717161295,0.5,T,H,Lose,12,13,,24,3972.1133415268932,397.21133415268935,0.5,T,H,Lose,13,12,,24,13241.057960203903,1324.1057960203905,0.6,T,H,Lose,14,11,,24,7252.239859495605,725.2239859495605,0.4,T,T,Win,11,14,,24,7252.239859495604,725.2239859495604,0.6,H,T,Lose,14,11,,24,13241.057960203909,1324.105796020391,0.6,H,H,Win,16,9,,24,3972.1133415268932,397.21133415268935,0.5,T,T,Win,13,12,,24,8863.848717161294,886.3848717161295,0.5,T,H,Lose,12,13,,24,13241.057960203905,1324.1057960203907,0.6,H,T,Lose,16,9,,24,7252.239859495601,725.2239859495602,0.6,H,H,Win,15,10,,24,10833.59287653047,1083.3592876530472,0.4,T,T,Win,9,16,,24,13241.057960203903,1324.1057960203905,0.4,T,H,Lose,9,16,,24,10833.592876530467,1083.3592876530467,0.4,T,H,Lose,11,14,,24,19779.852014625594,1977.9852014625594,0.3,T,T,Win,7,18,,24,24175.374684542385,2417.5374684542385,0.3,T,H,Lose,8,17,,24,10833.59287653047,1083.3592876530472,0.4,T,H,Lose,11,14,,24,10833.592876530465,1083.3592876530465,0.4,T,H,Lose,11,14,,24,19779.85201462559,1977.9852014625592,0.3,T,H,Lose,8,17,,24,5933.650794132765,593.3650794132766,0.6,T,H,Lose,14,11,,24,7252.239859495603,725.2239859495603,0.5,T,H,Lose,13,12,,24,19779.852014625587,1977.9852014625587,0.3,T,T,Win,8,17,,24,4854.805195199536,485.4805195199536,0.4,T,T,Win,11,14,,24,5933.650794132765,593.3650794132766,0.6,T,H,Lose,14,11,,24,8863.848717161289,886.3848717161289,0.6,T,H,Lose,14,11,,24,13241.057960203907,1324.1057960203907,0.4,T,T,Win,10,15,,24,5933.650794132765,593.3650794132766,0.5,T,H,Lose,13,12,,24,16183.515284693669,1618.351528469367,0.3,T,T,Win,8,17,,24,2659.0180220138704,265.90180220138706,0.5,H,H,Win,13,12,,24,8863.848717161287,886.3848717161287,0.5,T,H,Lose,12,13,,24,7252.239859495602,725.2239859495603,0.5,T,T,Win,12,13,,24,3972.1133415268923,397.21133415268923,0.6,H,H,Win,14,11,,24,5933.650794132765,593.3650794132766,0.5,T,H,Lose,12,13,,24,16183.515284693656,1618.3515284693658,0.6,H,T,Lose,16,9,,24,13241.057960203903,1324.1057960203905,0.4,T,T,Win,9,16,,24,3249.9109157947305,324.99109157947305,0.6,H,H,Win,15,10,,24,8863.848717161289,886.3848717161289,0.6,H,H,Win,15,10,,24,8863.848717161296,886.3848717161296,0.5,T,H,Lose,12,13,,24,24175.374684542385,2417.5374684542385,0.3,T,H,Lose,8,17,,24,4854.805195199536,485.4805195199536,0.5,T,T,Win,12,13,,24,8863.84871716129,886.384871716129,0.5,H,T,Lose,13,12,,24,4854.805195199536,485.4805195199536,0.5,H,H,Win,13,12,,24,13241.057960203905,1324.1057960203907,0.6,H,T,Lose,14,11,,24,4854.805195199535,485.48051951995353,0.5,T,H,Lose,12,13,,24,19779.852014625583,1977.9852014625585,0.7,H,H,Win,17,8,,24,5933.650794132766,593.3650794132767,0.6,H,T,Lose,14,11,,24,24175.37468454239,2417.537468454239,0.4,T,H,Lose,9,16,,24,8863.848717161294,886.3848717161295,0.6,H,H,Win,16,9,,24,7252.239859495604,725.2239859495604,0.5,H,T,Lose,13,12,,24,16183.515284693663,1618.3515284693665,0.7,H,H,Win,18,7,,24,13241.057960203909,1324.105796020391,0.4,T,T,Win,10,15,,24,3972.1133415268923,397.21133415268923,0.5,T,T,Win,13,12,,24,7252.239859495603,725.2239859495603,0.6,H,H,Win,14,11,,24,10833.592876530467,1083.3592876530467,0.5,T,T,Win,13,12,,24,5933.650794132765,593.3650794132766,0.6,H,T,Lose,14,11,,24,16183.515284693667,1618.3515284693667,0.6,H,T,Lose,15,10,,24,4854.805195199536,485.4805195199536,0.6,H,H,Win,14,11,,24,16183.515284693667,1618.3515284693667,0.6,H,T,Lose,16,9,,24,10833.59287653047,1083.3592876530472,0.4,T,T,Win,11,14,,24,13241.057960203903,1324.1057960203905,0.6,H,H,Win,16,9,,24,8863.848717161294,886.3848717161295,0.4,T,T,Win,10,15,,24,7252.239859495604,725.2239859495604,0.6,H,T,Lose,14,11,,24,7252.239859495604,725.2239859495604,0.5,T,H,Lose,12,13,,24,24175.37468454239,2417.537468454239,0.7,H,H,Win,18,7,,24,8863.848717161292,886.3848717161293,0.5,T,H,Lose,13,12,,24,10833.592876530467,1083.3592876530467,0.4,T,H,Lose,11,14,,24,13241.05796020391,1324.1057960203912,0.6,H,H,Win,16,9,,24,16183.515284693663,1618.3515284693665,0.4,T,H,Lose,9,16,,24,10833.59287653047,1083.3592876530472,0.4,T,H,Lose,11,14,,24,5933.650794132766,593.3650794132767,0.5,T,T,Win,12,13,,24,29547.680169996245,2954.7680169996247,0.3,T,H,Lose,8,17,,24,5933.650794132765,593.3650794132766,0.5,H,H,Win,13,12,,24,8863.848717161289,886.3848717161289,0.5,T,T,Win,12,13,,24,24175.37468454239,2417.537468454239,0.2,T,T,Win,6,19,,24,7252.239859495602,725.2239859495603,0.4,T,T,Win,11,14,,24,5933.650794132764,593.3650794132764,0.5,T,H,Lose,12,13,,24,4854.805195199536,485.4805195199536,0.5,T,H,Lose,12,13,,24,8863.848717161292,886.3848717161293,0.5,T,H,Lose,12,13,,24,5933.650794132766,593.3650794132767,0.6,H,H,Win,14,11,,24,10833.592876530472,1083.3592876530472,0.6,H,T,Lose,14,11,,24,10833.592876530467,1083.3592876530467,0.5,T,H,Lose,13,12,,24,4854.805195199536,485.4805195199536,0.4,T,T,Win,10,15,,24,13241.057960203907,1324.1057960203907,0.6,H,H,Win,15,10,,24,13241.05796020391,1324.1057960203912,0.6,H,T,Lose,15,10,,24,3249.9109157947305,324.99109157947305,0.6,H,H,Win,14,11,,24,7252.239859495602,725.2239859495603,0.6,H,H,Win,15,10,,24,5933.650794132765,593.3650794132766,0.6,H,H,Win,15,10,,24,3972.1133415268923,397.21133415268923,0.6,T,H,Lose,14,11,,24,8863.848717161294,886.3848717161295,0.5,T,T,Win,13,12,,24,13241.057960203905,1324.1057960203907,0.6,H,T,Lose,15,10,,24,7252.239859495604,725.2239859495604,0.5,T,H,Lose,13,12,,24,13241.057960203905,1324.1057960203907,0.4,T,T,Win,9,16,,24,8863.848717161294,886.3848717161295,0.6,H,H,Win,15,10,,24,7252.239859495604,725.2239859495604,0.4,T,H,Lose,11,14,,24,24175.37468454239,2417.537468454239,0.8,H,H,Win,19,6,,24,5933.650794132764,593.3650794132764,0.4,T,T,Win,11,14,,24,36113.83131888432,3611.3831318884318,0.2,T,T,Win,4,21,,24,5933.650794132767,593.3650794132767,0.6,H,H,Win,14,11,,24,8863.84871716129,886.384871716129,0.5,T,H,Lose,13,12,,24,8863.848717161294,886.3848717161295,0.5,H,H,Win,13,12,,24,5933.650794132767,593.3650794132767,0.5,H,H,Win,13,12,,24,7252.239859495602,725.2239859495603,0.4,T,T,Win,11,14,,24,8863.848717161294,886.3848717161295,0.5,T,H,Lose,13,12,,24,10833.59287653047,1083.3592876530472,0.5,T,T,Win,12,13,,24,7252.239859495603,725.2239859495603,0.5,T,T,Win,13,12,,24,3972.1133415268932,397.21133415268935,0.5,T,H,Lose,13,12,,24,7252.239859495602,725.2239859495603,0.5,T,T,Win,12,13,,24,13241.057960203907,1324.1057960203907,0.6,H,H,Win,16,9,,24,16183.515284693667,1618.3515284693667,0.6,H,T,Lose,16,9,,24,10833.592876530472,1083.3592876530472,0.4,T,T,Win,10,15,,24,10833.59287653047,1083.3592876530472,0.4,T,T,Win,10,15,,24,10833.59287653047,1083.3592876530472,0.4,T,H,Lose,11,14,,24,8863.848717161289,886.3848717161289,0.5,H,H,Win,13,12,,24,19779.85201462559,1977.9852014625592,0.4,T,T,Win,9,16,,24,19779.852014625594,1977.9852014625594,0.4,T,T,Win,9,16,,24,5933.650794132765,593.3650794132766,0.5,T,T,Win,12,13,,24,4854.805195199537,485.4805195199537,0.5,T,T,Win,12,13,,24,8863.84871716129,886.384871716129,0.4,T,T,Win,11,14,,24,5933.650794132768,593.3650794132768,0.5,H,T,Lose,13,12,,24,5933.650794132765,593.3650794132766,0.4,T,T,Win,11,14,,24,8863.848717161289,886.3848717161289,0.5,H,T,Lose,12,13,,24,4854.805195199535,485.48051951995353,0.6,H,H,Win,15,10,,24,7252.239859495601,725.2239859495602,0.6,H,T,Lose,16,9,,24,8863.848717161294,886.3848717161295,0.5,T,H,Lose,12,13,,24,3249.9109157947305,324.99109157947305,0.5,T,T,Win,12,13,,24,5933.650794132765,593.3650794132766,0.5,T,T,Win,12,13,,24,13241.057960203905,1324.1057960203907,0.4,T,T,Win,10,15,,24,8863.848717161294,886.3848717161295,0.4,T,T,Win,10,15,,24,10833.59287653047,1083.3592876530472,0.6,H,H,Win,15,10,,24,7252.239859495603,725.2239859495603,0.4,T,T,Win,9,16,,24,19779.852014625594,1977.9852014625594,0.4,T,H,Lose,9,16,,24,13241.057960203907,1324.1057960203907,0.5,T,T,Win,13,12,,24,10833.59287653047,1083.3592876530472,0.6,H,T,Lose,14,11,,24,16183.515284693663,1618.3515284693665,0.3,T,T,Win,8,17,,24,10833.59287653047,1083.3592876530472,0.6,H,H,Win,14,11,,24,10833.592876530467,1083.3592876530467,0.4,T,H,Lose,10,15,,24,3972.1133415268932,397.21133415268935,0.5,H,H,Win,13,12,,24,8863.848717161294,886.3848717161295,0.5,H,T,Lose,12,13,,24,7252.239859495601,725.2239859495602,0.5,T,H,Lose,12,13,,24,10833.592876530465,1083.3592876530465,0.4,T,T,Win,11,14,,24,8863.848717161294,886.3848717161295,0.4,T,T,Win,9,16,,24,10833.592876530467,1083.3592876530467,0.6,H,H,Win,15,10,,24,8863.84871716129,886.384871716129,0.5,T,T,Win,12,13,,24,7252.239859495603,725.2239859495603,0.6,H,T,Lose,14,11,,24,24175.37468454239,2417.537468454239,0.2,T,T,Win,6,19,,24,5933.650794132764,593.3650794132764,0.6,H,H,Win,15,10,,24,4854.805195199534,485.4805195199534,0.6,H,T,Lose,14,11,,24,16183.515284693667,1618.3515284693667,0.6,H,H,Win,15,10,,24,7252.239859495605,725.2239859495605,0.4,T,H,Lose,11,14,,24,8863.848717161294,886.3848717161295,0.6,H,H,Win,16,9,,24,16183.515284693667,1618.3515284693667,0.6,H,H,Win,16,9,,24,7252.239859495603,725.2239859495603,0.5,H,H,Win,13,12,,24,7252.239859495602,725.2239859495603,0.5,T,T,Win,12,13,,24,10833.592876530469,1083.359287653047,0.4,T,H,Lose,11,14,,24,5933.650794132767,593.3650794132767,0.4,T,T,Win,11,14,,24,8863.848717161287,886.3848717161287,0.5,T,H,Lose,12,13,,24,19779.852014625594,1977.9852014625594,0.3,T,T,Win,7,18,,24,10833.592876530463,1083.3592876530463,0.4,T,T,Win,10,15,,24,16183.515284693663,1618.3515284693665,0.8,H,H,Win,19,6,,24,10833.59287653047,1083.3592876530472,0.5,T,H,Lose,12,13,,24,7252.239859495604,725.2239859495604,0.6,H,H,Win,14,11,,24,13241.057960203909,1324.105796020391,0.5,T,H,Lose,12,13,,24,8863.84871716129,886.384871716129,0.4,T,T,Win,9,16,,24,4854.805195199534,485.4805195199534,0.6,H,T,Lose,14,11,,24,19779.85201462559,1977.9852014625592,0.3,T,H,Lose,8,17,,24,7252.239859495603,725.2239859495603,0.6,H,H,Win,14,11,,24,4854.805195199533,485.4805195199533,0.4,T,T,Win,11,14,,24,4854.805195199535,485.48051951995353,0.5,H,T,Lose,12,13,,24,8863.848717161289,886.3848717161289,0.6,T,H,Lose,14,11,,24,10833.592876530467,1083.3592876530467,0.4,T,T,Win,10,15,,24,10833.592876530467,1083.3592876530467,0.6,H,T,Lose,14,11,,24,7252.239859495601,725.2239859495602,0.5,H,T,Lose,12,13,,24,5933.650794132767,593.3650794132767,0.5,T,T,Win,12,13,,24,16183.515284693658,1618.3515284693658,0.4,T,H,Lose,11,14,,24,10833.592876530467,1083.3592876530467,0.6,T,H,Lose,14,11,,24,10833.59287653047,1083.3592876530472,0.5,T,T,Win,13,12,,24,13241.057960203909,1324.105796020391,0.4,T,H,Lose,10,15,,24,13241.057960203905,1324.1057960203907,0.5,T,H,Lose,12,13,,24,10833.59287653047,1083.3592876530472,0.6,H,H,Win,15,10,,24,13241.057960203902,1324.1057960203902,0.6,H,T,Lose,16,9,,24,5933.650794132765,593.3650794132766,0.6,H,H,Win,15,10,,24,10833.59287653047,1083.3592876530472,0.4,T,T,Win,10,15,,24,7252.2398594956,725.2239859495601,0.5,T,H,Lose,12,13,,24,3972.1133415268905,397.21133415268906,0.5,T,T,Win,12,13,,24,3972.1133415268932,397.21133415268935,0.5,T,H,Lose,12,13,,24,8863.848717161294,886.3848717161295,0.5,H,T,Lose,13,12,,24,5933.650794132765,593.3650794132766,0.5,T,T,Win,13,12,,24,7252.239859495602,725.2239859495603,0.4,T,T,Win,11,14,,24,3249.910915794731,324.9910915794731,0.5,H,T,Lose,13,12,,24,5933.650794132766,593.3650794132767,0.6,H,T,Lose,14,11,,24,13241.057960203903,1324.1057960203905,0.5,H,T,Lose,12,13,,24,7252.239859495605,725.2239859495605,0.5,H,T,Lose,13,12,,24,13241.057960203903,1324.1057960203905,0.4,T,H,Lose,10,15,,24,5933.650794132765,593.3650794132766,0.6,H,T,Lose,14,11,,24,19779.852014625587,1977.9852014625587,0.3,T,T,Win,7,18,,24,4854.805195199537,485.4805195199537,0.5,H,H,Win,13,12,,24,5933.650794132765,593.3650794132766,0.6,H,T,Lose,14,11,,24,13241.05796020391,1324.1057960203912,0.4,T,T,Win,9,16,,24,8863.848717161292,886.3848717161293,0.5,H,T,Lose,12,13,,24,19779.852014625598,1977.9852014625599,0.3,T,T,Win,8,17,,24,10833.592876530469,1083.359287653047,0.6,H,T,Lose,16,9,,24,4854.805195199536,485.4805195199536,0.5,H,T,Lose,13,12,,24,7252.239859495602,725.2239859495603,0.5,T,H,Lose,13,12,,24,8863.848717161292,886.3848717161293,0.5,T,H,Lose,12,13,,24,8863.848717161287,886.3848717161287,0.4,T,T,Win,11,14,,24,3249.9109157947296,324.991091579473,0.5,T,H,Lose,13,12,,24,7252.239859495605,725.2239859495605,0.4,T,T,Win,10,15,,24,13241.057960203905,1324.1057960203907,0.4,T,H,Lose,10,15,,24,19779.85201462559,1977.9852014625592,0.8,H,T,Lose,19,6,,24,4854.805195199537,485.4805195199537,0.5,T,T,Win,13,12,,24,10833.59287653047,1083.3592876530472,0.4,T,H,Lose,11,14,,24,16183.515284693663,1618.3515284693665,0.5,H,T,Lose,12,13,,24,13241.057960203905,1324.1057960203907,0.4,T,T,Win,9,16,,24,13241.057960203903,1324.1057960203905,0.4,T,T,Win,9,16,,24,5933.650794132764,593.3650794132764,0.5,H,H,Win,13,12,,24,7252.239859495603,725.2239859495603,0.4,T,H,Lose,11,14,,24,29547.680169996256,2954.7680169996256,0.8,H,H,Win,19,6,,24,10833.59287653047,1083.3592876530472,0.4,T,H,Lose,11,14,,24,16183.515284693667,1618.3515284693667,0.4,T,H,Lose,11,14,,24,16183.515284693663,1618.3515284693665,0.7,H,H,Win,17,8,,24,8863.84871716129,886.384871716129,0.6,H,H,Win,16,9,,24,3249.9109157947305,324.99109157947305,0.6,T,H,Lose,14,11,,24,7252.239859495602,725.2239859495603,0.5,H,H,Win,13,12,,24,19779.852014625594,1977.9852014625594,0.3,T,H,Lose,8,17,,24,10833.59287653047,1083.3592876530472,0.6,H,H,Win,15,10,,24,8863.848717161294,886.3848717161295,0.5,T,H,Lose,12,13,,24,8863.848717161294,886.3848717161295,0.6,H,T,Lose,15,10,,24,8863.84871716129,886.384871716129,0.5,H,T,Lose,12,13,,24,13241.057960203907,1324.1057960203907,0.4,T,H,Lose,10,15,,24,16183.515284693667,1618.3515284693667,0.4,T,H,Lose,10,15,,24,7252.239859495604,725.2239859495604,0.6,H,H,Win,15,10,,24,7252.2398594956,725.2239859495601,0.6,H,H,Win,15,10,,24,13241.057960203905,1324.1057960203907,0.6,H,T,Lose,15,10,,24,10833.59287653047,1083.3592876530472,0.5,T,H,Lose,12,13,,24,5933.650794132765,593.3650794132766,0.5,T,H,Lose,13,12,,24,10833.592876530467,1083.3592876530467,0.4,T,T,Win,10,15,,24,7252.239859495603,725.2239859495603,0.5,H,H,Win,13,12,,24,5933.650794132768,593.3650794132768,0.4,T,T,Win,10,15,,24,16183.515284693669,1618.351528469367,0.6,H,H,Win,14,11,,24,2659.018022013871,265.9018022013871,0.6,H,H,Win,14,11,,24,3972.1133415268923,397.21133415268923,0.6,H,H,Win,15,10,,24,4854.805195199536,485.4805195199536,0.6,H,H,Win,14,11,,24,8863.848717161292,886.3848717161293,0.5,T,H,Lose,12,13,,24,10833.59287653047,1083.3592876530472,0.7,H,T,Lose,17,8,,24,16183.515284693667,1618.3515284693667,0.6,H,T,Lose,15,10,,24,7252.239859495604,725.2239859495604,0.5,T,T,Win,12,13,,24,10833.592876530467,1083.3592876530467,0.6,H,T,Lose,15,10,,24,16183.515284693667,1618.3515284693667,0.6,T,H,Lose,14,11,,24,16183.515284693663,1618.3515284693665,0.7,H,H,Win,17,8,,24,4854.805195199536,485.4805195199536,0.5,T,T,Win,13,12,,24,10833.59287653047,1083.3592876530472,0.4,T,T,Win,11,14,,24,10833.59287653047,1083.3592876530472,0.4,T,H,Lose,11,14,,24,7252.239859495599,725.22398594956,0.5,H,H,Win,13,12,,24,13241.0579602039,1324.10579602039,0.4,T,H,Lose,10,15,,24,13241.057960203912,1324.1057960203914,0.4,T,T,Win,9,16,,24,8863.84871716129,886.384871716129,0.5,T,H,Lose,12,13,,24,13241.057960203907,1324.1057960203907,0.4,T,T,Win,10,15,,24,8863.848717161294,886.3848717161295,0.5,T,T,Win,12,13,,24,16183.515284693663,1618.3515284693665,0.6,H,T,Lose,16,9,,24,5933.650794132767,593.3650794132767,0.5,T,H,Lose,13,12,,24,16183.515284693669,1618.351528469367,0.4,T,H,Lose,11,14,,24,10833.59287653047,1083.3592876530472,0.5,T,H,Lose,12,13,,24,7252.239859495601,725.2239859495602,0.5,H,T,Lose,12,13,,24,4854.805195199536,485.4805195199536,0.6,H,H,Win,14,11,,24,16183.515284693663,1618.3515284693665,0.6,H,H,Win,15,10,,24,7252.239859495601,725.2239859495602,0.5,T,T,Win,12,13,,24,10833.59287653047,1083.3592876530472,0.4,T,H,Lose,11,14,,24,7252.239859495601,725.2239859495602,0.6,T,H,Lose,14,11,,24,8863.848717161294,886.3848717161295,0.6,H,T,Lose,15,10,,24,10833.59287653047,1083.3592876530472,0.4,T,H,Lose,11,14,,24,10833.592876530463,1083.3592876530463,0.4,T,T,Win,10,15,,24,19779.85201462559,1977.9852014625592,0.7,H,H,Win,17,8,,24,5933.650794132765,593.3650794132766,0.6,T,H,Lose,14,11,,24,8863.84871716129,886.384871716129,0.6,H,T,Lose,14,11,,24,7252.239859495602,725.2239859495603,0.6,H,H,Win,15,10,,24,5933.650794132764,593.3650794132764,0.5,T,T,Win,12,13,,24,10833.592876530469,1083.359287653047,0.5,T,H,Lose,12,13,,24,16183.515284693663,1618.3515284693665,0.3,T,T,Win,8,17,,24,16183.515284693669,1618.351528469367,0.4,T,H,Lose,10,15,,24,3249.9109157947305,324.99109157947305,0.6,T,H,Lose,14,11,,24,7252.239859495602,725.2239859495603,0.6,H,H,Win,15,10,,24,29547.680169996253,2954.7680169996256,0.8,H,H,Win,19,6,,24,8863.848717161294,886.3848717161295,0.5,T,H,Lose,13,12,,24,4854.805195199535,485.48051951995353,0.5,T,T,Win,12,13,,24,8863.84871716129,886.384871716129,0.6,H,H,Win,16,9,,24,13241.057960203905,1324.1057960203907,0.4,T,H,Lose,10,15,,24,24175.37468454238,2417.537468454238,0.3,T,T,Win,8,17,,24,7252.239859495604,725.2239859495604,0.5,T,H,Lose,12,13,,24,8863.848717161294,886.3848717161295,0.4,T,H,Lose,11,14,,24,10833.59287653047,1083.3592876530472,0.4,T,T,Win,10,15,,24,7252.239859495601,725.2239859495602,0.5,H,H,Win,13,12,,24,4854.805195199536,485.4805195199536,0.4,T,T,Win,11,14,,24,7252.239859495601,725.2239859495602,0.5,T,T,Win,12,13,,24,13241.05796020391,1324.1057960203912,0.6,H,T,Lose,15,10,,24,16183.515284693667,1618.3515284693667,0.4,T,T,Win,10,15,,24,8863.848717161294,886.3848717161295,0.4,T,T,Win,11,14,,24,13241.057960203903,1324.1057960203905,0.6,H,T,Lose,16,9,,24,5933.650794132764,593.3650794132764,0.4,T,H,Lose,11,14,,24,8863.848717161294,886.3848717161295,0.5,H,T,Lose,13,12,,24,10833.59287653047,1083.3592876530472,0.5,T,H,Lose,13,12,,24,36113.8313188843,3611.3831318884304,0.8,H,H,Win,20,5,,24,10833.592876530467,1083.3592876530467,0.6,H,T,Lose,15,10,,24,10833.592876530467,1083.3592876530467,0.5,H,T,Lose,13,12,,24,10833.592876530467,1083.3592876530467,0.7,H,H,Win,17,8,,24,10833.59287653046,1083.359287653046,0.4,T,T,Win,11,14,,24,13241.05796020391,1324.1057960203912,0.4,T,T,Win,9,16,,24,13241.057960203909,1324.105796020391,0.4,T,T,Win,9,16,,24,4854.805195199536,485.4805195199536,0.6,H,H,Win,15,10,,24,3972.1133415268932,397.21133415268935,0.4,T,H,Lose,11,14,,24,8863.84871716129,886.384871716129,0.4,T,T,Win,11,14,,24,19779.852014625594,1977.9852014625594,0.3,T,H,Lose,8,17,,24,4854.805195199537,485.4805195199537,0.5,T,T,Win,13,12,,24,19779.852014625594,1977.9852014625594,0.7,H,H,Win,17,8,,24,16183.515284693663,1618.3515284693665,0.4,T,T,Win,11,14,,24,24175.374684542392,2417.5374684542394,0.4,T,H,Lose,9,16,,24,13241.057960203909,1324.105796020391,0.5,T,H,Lose,12,13,,24,7252.239859495605,725.2239859495605,0.6,H,H,Win,15,10,,24,7252.239859495601,725.2239859495602,0.6,H,H,Win,15,10,,24,13241.057960203907,1324.1057960203907,0.6,H,H,Win,14,11,,24,8863.848717161294,886.3848717161295,0.6,H,H,Win,15,10,,24,7252.239859495601,725.2239859495602,0.6,H,H,Win,16,9,,24,7252.239859495602,725.2239859495603,0.5,T,T,Win,13,12,,24,8863.848717161289,886.3848717161289,0.5,T,H,Lose,13,12,,24,5933.650794132767,593.3650794132767,0.6,H,H,Win,15,10,,24,5933.650794132765,593.3650794132766,0.5,T,T,Win,13,12,,24,5933.650794132767,593.3650794132767,0.5,T,H,Lose,12,13,,24,10833.59287653047,1083.3592876530472,0.5,H,T,Lose,13,12,,24,16183.515284693663,1618.3515284693665,0.3,T,T,Win,8,17,,24,8863.848717161292,886.3848717161293,0.4,T,H,Lose,11,14,,24,10833.59287653047,1083.3592876530472,0.5,T,H,Lose,13,12,,24,7252.239859495604,725.2239859495604,0.6,H,H,Win,15,10,,24,10833.592876530465,1083.3592876530465,0.6,T,H,Lose,14,11,,24,8863.84871716129,886.384871716129,0.4,T,T,Win,11,14,,24,5933.650794132767,593.3650794132767,0.5,H,T,Lose,12,13,,24,8863.84871716129,886.384871716129,0.6,T,H,Lose,14,11,,24,16183.515284693663,1618.3515284693665,0.4,T,T,Win,9,16,,24,5933.650794132767,593.3650794132767,0.4,T,T,Win,11,14,,24,5933.650794132765,593.3650794132766,0.4,T,T,Win,11,14,,24,4854.805195199537,485.4805195199537,0.6,H,T,Lose,15,10,,24,10833.592876530467,1083.3592876530467,0.5,H,H,Win,13,12,,24,19779.852014625594,1977.9852014625594,0.4,T,T,Win,9,16,,24,5933.650794132767,593.3650794132767,0.5,H,T,Lose,13,12,,24,3249.910915794731,324.9910915794731,0.5,H,T,Lose,12,13,,24,4854.805195199535,485.48051951995353,0.5,T,T,Win,13,12,,24,19779.852014625587,1977.9852014625587,0.7,H,H,Win,17,8,,24,5933.650794132765,593.3650794132766,0.5,T,H,Lose,12,13,,24,8863.848717161289,886.3848717161289,0.4,T,T,Win,11,14,,24,13241.057960203903,1324.1057960203905,0.5,T,H,Lose,12,13,,24,13241.057960203902,1324.1057960203902,0.3,T,T,Win,8,17,,24,5933.650794132765,593.3650794132766,0.6,T,H,Lose,14,11,,24,5933.650794132767,593.3650794132767,0.5,T,H,Lose,13,12,,24,10833.592876530467,1083.3592876530467,0.6,H,H,Win,15,10,,24,10833.592876530467,1083.3592876530467,0.4,T,T,Win,10,15,,24,16183.515284693669,1618.351528469367,0.4,T,H,Lose,11,14,,24,7252.239859495602,725.2239859495603,0.4,T,T,Win,11,14,,24,4854.805195199537,485.4805195199537,0.4,T,T,Win,11,14,,24,5933.650794132766,593.3650794132767,0.6,H,T,Lose,15,10,,24,10833.592876530469,1083.359287653047,0.5,T,H,Lose,13,12,,24,10833.592876530467,1083.3592876530467,0.5,T,T,Win,13,12,,24,4854.805195199536,485.4805195199536,0.6,H,T,Lose,14,11,,24,5933.650794132764,593.3650794132764,0.6,H,H,Win,16,9,,24,4854.805195199537,485.4805195199537,0.5,H,T,Lose,13,12,,24,7252.239859495605,725.2239859495605,0.4,T,H,Lose,11,14,,24,4854.805195199537,485.4805195199537,0.6,H,H,Win,14,11,,24,5933.650794132765,593.3650794132766,0.6,H,H,Win,15,10,,24,8863.848717161292,886.3848717161293,0.5,T,T,Win,13,12,,24,4854.805195199538,485.48051951995376,0.5,H,H,Win,13,12,,24,7252.239859495604,725.2239859495604,0.4,T,T,Win,11,14,,24,4854.805195199535,485.48051951995353,0.6,H,H,Win,15,10,,24,7252.239859495602,725.2239859495603,0.4,T,H,Lose,11,14,,24,10833.59287653047,1083.3592876530472,0.6,H,H,Win,14,11,,24,16183.515284693658,1618.3515284693658,0.7,H,H,Win,18,7,,24,13241.057960203905,1324.1057960203907,0.4,T,T,Win,11,14,,24,19779.85201462559,1977.9852014625592,0.5,T,H,Lose,13,12,,24,19779.852014625594,1977.9852014625594,0.6,H,T,Lose,16,9,,24,3972.1133415268932,397.21133415268935,0.5,T,T,Win,13,12,,24,4854.805195199536,485.4805195199536,0.6,T,H,Lose,14,11,,24,7252.239859495602,725.2239859495603,0.6,H,H,Win,14,11,,24,8863.848717161289,886.3848717161289,0.4,T,T,Win,10,15,,24,10833.592876530469,1083.359287653047,0.6,H,T,Lose,15,10,,24,8863.848717161296,886.3848717161296,0.4,T,T,Win,10,15,,24,5933.650794132765,593.3650794132766,0.4,T,T,Win,11,14,,24,8863.848717161296,886.3848717161296,0.5,T,H,Lose,12,13,,24,7252.239859495601,725.2239859495602,0.5,T,H,Lose,12,13,
25,14565.163756224294,1456.5163756224295,0.6,H,H,Win,16,10,,25,11916.952164183513,1191.6952164183513,0.5,T,H,Lose,12,14,,25,7977.463845445164,797.7463845445164,0.4,T,T,Win,10,16,,25,7977.463845445162,797.7463845445163,0.5,T,T,Win,12,14,,25,9750.23358887742,975.023358887742,0.5,T,T,Win,12,14,,25,11916.952164183513,1191.6952164183513,0.5,H,H,Win,14,12,,25,6527.015873546043,652.7015873546043,0.5,H,T,Lose,13,13,,25,7977.463845445164,797.7463845445164,0.5,T,H,Lose,12,14,,25,9750.233588877421,975.0233588877422,0.5,T,H,Lose,12,14,,25,7977.4638454451615,797.7463845445162,0.4,T,H,Lose,10,16,,25,7977.4638454451615,797.7463845445162,0.5,T,H,Lose,14,12,,25,9750.233588877421,975.0233588877422,0.4,T,T,Win,11,15,,25,11916.952164183513,1191.6952164183513,0.4,T,T,Win,10,16,,25,17801.866813163037,1780.1866813163037,0.4,T,H,Lose,11,15,,25,11916.952164183514,1191.6952164183515,0.3,T,T,Win,7,19,,25,7977.4638454451615,797.7463845445162,0.6,H,T,Lose,15,11,,25,11916.952164183516,1191.6952164183517,0.4,T,H,Lose,11,15,,25,9750.233588877423,975.0233588877423,0.5,T,T,Win,13,13,,25,9750.23358887742,975.023358887742,0.4,T,T,Win,11,15,,25,9750.233588877423,975.0233588877423,0.4,T,T,Win,11,15,,25,6527.015873546042,652.7015873546043,0.4,T,T,Win,10,16,,25,11916.952164183514,1191.6952164183515,0.4,T,H,Lose,11,15,,25,5340.285714719489,534.0285714719489,0.5,T,T,Win,14,12,,25,21757.83721608815,2175.783721608815,0.7,H,T,Lose,18,8,,25,9750.233588877425,975.0233588877426,0.6,H,T,Lose,15,11,,25,6527.015873546044,652.7015873546044,0.5,T,T,Win,12,14,,25,9750.233588877423,975.0233588877423,0.5,T,T,Win,13,13,,25,21757.837216088144,2175.7837216088146,0.3,T,H,Lose,8,18,,25,6527.015873546043,652.7015873546043,0.5,T,H,Lose,12,14,,25,6527.015873546044,652.7015873546044,0.6,H,T,Lose,16,10,,25,14565.163756224292,1456.5163756224292,0.7,H,H,Win,18,8,,25,9750.233588877421,975.0233588877422,0.6,H,H,Win,16,10,,25,6527.015873546042,652.7015873546043,0.5,H,H,Win,13,13,,25,7977.463845445163,797.7463845445163,0.5,H,H,Win,13,13,,25,5340.28571471949,534.028571471949,0.5,T,T,Win,13,13,,25,11916.952164183516,1191.6952164183517,0.4,T,T,Win,10,16,,25,9750.233588877425,975.0233588877426,0.5,T,H,Lose,12,14,,25,7977.463845445162,797.7463845445163,0.5,T,T,Win,13,13,,25,17801.866813163033,1780.1866813163033,0.5,H,T,Lose,12,14,,25,14565.163756224298,1456.51637562243,0.4,T,H,Lose,11,15,,25,11916.952164183513,1191.6952164183513,0.5,H,T,Lose,12,14,,25,14565.163756224301,1456.5163756224301,0.4,T,H,Lose,11,15,,25,9750.23358887742,975.023358887742,0.4,T,T,Win,11,15,,25,9750.233588877414,975.0233588877414,0.4,T,T,Win,10,16,,25,7977.463845445162,797.7463845445163,0.5,T,H,Lose,12,14,,25,9750.233588877423,975.0233588877423,0.7,H,H,Win,17,9,,25,14565.1637562243,1456.5163756224301,0.6,H,T,Lose,16,10,,25,7977.463845445163,797.7463845445163,0.4,T,H,Lose,10,16,,25,7977.4638454451615,797.7463845445162,0.5,T,H,Lose,13,13,,25,17801.866813163033,1780.1866813163033,0.3,T,H,Lose,9,17,,25,6527.015873546043,652.7015873546043,0.5,H,H,Win,13,13,,25,11916.952164183518,1191.695216418352,0.4,T,T,Win,10,16,,25,9750.233588877423,975.0233588877423,0.4,T,T,Win,10,16,,25,17801.866813163037,1780.1866813163037,0.4,T,H,Lose,11,15,,25,6527.01587354604,652.701587354604,0.5,T,H,Lose,14,12,,25,9750.233588877423,975.0233588877423,0.5,T,H,Lose,12,14,,25,9750.233588877421,975.0233588877422,0.5,T,H,Lose,12,14,,25,11916.952164183518,1191.695216418352,0.4,T,H,Lose,11,15,,25,5340.285714719489,534.0285714719489,0.6,T,H,Lose,15,11,,25,11916.952164183514,1191.6952164183515,0.6,H,T,Lose,16,10,,25,7977.4638454451615,797.7463845445162,0.5,T,T,Win,14,12,,25,7977.463845445163,797.7463845445163,0.6,T,H,Lose,15,11,,25,7977.463845445163,797.7463845445163,0.5,H,T,Lose,14,12,,25,21757.837216088148,2175.783721608815,0.3,T,T,Win,7,19,,25,14565.163756224298,1456.51637562243,0.4,T,H,Lose,10,16,,25,7977.4638454451615,797.7463845445162,0.6,H,T,Lose,15,11,,25,6527.015873546044,652.7015873546044,0.5,H,H,Win,14,12,,25,9750.23358887742,975.023358887742,0.4,T,H,Lose,10,16,,25,11916.952164183518,1191.695216418352,0.7,H,H,Win,17,9,,25,3574.902007374203,357.4902007374203,0.6,T,H,Lose,15,11,,25,4369.324675679581,436.9324675679581,0.5,H,T,Lose,13,13,,25,6527.015873546041,652.7015873546042,0.6,H,T,Lose,15,11,,25,5340.28571471949,534.028571471949,0.5,T,T,Win,14,12,,25,11916.952164183509,1191.695216418351,0.4,T,T,Win,10,16,,25,7977.463845445164,797.7463845445164,0.5,T,H,Lose,12,14,,25,5340.285714719488,534.0285714719488,0.4,T,T,Win,11,15,,25,6527.015873546046,652.7015873546047,0.5,T,H,Lose,13,13,,25,11916.95216418352,1191.695216418352,0.4,T,T,Win,10,16,,25,14565.163756224298,1456.51637562243,0.6,H,T,Lose,15,11,,25,11916.952164183518,1191.695216418352,0.6,T,H,Lose,15,11,,25,14565.163756224298,1456.51637562243,0.3,T,H,Lose,9,17,,25,5340.28571471949,534.028571471949,0.6,H,T,Lose,15,11,,25,11916.952164183514,1191.6952164183515,0.4,T,T,Win,10,16,,25,6527.015873546044,652.7015873546044,0.5,H,T,Lose,12,14,,25,7977.463845445165,797.7463845445166,0.6,H,H,Win,16,10,,25,3574.9020073742045,357.4902007374205,0.5,H,H,Win,14,12,,25,11916.95216418351,1191.695216418351,0.6,H,T,Lose,15,11,,25,6527.015873546044,652.7015873546044,0.7,H,H,Win,17,9,,25,11916.952164183513,1191.6952164183513,0.7,H,H,Win,17,9,,25,7977.4638454451615,797.7463845445162,0.5,T,H,Lose,13,13,,25,7977.463845445164,797.7463845445164,0.5,T,H,Lose,12,14,,25,3574.902007374204,357.4902007374204,0.5,H,T,Lose,12,14,,25,14565.163756224294,1456.5163756224295,0.3,T,T,Win,9,17,,25,14565.163756224301,1456.5163756224301,0.3,T,T,Win,9,17,,25,7977.4638454451615,797.7463845445162,0.5,H,T,Lose,12,14,,25,26592.91215299662,2659.2912152996623,0.3,T,H,Lose,7,19,,25,11916.952164183522,1191.6952164183522,0.5,H,T,Lose,13,13,,25,6527.015873546042,652.7015873546043,0.7,H,H,Win,17,9,,25,14565.163756224296,1456.5163756224297,0.5,T,H,Lose,12,14,,25,4369.3246756795825,436.93246756795827,0.5,H,T,Lose,12,14,,25,7977.4638454451615,797.7463845445162,0.7,H,H,Win,17,9,,25,14565.163756224296,1456.5163756224297,0.6,H,H,Win,15,11,,25,9750.23358887742,975.023358887742,0.5,H,H,Win,13,13,,25,11916.952164183518,1191.695216418352,0.3,T,T,Win,9,17,,25,14565.163756224296,1456.5163756224297,0.5,T,T,Win,14,12,,25,5340.285714719487,534.0285714719488,0.6,T,H,Lose,15,11,,25,11916.952164183513,1191.6952164183513,0.6,H,T,Lose,16,10,,25,6527.015873546043,652.7015873546043,0.5,H,T,Lose,13,13,,25,5340.285714719489,534.0285714719489,0.6,H,H,Win,15,11,,25,9750.233588877416,975.0233588877417,0.5,T,T,Win,12,14,,25,21757.837216088148,2175.783721608815,0.3,T,T,Win,7,19,,25,4369.3246756795825,436.93246756795827,0.6,H,T,Lose,15,11,,25,3574.902007374203,357.4902007374203,0.5,H,T,Lose,14,12,,25,4369.324675679583,436.9324675679584,0.5,T,T,Win,14,12,,25,9750.23358887742,975.023358887742,0.5,T,H,Lose,13,13,,25,9750.233588877423,975.0233588877423,0.5,T,H,Lose,12,14,,25,7977.463845445163,797.7463845445163,0.4,T,T,Win,10,16,,25,4369.3246756795825,436.93246756795827,0.5,T,T,Win,13,13,,25,6527.015873546043,652.7015873546043,0.5,T,H,Lose,12,14,,25,7977.4638454451615,797.7463845445162,0.6,H,T,Lose,16,10,,25,7977.463845445162,797.7463845445163,0.6,H,T,Lose,15,11,,25,17801.866813163033,1780.1866813163033,0.3,T,T,Win,8,18,,25,7977.4638454451615,797.7463845445162,0.4,T,T,Win,11,15,,25,7977.463845445163,797.7463845445163,0.5,H,H,Win,13,13,,25,17801.866813163033,1780.1866813163033,0.3,T,T,Win,8,18,,25,5340.285714719487,534.0285714719488,0.5,H,H,Win,14,12,,25,5340.285714719489,534.0285714719489,0.5,T,T,Win,12,14,,25,9750.23358887742,975.023358887742,0.6,H,H,Win,16,10,,25,9750.233588877423,975.0233588877423,0.4,T,H,Lose,11,15,,25,7977.4638454451615,797.7463845445162,0.6,H,T,Lose,15,11,,25,9750.233588877423,975.0233588877423,0.7,H,H,Win,17,9,,25,11916.952164183514,1191.6952164183515,0.4,T,H,Lose,11,15,,25,6527.015873546044,652.7015873546044,0.5,T,T,Win,14,12,,25,17801.866813163033,1780.1866813163033,0.4,T,H,Lose,11,15,,25,17801.866813163033,1780.1866813163033,0.7,H,T,Lose,18,8,,25,11916.95216418351,1191.695216418351,0.4,T,T,Win,11,15,,25,6527.015873546042,652.7015873546043,0.5,H,H,Win,13,13,,25,3574.902007374205,357.49020073742054,0.5,T,H,Lose,12,14,,25,6527.015873546042,652.7015873546043,0.5,T,H,Lose,13,13,,25,11916.95216418351,1191.695216418351,0.5,T,H,Lose,14,12,,25,17801.86681316303,1780.186681316303,0.3,T,T,Win,9,17,,25,11916.952164183514,1191.6952164183515,0.5,T,T,Win,14,12,,25,5340.28571471949,534.028571471949,0.4,T,T,Win,10,16,,25,7977.463845445158,797.7463845445159,0.5,T,H,Lose,13,13,,25,9750.233588877425,975.0233588877426,0.6,T,H,Lose,15,11,,25,9750.23358887742,975.023358887742,0.4,T,T,Win,11,15,,25,9750.233588877423,975.0233588877423,0.6,H,H,Win,16,10,,25,11916.952164183509,1191.695216418351,0.4,T,H,Lose,11,15,,25,4369.324675679581,436.9324675679581,0.5,H,H,Win,13,13,,25,6527.015873546042,652.7015873546043,0.5,H,H,Win,13,13,,25,14565.163756224301,1456.5163756224301,0.4,T,T,Win,10,16,,25,5340.285714719492,534.0285714719492,0.5,T,H,Lose,12,14,,25,21757.83721608816,2175.783721608816,0.7,H,T,Lose,18,8,,25,9750.23358887742,975.023358887742,0.4,T,T,Win,11,15,,25,9750.23358887742,975.023358887742,0.4,T,T,Win,11,15,,25,3574.9020073742045,357.4902007374205,0.5,T,T,Win,12,14,,25,3574.9020073742045,357.4902007374205,0.5,T,T,Win,13,13,,25,5340.28571471949,534.028571471949,0.5,H,T,Lose,12,14,,25,11916.952164183518,1191.695216418352,0.5,T,T,Win,13,13,,25,21757.837216088144,2175.7837216088146,0.7,H,H,Win,19,7,,25,14565.163756224301,1456.5163756224301,0.4,T,H,Lose,11,15,,25,3574.902007374204,357.4902007374204,0.5,T,T,Win,12,14,,25,11916.952164183516,1191.6952164183517,0.4,T,T,Win,11,15,,25,4369.3246756795825,436.93246756795827,0.5,H,T,Lose,14,12,,25,6527.015873546046,652.7015873546047,0.5,T,H,Lose,12,14,,25,6527.015873546042,652.7015873546043,0.5,H,T,Lose,13,13,,25,11916.952164183516,1191.6952164183517,0.6,H,T,Lose,15,11,,25,9750.233588877418,975.0233588877418,0.5,H,H,Win,13,13,,25,14565.163756224301,1456.5163756224301,0.7,H,T,Lose,17,9,,25,17801.866813163022,1780.1866813163024,0.6,H,H,Win,16,10,,25,5340.28571471949,534.028571471949,0.5,H,T,Lose,12,14,,25,7977.463845445163,797.7463845445163,0.5,T,T,Win,14,12,,25,9750.23358887742,975.023358887742,0.5,T,H,Lose,14,12,,25,9750.23358887742,975.023358887742,0.4,T,T,Win,10,16,,25,5340.285714719487,534.0285714719488,0.6,H,H,Win,16,10,,25,17801.866813163033,1780.1866813163033,0.3,T,H,Lose,9,17,,25,11916.952164183522,1191.6952164183522,0.4,T,H,Lose,11,15,,25,7977.4638454451615,797.7463845445162,0.5,H,H,Win,13,13,,25,9750.233588877418,975.0233588877418,0.5,T,H,Lose,14,12,,25,7977.463845445166,797.7463845445167,0.5,T,H,Lose,12,14,,25,9750.233588877418,975.0233588877418,0.6,H,T,Lose,16,10,,25,14565.163756224292,1456.5163756224292,0.6,H,T,Lose,16,10,,25,9750.233588877418,975.0233588877418,0.4,T,T,Win,10,16,,25,5340.285714719492,534.0285714719492,0.6,H,H,Win,16,10,,25,5340.285714719489,534.0285714719489,0.6,H,H,Win,16,10,,25,14565.163756224298,1456.51637562243,0.7,H,H,Win,18,8,,25,14565.163756224296,1456.5163756224297,0.7,H,H,Win,17,9,,25,21757.837216088148,2175.783721608815,0.3,T,T,Win,8,18,,25,4369.324675679583,436.9324675679584,0.6,H,H,Win,16,10,,25,6527.01587354604,652.701587354604,0.5,H,H,Win,14,12,,25,7977.4638454451615,797.7463845445162,0.5,H,T,Lose,14,12,,25,21757.837216088155,2175.7837216088155,0.3,T,H,Lose,8,18,,25,11916.952164183513,1191.6952164183513,0.4,T,T,Win,11,15,,25,14565.163756224296,1456.5163756224297,0.6,T,H,Lose,15,11,,25,7977.463845445164,797.7463845445164,0.5,H,H,Win,14,12,,25,9750.233588877421,975.0233588877422,0.5,T,H,Lose,12,14,,25,9750.233588877421,975.0233588877422,0.5,T,H,Lose,12,14,,25,6527.015873546044,652.7015873546044,0.5,H,T,Lose,14,12,,25,17801.866813163037,1780.1866813163037,0.3,T,T,Win,8,18,,25,26592.91215299663,2659.2912152996632,0.3,T,T,Win,7,19,,25,21757.83721608816,2175.783721608816,0.4,T,H,Lose,10,16,,25,17801.866813163037,1780.1866813163037,0.7,H,T,Lose,17,9,,25,3574.9020073742026,357.4902007374203,0.5,H,H,Win,14,12,,25,11916.952164183518,1191.695216418352,0.6,T,H,Lose,15,11,,25,6527.015873546042,652.7015873546043,0.7,H,H,Win,17,9,,25,7977.463845445163,797.7463845445163,0.5,T,T,Win,13,13,,25,9750.233588877418,975.0233588877418,0.5,T,H,Lose,14,12,,25,14565.163756224298,1456.51637562243,0.4,T,H,Lose,10,16,,25,14565.163756224301,1456.5163756224301,0.4,T,H,Lose,10,16,,25,17801.86681316303,1780.186681316303,0.8,H,H,Win,20,6,,25,7977.463845445164,797.7463845445164,0.6,H,H,Win,16,10,,25,6527.015873546042,652.7015873546043,0.5,H,H,Win,14,12,,25,14565.1637562243,1456.5163756224301,0.4,T,H,Lose,10,16,,25,14565.163756224301,1456.5163756224301,0.4,T,H,Lose,10,16,,25,4369.3246756795825,436.93246756795827,0.5,T,H,Lose,13,13,,25,6527.015873546042,652.7015873546043,0.4,T,T,Win,11,15,,25,5340.285714719489,534.0285714719489,0.5,T,T,Win,12,14,,25,17801.86681316302,1780.186681316302,0.4,T,T,Win,10,16,,25,21757.837216088148,2175.783721608815,0.7,H,H,Win,18,8,,25,9750.23358887742,975.023358887742,0.5,H,T,Lose,14,12,,25,7977.4638454451615,797.7463845445162,0.5,H,T,Lose,12,14,,25,6527.015873546042,652.7015873546043,0.6,H,T,Lose,15,11,,25,2924.9198242152574,292.49198242152573,0.5,T,H,Lose,14,12,,25,4369.324675679581,436.9324675679581,0.5,T,T,Win,13,13,,25,9750.23358887742,975.023358887742,0.6,H,H,Win,16,10,,25,14565.163756224301,1456.5163756224301,0.3,T,T,Win,9,17,,25,6527.015873546042,652.7015873546043,0.5,H,T,Lose,14,12,,25,4369.324675679582,436.93246756795816,0.6,T,H,Lose,15,11,,25,9750.23358887742,975.023358887742,0.6,H,H,Win,15,11,,25,6527.015873546039,652.7015873546039,0.5,T,H,Lose,13,13,,25,17801.866813163033,1780.1866813163033,0.6,H,T,Lose,16,10,,25,9750.233588877423,975.0233588877423,0.7,H,H,Win,17,9,,25,7977.463845445165,797.7463845445166,0.6,H,T,Lose,15,11,,25,6527.0158735460445,652.7015873546045,0.5,H,T,Lose,13,13,,25,5340.285714719489,534.0285714719489,0.5,H,T,Lose,13,13,,25,11916.952164183513,1191.6952164183513,0.6,H,H,Win,16,10,,25,5340.285714719488,534.0285714719488,0.5,H,T,Lose,14,12,,25,14565.163756224298,1456.51637562243,0.3,T,T,Win,9,17,,25,11916.952164183518,1191.695216418352,0.5,H,H,Win,14,12,,25,9750.233588877423,975.0233588877423,0.6,T,H,Lose,15,11,,25,9750.233588877423,975.0233588877423,0.6,H,T,Lose,15,11,,25,7977.4638454451615,797.7463845445162,0.6,H,H,Win,16,10,,25,9750.23358887742,975.023358887742,0.6,H,T,Lose,16,10,,25,11916.952164183514,1191.6952164183515,0.5,H,T,Lose,12,14,,25,14565.163756224298,1456.51637562243,0.7,H,T,Lose,17,9,,25,4369.324675679583,436.9324675679584,0.5,H,T,Lose,14,12,,25,9750.233588877423,975.0233588877423,0.5,T,T,Win,13,13,,25,17801.866813163033,1780.1866813163033,0.5,T,T,Win,13,13,,25,5340.285714719488,534.0285714719488,0.5,T,T,Win,14,12,,25,9750.233588877425,975.0233588877426,0.5,T,H,Lose,12,14,,25,21757.837216088148,2175.783721608815,0.3,T,T,Win,9,17,,25,14565.163756224294,1456.5163756224295,0.5,H,H,Win,14,12,,25,4369.3246756795825,436.93246756795827,0.4,T,T,Win,11,15,,25,6527.015873546042,652.7015873546043,0.5,H,T,Lose,14,12,,25,5340.285714719488,534.0285714719488,0.5,H,T,Lose,13,13,,25,6527.015873546042,652.7015873546043,0.6,T,H,Lose,15,11,,25,5340.28571471949,534.028571471949,0.5,T,T,Win,12,14,,25,2924.9198242152574,292.49198242152573,0.5,T,H,Lose,13,13,,25,9750.23358887742,975.023358887742,0.4,T,H,Lose,11,15,,25,9750.233588877425,975.0233588877426,0.5,T,H,Lose,12,14,,25,5340.285714719487,534.0285714719488,0.5,H,T,Lose,13,13,,25,14565.163756224298,1456.51637562243,0.4,T,H,Lose,10,16,,25,14565.163756224294,1456.5163756224295,0.4,T,T,Win,10,16,,25,6527.015873546042,652.7015873546043,0.5,H,H,Win,14,12,,25,11916.952164183513,1191.6952164183513,0.4,T,H,Lose,10,16,,25,4369.3246756795825,436.93246756795827,0.5,T,T,Win,13,13,,25,5340.285714719489,534.0285714719489,0.6,T,H,Lose,15,11,,25,9750.233588877418,975.0233588877418,0.5,T,H,Lose,12,14,,25,6527.015873546039,652.7015873546039,0.5,H,H,Win,14,12,,25,11916.952164183514,1191.6952164183515,0.4,T,H,Lose,11,15,,25,14565.1637562243,1456.5163756224301,0.7,H,H,Win,17,9,,25,6527.015873546042,652.7015873546043,0.5,H,T,Lose,13,13,,25,11916.952164183516,1191.6952164183517,0.5,T,T,Win,14,12,,25,14565.163756224301,1456.5163756224301,0.6,H,T,Lose,15,11,,25,9750.233588877425,975.0233588877426,0.3,T,T,Win,9,17,,25,5340.285714719492,534.0285714719492,0.5,T,T,Win,13,13,,25,9750.233588877423,975.0233588877423,0.4,T,H,Lose,10,16,,25,11916.952164183518,1191.695216418352,0.4,T,H,Lose,11,15,,25,7977.4638454451615,797.7463845445162,0.6,H,T,Lose,15,11,,25,26592.91215299663,2659.2912152996632,0.7,H,T,Lose,18,8,,25,11916.952164183514,1191.6952164183515,0.4,T,H,Lose,10,16,,25,9750.233588877425,975.0233588877426,0.6,H,H,Win,16,10,,25,9750.23358887742,975.023358887742,0.5,T,H,Lose,12,14,,25,7977.4638454451615,797.7463845445162,0.5,H,H,Win,14,12,,25,14565.163756224292,1456.5163756224292,0.4,T,H,Lose,10,16,,25,11916.95216418352,1191.695216418352,0.4,T,H,Lose,11,15,,25,17801.866813163033,1780.1866813163033,0.3,T,T,Win,8,18,,25,9750.233588877418,975.0233588877418,0.5,T,H,Lose,12,14,,25,2924.9198242152574,292.49198242152573,0.5,H,H,Win,14,12,,25,14565.163756224298,1456.51637562243,0.5,T,H,Lose,12,14,,25,5340.285714719488,534.0285714719488,0.4,T,T,Win,11,15,,25,9750.23358887742,975.023358887742,0.5,T,H,Lose,13,13,,25,9750.233588877423,975.0233588877423,0.4,T,H,Lose,11,15,,25,6527.015873546044,652.7015873546044,0.6,H,H,Win,16,10,,25,6527.015873546041,652.7015873546042,0.5,H,T,Lose,13,13,,25,6527.01587354604,652.701587354604,0.5,H,T,Lose,13,13,,25,2924.919824215258,292.4919824215258,0.5,T,H,Lose,13,13,,25,5340.285714719487,534.0285714719488,0.5,T,T,Win,13,13,,25,9750.233588877423,975.0233588877423,0.4,T,T,Win,11,15,,25,9750.233588877421,975.0233588877422,0.5,H,T,Lose,12,14,,25,17801.866813163033,1780.1866813163033,0.3,T,T,Win,8,18,,25,7977.463845445163,797.7463845445163,0.6,H,H,Win,15,11,,25,17801.866813163033,1780.1866813163033,0.3,T,H,Lose,9,17,,25,21757.837216088155,2175.7837216088155,0.3,T,T,Win,7,19,,25,17801.866813163022,1780.1866813163024,0.3,T,T,Win,8,18,,25,11916.952164183518,1191.695216418352,0.6,H,H,Win,16,10,,25,11916.95216418352,1191.695216418352,0.4,T,T,Win,10,16,,25,7977.46384544516,797.746384544516,0.5,T,T,Win,12,14,,25,2924.919824215258,292.4919824215258,0.5,H,T,Lose,13,13,,25,6527.015873546044,652.7015873546044,0.5,H,T,Lose,12,14,,25,11916.952164183518,1191.695216418352,0.4,T,H,Lose,11,15,,25,6527.0158735460445,652.7015873546045,0.6,H,T,Lose,15,11,,25,11916.952164183518,1191.695216418352,0.4,T,T,Win,11,15,,25,3574.902007374203,357.4902007374203,0.5,T,T,Win,13,13,,25,7977.463845445164,797.7463845445164,0.5,T,T,Win,14,12,,25,4369.324675679582,436.93246756795816,0.5,H,T,Lose,14,12,,25,11916.952164183518,1191.695216418352,0.4,T,T,Win,11,15,,25,32502.448186995884,3250.2448186995884,0.7,H,T,Lose,19,7,,25,9750.233588877418,975.0233588877418,0.4,T,T,Win,11,15,,25,7977.463845445165,797.7463845445166,0.5,H,H,Win,13,13,,25,6527.015873546043,652.7015873546043,0.5,H,H,Win,13,13,,25,11916.95216418351,1191.695216418351,0.6,H,T,Lose,16,10,,25,9750.233588877421,975.0233588877422,0.6,H,T,Lose,15,11,,25,5340.285714719488,534.0285714719488,0.5,H,T,Lose,14,12,,25,11916.952164183518,1191.695216418352,0.4,T,H,Lose,11,15,,25,11916.95216418351,1191.695216418351,0.6,H,T,Lose,15,11,,25,7977.463845445164,797.7463845445164,0.5,H,T,Lose,12,14,,25,9750.233588877423,975.0233588877423,0.6,H,T,Lose,15,11,,25,5340.285714719492,534.0285714719492,0.5,H,H,Win,14,12,,25,3574.902007374204,357.4902007374204,0.5,H,T,Lose,12,14,,25,11916.952164183516,1191.6952164183517,0.5,T,H,Lose,12,14,,25,4369.324675679583,436.9324675679584,0.6,T,H,Lose,15,11,,25,9750.23358887742,975.023358887742,0.5,T,T,Win,13,13,,25,17801.866813163026,1780.1866813163026,0.8,H,H,Win,20,6,,25,11916.952164183514,1191.6952164183515,0.4,T,H,Lose,11,15,,25,14565.163756224298,1456.51637562243,0.4,T,T,Win,10,16,,25,9750.233588877421,975.0233588877422,0.4,T,T,Win,11,15,,25,6527.01587354604,652.701587354604,0.6,H,T,Lose,15,11,,25,9750.233588877423,975.0233588877423,0.4,T,T,Win,11,15,,25,4369.324675679583,436.9324675679584,0.4,T,T,Win,11,15,,25,32502.448186995884,3250.2448186995884,0.2,T,T,Win,5,21,,25,6527.015873546041,652.7015873546042,0.6,T,H,Lose,15,11,,25,9750.233588877423,975.0233588877423,0.4,T,T,Win,10,16,,25,9750.233588877421,975.0233588877422,0.4,T,T,Win,11,15,,25,5340.285714719488,534.0285714719488,0.5,T,T,Win,13,13,,25,3574.9020073742035,357.49020073742037,0.5,H,H,Win,14,12,,25,6527.015873546041,652.7015873546042,0.5,H,T,Lose,12,14,,25,4369.324675679581,436.9324675679581,0.5,T,T,Win,14,12,,25,17801.866813163033,1780.1866813163033,0.7,H,H,Win,17,9,,25,6527.015873546044,652.7015873546044,0.5,T,H,Lose,13,13,,25,7977.463845445165,797.7463845445166,0.5,T,H,Lose,12,14,,25,7977.4638454451615,797.7463845445162,0.6,H,H,Win,16,10,,25,14565.16375622429,1456.5163756224292,0.4,T,H,Lose,10,16,,25,14565.163756224303,1456.5163756224304,0.3,T,T,Win,9,17,,25,6527.015873546043,652.7015873546043,0.6,H,H,Win,15,11,,25,6527.01587354604,652.701587354604,0.5,H,T,Lose,12,14,,25,11916.952164183516,1191.6952164183517,0.7,H,T,Lose,17,9,,25,11916.952164183514,1191.6952164183515,0.5,T,H,Lose,14,12,,25,4369.324675679583,436.9324675679584,0.5,H,T,Lose,12,14,,25,7977.463845445166,797.7463845445167,0.6,H,H,Win,16,10,,25,14565.163756224301,1456.5163756224301,0.4,T,H,Lose,10,16,,25,21757.837216088163,2175.7837216088164,0.3,T,H,Lose,8,18,,25,11916.952164183513,1191.6952164183513,0.6,H,T,Lose,16,10,,25,7977.463845445162,797.7463845445163,0.5,H,H,Win,14,12,,25,9750.233588877423,975.0233588877423,0.5,T,T,Win,14,12,,25,17801.866813163022,1780.1866813163024,0.3,T,T,Win,8,18,,25,4369.324675679582,436.93246756795816,0.6,H,T,Lose,15,11,,25,14565.1637562243,1456.5163756224301,0.4,T,H,Lose,10,16,,25,11916.952164183513,1191.6952164183513,0.6,H,H,Win,15,11,,25,6527.015873546041,652.7015873546042,0.5,H,H,Win,14,12,,25,11916.952164183514,1191.6952164183515,0.7,H,T,Lose,17,9,,25,4369.3246756795825,436.93246756795827,0.5,H,T,Lose,12,14,,25,17801.86681316303,1780.186681316303,0.5,H,T,Lose,12,14,,25,4369.324675679582,436.93246756795816,0.5,T,H,Lose,14,12,,25,4369.3246756795825,436.93246756795827,0.6,H,T,Lose,15,11,,25,14565.163756224298,1456.51637562243,0.6,H,T,Lose,16,10,,25,6527.015873546043,652.7015873546043,0.5,H,T,Lose,12,14,,25,5340.285714719491,534.0285714719491,0.5,H,T,Lose,12,14,,25,11916.952164183513,1191.6952164183513,0.6,H,T,Lose,16,10,,25,14565.163756224298,1456.51637562243,0.7,H,H,Win,18,8,,25,11916.952164183516,1191.6952164183517,0.5,T,T,Win,13,13,,25,11916.952164183509,1191.695216418351,0.5,H,H,Win,13,13,,25,9750.23358887742,975.023358887742,0.5,H,T,Lose,12,14,,25,14565.163756224294,1456.5163756224295,0.3,T,T,Win,9,17,,25,11916.952164183516,1191.6952164183517,0.6,H,T,Lose,15,11,,25,17801.866813163033,1780.1866813163033,0.4,T,H,Lose,10,16,,25,2393.1162198124835,239.31162198124835,0.6,T,H,Lose,15,11,,25,6527.015873546043,652.7015873546043,0.5,T,T,Win,12,14,,25,14565.163756224301,1456.5163756224301,0.3,T,T,Win,9,17,,25,5340.285714719487,534.0285714719488,0.6,T,H,Lose,15,11,,25,11916.952164183518,1191.695216418352,0.4,T,T,Win,10,16,,25,5340.285714719488,534.0285714719488,0.6,H,H,Win,16,10,,25,6527.015873546042,652.7015873546043,0.4,T,T,Win,11,15,,25,32502.448186995884,3250.2448186995884,0.8,H,T,Lose,20,6,,25,14565.163756224296,1456.5163756224297,0.6,H,H,Win,16,10,,25,14565.163756224301,1456.5163756224301,0.5,H,H,Win,14,12,,25,5340.285714719491,534.0285714719491,0.6,H,T,Lose,15,11,,25,5340.285714719488,534.0285714719488,0.6,H,H,Win,16,10,,25,9750.233588877425,975.0233588877426,0.6,H,H,Win,16,10,,25,6527.0158735460445,652.7015873546045,0.5,H,T,Lose,14,12,,25,9750.23358887742,975.023358887742,0.5,T,H,Lose,12,14,,25,11916.95216418351,1191.695216418351,0.4,T,H,Lose,11,15,,25,6527.015873546042,652.7015873546043,0.5,T,H,Lose,12,14,,25,6527.015873546042,652.7015873546043,0.5,H,T,Lose,12,14,,25,9750.233588877425,975.0233588877426,0.4,T,T,Win,11,15,,25,14565.163756224296,1456.5163756224297,0.7,H,H,Win,18,8,,25,5340.285714719487,534.0285714719488,0.5,H,T,Lose,12,14,,25,9750.233588877421,975.0233588877422,0.7,H,H,Win,17,9,,25,6527.015873546042,652.7015873546043,0.5,T,H,Lose,12,14,,25,4369.324675679582,436.93246756795816,0.5,H,T,Lose,12,14,,25,6527.01587354604,652.701587354604,0.5,T,T,Win,12,14,,25,14565.163756224294,1456.5163756224295,0.4,T,H,Lose,10,16,,25,5340.285714719489,534.0285714719489,0.6,T,H,Lose,15,11,,25,6527.015873546044,652.7015873546044,0.5,H,T,Lose,14,12,,25,9750.233588877423,975.0233588877423,0.6,H,H,Win,15,11,,25,7977.463845445165,797.7463845445166,0.5,T,T,Win,14,12,,25,11916.952164183509,1191.695216418351,0.4,T,H,Lose,11,15,,25,5340.28571471949,534.028571471949,0.6,H,H,Win,15,11,,25,5340.285714719489,534.0285714719489,0.5,T,T,Win,13,13,,25,11916.952164183516,1191.6952164183517,0.7,H,H,Win,17,9,,25,11916.952164183518,1191.695216418352,0.7,H,T,Lose,17,9,,25,4369.324675679583,436.9324675679584,0.6,H,H,Win,15,11,,25,17801.866813163026,1780.1866813163026,0.3,T,H,Lose,9,17,,25,5340.285714719491,534.0285714719491,0.5,T,T,Win,14,12,,25,9750.23358887742,975.023358887742,0.5,T,H,Lose,12,14,,25,11916.952164183514,1191.6952164183515,0.5,H,H,Win,13,13,,25,6527.015873546044,652.7015873546044,0.5,T,H,Lose,12,14,,25,6527.015873546041,652.7015873546042,0.5,T,H,Lose,14,12,,25,5340.28571471949,534.028571471949,0.4,T,T,Win,11,15,,25,3574.9020073742045,357.4902007374205,0.5,H,T,Lose,13,13,,25,11916.952164183516,1191.6952164183517,0.5,T,H,Lose,12,14,,25,4369.3246756795825,436.93246756795827,0.6,H,T,Lose,15,11,,25,2393.1162198124835,239.31162198124835,0.5,T,T,Win,12,14,,25,6527.0158735460445,652.7015873546045,0.6,H,H,Win,15,11,,25,7977.4638454451615,797.7463845445162,0.4,T,H,Lose,11,15,,25,6527.015873546042,652.7015873546043,0.4,T,T,Win,11,15,,25,4369.3246756795825,436.93246756795827,0.5,T,T,Win,12,14,,25,11916.952164183518,1191.695216418352,0.7,H,H,Win,17,9,,25,3574.9020073742045,357.4902007374205,0.5,H,T,Lose,12,14,,25,9750.23358887742,975.023358887742,0.5,T,H,Lose,12,14,,25,21757.837216088148,2175.783721608815,0.7,H,H,Win,18,8,,25,7977.463845445163,797.7463845445163,0.5,H,H,Win,13,13,,25,5340.285714719488,534.0285714719488,0.6,H,T,Lose,15,11,,25,4369.3246756795825,436.93246756795827,0.6,H,T,Lose,15,11,,25,7977.4638454451615,797.7463845445162,0.6,H,H,Win,15,11,,25,6527.015873546042,652.7015873546043,0.5,H,H,Win,13,13,,25,9750.233588877423,975.0233588877423,0.5,T,H,Lose,12,14,,25,4369.324675679581,436.9324675679581,0.6,T,H,Lose,15,11,,25,5340.285714719489,534.0285714719489,0.5,T,T,Win,14,12,,25,5340.285714719489,534.0285714719489,0.5,H,H,Win,13,13,,25,9750.233588877423,975.0233588877423,0.5,T,H,Lose,12,14,,25,7977.4638454451615,797.7463845445162,0.6,H,H,Win,16,10,,25,7977.4638454451615,797.7463845445162,0.5,T,H,Lose,13,13,,25,17801.866813163026,1780.1866813163026,0.7,H,H,Win,17,9,,25,11916.952164183518,1191.695216418352,0.4,T,T,Win,11,15,,25,3574.9020073742035,357.49020073742037,0.5,T,H,Lose,13,13,,25,7977.4638454451615,797.7463845445162,0.5,T,T,Win,12,14,,25,11916.95216418352,1191.695216418352,0.4,T,T,Win,11,15,,25,6527.015873546041,652.7015873546042,0.7,H,H,Win,17,9,,25,7977.463845445164,797.7463845445164,0.5,T,T,Win,13,13,,25,7977.463845445165,797.7463845445166,0.5,T,H,Lose,14,12,,25,7977.463845445165,797.7463845445166,0.7,H,H,Win,17,9,,25,5340.285714719489,534.0285714719489,0.5,T,H,Lose,13,13,,25,11916.952164183509,1191.695216418351,0.5,H,H,Win,14,12,,25,9750.233588877421,975.0233588877422,0.5,T,H,Lose,12,14,,25,9750.233588877423,975.0233588877423,0.6,H,T,Lose,15,11,,25,6527.015873546041,652.7015873546042,0.5,H,T,Lose,12,14,,25,6527.015873546041,652.7015873546042,0.5,H,T,Lose,14,12,,25,9750.233588877418,975.0233588877418,0.6,H,H,Win,15,11,,25,14565.163756224296,1456.5163756224297,0.7,H,T,Lose,18,8,,25,6527.015873546041,652.7015873546042,0.4,T,T,Win,11,15,,25,7977.463845445163,797.7463845445163,0.5,T,T,Win,12,14,,25,14565.163756224301,1456.5163756224301,0.4,T,T,Win,10,16,,25,9750.233588877425,975.0233588877426,0.4,T,T,Win,10,16,,25,14565.1637562243,1456.5163756224301,0.4,T,H,Lose,10,16,,25,7977.463845445165,797.7463845445166,0.5,H,T,Lose,13,13,,25,14565.163756224298,1456.51637562243,0.3,T,T,Win,9,17,,25,5340.28571471949,534.028571471949,0.6,H,H,Win,16,10,,25,7977.463845445163,797.7463845445163,0.5,H,H,Win,14,12,,25,11916.952164183514,1191.6952164183515,0.3,T,T,Win,9,17,,25,14565.163756224298,1456.51637562243,0.3,T,T,Win,9,17,,25,5340.28571471949,534.028571471949,0.5,H,T,Lose,14,12,,25,5340.285714719489,534.0285714719489,0.5,H,T,Lose,14,12,,25,26592.912152996632,2659.2912152996632,0.3,T,H,Lose,9,17,,25,9750.233588877418,975.0233588877418,0.5,T,H,Lose,12,14,,25,5340.285714719489,534.0285714719489,0.6,T,H,Lose,15,11,,25,7977.463845445162,797.7463845445163,0.5,T,H,Lose,12,14,,25,26592.91215299663,2659.2912152996632,0.3,T,H,Lose,7,19,,25,14565.163756224298,1456.51637562243,0.4,T,H,Lose,10,16,,25,11916.952164183514,1191.6952164183515,0.5,H,H,Win,14,12,,25,6527.015873546042,652.7015873546043,0.5,T,H,Lose,12,14,,25,14565.163756224298,1456.51637562243,0.7,H,H,Win,19,7,,25,11916.952164183518,1191.695216418352,0.3,T,T,Win,9,17,,25,14565.163756224301,1456.5163756224301,0.7,H,H,Win,17,9,,25,7977.4638454451615,797.7463845445162,0.5,H,T,Lose,12,14,,25,7977.463845445165,797.7463845445166,0.6,H,T,Lose,15,11,,25,17801.866813163033,1780.1866813163033,0.5,T,T,Win,13,13,,25,14565.163756224298,1456.51637562243,0.6,H,T,Lose,16,10,,25,9750.23358887742,975.023358887742,0.6,H,T,Lose,15,11,,25,3574.902007374202,357.49020073742025,0.6,T,H,Lose,15,11,,25,11916.952164183518,1191.695216418352,0.6,T,H,Lose,15,11,,25,26592.91215299662,2659.2912152996623,0.7,H,T,Lose,19,7,,25,7977.463845445162,797.7463845445163,0.5,T,H,Lose,12,14,,25,6527.015873546042,652.7015873546043,0.6,H,H,Win,16,10,,25,14565.1637562243,1456.5163756224301,0.3,T,T,Win,9,17,,25,6527.015873546041,652.7015873546042,0.4,T,T,Win,11,15,,25,17801.86681316303,1780.186681316303,0.8,H,H,Win,20,6,,25,4369.3246756795825,436.93246756795827,0.6,T,H,Lose,15,11,,25,11916.952164183516,1191.6952164183517,0.6,H,T,Lose,15,11,,25,17801.86681316303,1780.186681316303,0.3,T,H,Lose,9,17,,25,7977.4638454451615,797.7463845445162,0.5,T,T,Win,13,13,,25,14565.1637562243,1456.5163756224301,0.4,T,H,Lose,11,15,,25,5340.285714719488,534.0285714719488,0.6,H,H,Win,16,10,,25,7977.463845445163,797.7463845445163,0.5,T,T,Win,12,14,,25,5340.285714719489,534.0285714719489,0.5,H,H,Win,13,13,,25,11916.952164183514,1191.6952164183515,0.5,T,H,Lose,13,13,,25,26592.912152996636,2659.2912152996637,0.7,H,H,Win,19,7,,25,26592.912152996632,2659.2912152996632,0.3,T,T,Win,7,19,,25,11916.95216418351,1191.695216418351,0.4,T,H,Lose,10,16,,25,11916.952164183516,1191.6952164183517,0.4,T,T,Win,11,15,,25,9750.233588877425,975.0233588877426,0.3,T,H,Lose,9,17,,25,9750.233588877418,975.0233588877418,0.4,T,H,Lose,11,15,,25,14565.163756224298,1456.51637562243,0.5,H,H,Win,14,12,,25,17801.866813163037,1780.1866813163037,0.3,T,H,Lose,9,17,,25,21757.83721608816,2175.783721608816,0.3,T,T,Win,7,19,,25,5340.285714719491,534.0285714719491,0.5,H,H,Win,14,12,,25,17801.866813163033,1780.1866813163033,0.6,H,T,Lose,16,10,,25,9750.233588877423,975.0233588877423,0.5,T,H,Lose,14,12,,25,7977.463845445163,797.7463845445163,0.5,H,H,Win,14,12,,25,9750.23358887742,975.023358887742,0.5,T,T,Win,14,12,,25,11916.952164183518,1191.695216418352,0.6,H,T,Lose,16,10,,25,2393.116219812483,239.31162198124832,0.5,T,T,Win,12,14,,25,11916.952164183514,1191.6952164183515,0.4,T,T,Win,10,16,,25,3574.902007374204,357.4902007374204,0.5,H,T,Lose,14,12,,25,4369.324675679583,436.9324675679584,0.6,H,T,Lose,15,11,,25,11916.952164183518,1191.695216418352,0.4,T,H,Lose,11,15,,25,11916.952164183516,1191.6952164183517,0.4,T,T,Win,10,16,,25,14565.163756224301,1456.5163756224301,0.7,H,H,Win,17,9,,25,5340.28571471949,534.028571471949,0.5,T,T,Win,13,13,,25,6527.015873546044,652.7015873546044,0.6,H,H,Win,15,11,,25,11916.952164183516,1191.6952164183517,0.4,T,H,Lose,11,15,,25,32502.448186995884,3250.2448186995884,0.3,T,H,Lose,8,18,,25,9750.233588877421,975.0233588877422,0.6,H,H,Win,16,10,,25,14565.163756224298,1456.51637562243,0.4,T,H,Lose,10,16,,25,14565.163756224298,1456.51637562243,0.6,H,T,Lose,16,10,,25,9750.233588877421,975.0233588877422,0.4,T,T,Win,11,15,,25,11916.952164183518,1191.695216418352,0.4,T,T,Win,11,15,,25,7977.463845445163,797.7463845445163,0.6,T,H,Lose,15,11,,25,3574.902007374205,357.49020073742054,0.5,T,H,Lose,12,14,,25,11916.952164183516,1191.6952164183517,0.5,T,H,Lose,12,14,,25,9750.23358887742,975.023358887742,0.5,T,H,Lose,12,14,,25,11916.952164183518,1191.695216418352,0.6,H,T,Lose,16,10,,25,5340.285714719487,534.0285714719488,0.5,H,H,Win,14,12,,25,6527.015873546042,652.7015873546043,0.5,T,H,Lose,12,14,,25,21757.837216088144,2175.7837216088146,0.7,H,H,Win,19,7,,25,14565.163756224301,1456.5163756224301,0.3,T,T,Win,9,17,,25,9750.233588877421,975.0233588877422,0.4,T,H,Lose,11,15,,25,11916.952164183516,1191.6952164183517,0.4,T,H,Lose,11,15,,25,4369.324675679582,436.93246756795816,0.5,H,T,Lose,12,14,,25,11916.952164183516,1191.6952164183517,0.7,H,T,Lose,17,9,,25,11916.952164183514,1191.6952164183515,0.4,T,H,Lose,11,15,,25,6527.015873546044,652.7015873546044,0.4,T,H,Lose,11,15,,25,17801.866813163037,1780.1866813163037,0.4,T,T,Win,10,16,,25,3574.9020073742035,357.49020073742037,0.6,H,H,Win,15,11,,25,5340.28571471949,534.028571471949,0.4,T,T,Win,11,15,,25,5340.285714719487,534.0285714719488,0.6,T,H,Lose,15,11,,25,21757.83721608814,2175.783721608814,0.3,T,T,Win,8,18,,25,11916.952164183518,1191.695216418352,0.5,T,T,Win,13,13,,25,7977.4638454451615,797.7463845445162,0.6,H,T,Lose,15,11,,25,9750.23358887742,975.023358887742,0.4,T,T,Win,11,15,,25,4369.3246756795825,436.93246756795827,0.5,H,H,Win,14,12,,25,7977.4638454451615,797.7463845445162,0.4,T,T,Win,10,16,,25,9750.23358887742,975.023358887742,0.6,H,T,Lose,15,11,,25,9750.233588877421,975.0233588877422,0.4,T,T,Win,11,15,,25,6527.015873546042,652.7015873546043,0.5,T,H,Lose,13,13,,25,6527.015873546041,652.7015873546042,0.5,T,T,Win,13,13,,25,6527.015873546044,652.7015873546044,0.5,H,H,Win,13,13,,25,6527.015873546043,652.7015873546043,0.6,H,H,Win,16,10,,25,6527.015873546043,652.7015873546043,0.6,H,T,Lose,15,11,,25,17801.866813163033,1780.1866813163033,0.7,H,H,Win,17,9,,25,9750.233588877418,975.0233588877418,0.6,H,T,Lose,15,11,,25,11916.952164183513,1191.6952164183513,0.4,T,T,Win,10,16,,25,9750.23358887742,975.023358887742,0.6,H,H,Win,15,11,,25,3574.902007374204,357.4902007374204,0.5,T,H,Lose,13,13,,25,17801.866813163037,1780.1866813163037,0.3,T,H,Lose,9,17,,25,14565.163756224296,1456.5163756224297,0.4,T,H,Lose,10,16,,25,9750.23358887742,975.023358887742,0.6,H,T,Lose,16,10,,25,11916.952164183513,1191.6952164183513,0.6,H,T,Lose,15,11,,25,5340.285714719491,534.0285714719491,0.5,H,T,Lose,13,13,,25,11916.952164183514,1191.6952164183515,0.4,T,H,Lose,11,15,,25,17801.86681316303,1780.186681316303,0.7,H,T,Lose,18,8,,25,21757.837216088148,2175.783721608815,0.7,H,T,Lose,17,9,,25,9750.23358887742,975.023358887742,0.4,T,T,Win,10,16,,25,5340.285714719487,534.0285714719488,0.5,H,T,Lose,13,13,,25,26592.91215299663,2659.2912152996632,0.7,H,H,Win,19,7,,25,5340.285714719489,534.0285714719489,0.6,H,H,Win,15,11,,25,17801.866813163033,1780.1866813163033,0.7,H,H,Win,18,8,,25,3574.902007374204,357.4902007374204,0.5,H,T,Lose,12,14,,25,6527.015873546042,652.7015873546043,0.5,H,H,Win,14,12,,25,14565.1637562243,1456.5163756224301,0.6,H,T,Lose,15,11,,25,9750.233588877423,975.0233588877423,0.4,T,T,Win,11,15,,25,14565.163756224296,1456.5163756224297,0.4,T,H,Lose,10,16,,25,14565.163756224292,1456.5163756224292,0.5,T,H,Lose,12,14,,25,2924.9198242152565,292.4919824215257,0.5,H,T,Lose,12,14,,25,6527.0158735460445,652.7015873546045,0.5,T,H,Lose,12,14,,25,14565.163756224298,1456.51637562243,0.3,T,T,Win,9,17,,25,9750.233588877425,975.0233588877426,0.4,T,T,Win,11,15,,25,7977.463845445164,797.7463845445164,0.6,H,H,Win,16,10,,25,7977.4638454451615,797.7463845445162,0.6,H,H,Win,15,11,,25,4369.3246756795825,436.93246756795827,0.5,H,T,Lose,13,13,,25,7977.4638454451615,797.7463845445162,0.6,H,H,Win,16,10,,25,5340.285714719492,534.0285714719492,0.6,H,T,Lose,15,11,,25,6527.015873546041,652.7015873546042,0.6,H,H,Win,15,11,,25,4369.3246756795825,436.93246756795827,0.5,T,T,Win,14,12,,25,11916.952164183518,1191.695216418352,0.4,T,H,Lose,11,15,,25,14565.163756224298,1456.51637562243,0.4,T,T,Win,10,16,,25,26592.912152996632,2659.2912152996632,0.3,T,T,Win,8,18,,25,7977.463845445165,797.7463845445166,0.5,H,H,Win,13,13,,25,3574.902007374204,357.4902007374204,0.5,H,H,Win,14,12,,25,11916.952164183513,1191.6952164183513,0.6,T,H,Lose,15,11,,25,7977.463845445165,797.7463845445166,0.5,T,H,Lose,12,14,,25,6527.015873546044,652.7015873546044,0.5,H,T,Lose,14,12,,25,14565.1637562243,1456.5163756224301,0.7,H,H,Win,17,9,,25,4369.3246756795825,436.93246756795827,0.5,H,H,Win,14,12,,25,7977.463845445165,797.7463845445166,0.5,T,T,Win,12,14,,25,11916.952164183514,1191.6952164183515,0.6,H,T,Lose,16,10,,25,7977.4638454451615,797.7463845445162,0.6,H,H,Win,16,10,,25,11916.952164183518,1191.695216418352,0.3,T,T,Win,9,17,,25,11916.952164183513,1191.6952164183513,0.4,T,H,Lose,10,16,,25,9750.23358887742,975.023358887742,0.5,T,H,Lose,12,14,,25,21757.837216088155,2175.7837216088155,0.3,T,T,Win,7,19,,25,21757.837216088148,2175.783721608815,0.3,T,T,Win,8,18,,25,9750.233588877423,975.0233588877423,0.4,T,T,Win,11,15,,25,9750.233588877418,975.0233588877418,0.4,T,T,Win,11,15,,25,17801.866813163033,1780.1866813163033,0.3,T,H,Lose,9,17,,25,5340.285714719489,534.0285714719489,0.5,T,T,Win,14,12,,25,6527.015873546043,652.7015873546043,0.5,H,T,Lose,13,13,,25,21757.837216088144,2175.7837216088146,0.3,T,T,Win,8,18,,25,5340.285714719489,534.0285714719489,0.4,T,T,Win,11,15,,25,5340.285714719489,534.0285714719489,0.5,T,T,Win,14,12,,25,7977.46384544516,797.746384544516,0.6,T,H,Lose,15,11,,25,14565.163756224298,1456.51637562243,0.4,T,T,Win,10,16,,25,5340.285714719489,534.0285714719489,0.5,T,T,Win,13,13,,25,17801.866813163037,1780.1866813163037,0.3,T,H,Lose,9,17,,25,2924.9198242152574,292.49198242152573,0.5,T,H,Lose,14,12,,25,7977.463845445158,797.7463845445159,0.5,T,T,Win,12,14,,25,7977.463845445162,797.7463845445163,0.5,H,T,Lose,12,14,,25,4369.324675679582,436.93246756795816,0.6,T,H,Lose,15,11,,25,5340.285714719489,534.0285714719489,0.5,T,H,Lose,13,13,,25,14565.16375622429,1456.5163756224292,0.6,H,T,Lose,16,10,,25,14565.163756224294,1456.5163756224295,0.4,T,H,Lose,10,16,,25,3574.9020073742035,357.49020073742037,0.6,H,H,Win,16,10,,25,9750.233588877418,975.0233588877418,0.6,H,H,Win,16,10,,25,7977.463845445166,797.7463845445167,0.5,H,T,Lose,12,14,,25,21757.837216088148,2175.783721608815,0.3,T,T,Win,8,18,,25,5340.285714719489,534.0285714719489,0.5,T,H,Lose,13,13,,25,7977.4638454451615,797.7463845445162,0.5,T,T,Win,13,13,,25,5340.285714719489,534.0285714719489,0.5,H,H,Win,14,12,,25,11916.952164183514,1191.6952164183515,0.6,T,H,Lose,15,11,,25,4369.324675679582,436.93246756795816,0.5,T,H,Lose,13,13,,25,21757.83721608814,2175.783721608814,0.7,H,H,Win,18,8,,25,5340.28571471949,534.028571471949,0.6,H,H,Win,15,11,,25,21757.837216088148,2175.783721608815,0.4,T,H,Lose,10,16,,25,9750.233588877423,975.0233588877423,0.7,H,H,Win,17,9,,25,6527.015873546044,652.7015873546044,0.5,T,H,Lose,14,12,,25,17801.86681316303,1780.186681316303,0.7,H,T,Lose,18,8,,25,14565.1637562243,1456.5163756224301,0.4,T,T,Win,10,16,,25,4369.324675679582,436.93246756795816,0.5,H,T,Lose,13,13,,25,7977.463845445163,797.7463845445163,0.5,H,T,Lose,14,12,,25,11916.952164183514,1191.6952164183515,0.5,T,T,Win,13,13,,25,5340.285714719489,534.0285714719489,0.5,H,T,Lose,14,12,,25,14565.163756224301,1456.5163756224301,0.6,H,T,Lose,15,11,,25,5340.285714719489,534.0285714719489,0.5,H,T,Lose,14,12,,25,14565.163756224301,1456.5163756224301,0.6,H,T,Lose,16,10,,25,11916.952164183518,1191.695216418352,0.5,T,H,Lose,12,14,,25,14565.163756224294,1456.5163756224295,0.7,H,H,Win,17,9,,25,9750.233588877423,975.0233588877423,0.4,T,T,Win,10,16,,25,6527.015873546044,652.7015873546044,0.5,T,T,Win,14,12,,25,6527.015873546044,652.7015873546044,0.5,T,H,Lose,13,13,,25,26592.91215299663,2659.2912152996632,0.7,H,T,Lose,18,8,,25,7977.463845445163,797.7463845445163,0.5,H,T,Lose,13,13,,25,9750.23358887742,975.023358887742,0.4,T,T,Win,11,15,,25,14565.163756224301,1456.5163756224301,0.7,H,H,Win,17,9,,25,14565.163756224298,1456.51637562243,0.3,T,T,Win,9,17,,25,9750.233588877423,975.0233588877423,0.4,T,T,Win,11,15,,25,6527.015873546043,652.7015873546043,0.5,T,H,Lose,13,13,,25,26592.91215299662,2659.2912152996623,0.3,T,H,Lose,9,17,,25,6527.015873546042,652.7015873546043,0.5,T,T,Win,13,13,,25,9750.233588877418,975.0233588877418,0.5,H,H,Win,13,13,,25,26592.91215299663,2659.2912152996632,0.3,T,H,Lose,7,19,,25,7977.463845445162,797.7463845445163,0.4,T,T,Win,11,15,,25,5340.285714719487,534.0285714719488,0.5,T,H,Lose,13,13,,25,4369.3246756795825,436.93246756795827,0.5,H,H,Win,13,13,,25,7977.463845445163,797.7463845445163,0.5,T,T,Win,12,14,,25,6527.015873546043,652.7015873546043,0.5,T,T,Win,14,12,,25,9750.233588877425,975.0233588877426,0.5,T,T,Win,14,12,,25,9750.23358887742,975.023358887742,0.5,T,H,Lose,14,12,,25,5340.285714719489,534.0285714719489,0.4,T,H,Lose,11,15,,25,14565.163756224298,1456.51637562243,0.6,H,T,Lose,15,11,,25,11916.95216418352,1191.695216418352,0.6,H,H,Win,16,10,,25,3574.9020073742035,357.49020073742037,0.6,H,H,Win,15,11,,25,7977.463845445162,797.7463845445163,0.6,H,H,Win,16,10,,25,6527.015873546042,652.7015873546043,0.6,H,H,Win,16,10,,25,3574.902007374203,357.4902007374203,0.5,H,T,Lose,14,12,,25,9750.233588877423,975.0233588877423,0.5,T,T,Win,13,13,,25,11916.952164183514,1191.6952164183515,0.6,H,T,Lose,15,11,,25,6527.015873546044,652.7015873546044,0.5,T,T,Win,13,13,,25,14565.163756224296,1456.5163756224297,0.4,T,H,Lose,10,16,,25,9750.233588877423,975.0233588877423,0.6,H,T,Lose,15,11,,25,6527.015873546044,652.7015873546044,0.4,T,T,Win,11,15,,25,26592.91215299663,2659.2912152996632,0.7,H,T,Lose,19,7,,25,6527.01587354604,652.701587354604,0.5,T,H,Lose,12,14,,25,39725.21445077275,3972.521445077275,0.2,T,T,Win,4,22,,25,6527.015873546044,652.7015873546044,0.6,T,H,Lose,15,11,,25,7977.4638454451615,797.7463845445162,0.5,T,T,Win,13,13,,25,9750.233588877423,975.0233588877423,0.5,H,H,Win,14,12,,25,6527.015873546044,652.7015873546044,0.5,H,T,Lose,13,13,,25,7977.463845445162,797.7463845445163,0.5,T,H,Lose,12,14,,25,7977.463845445165,797.7463845445166,0.5,T,H,Lose,14,12,,25,11916.952164183518,1191.695216418352,0.5,T,H,Lose,13,13,,25,7977.463845445163,797.7463845445163,0.5,T,H,Lose,14,12,,25,3574.902007374204,357.4902007374204,0.5,T,T,Win,13,13,,25,7977.463845445162,797.7463845445163,0.5,T,T,Win,12,14,,25,14565.163756224298,1456.51637562243,0.7,H,H,Win,17,9,,25,14565.163756224301,1456.5163756224301,0.7,H,H,Win,17,9,,25,11916.95216418352,1191.695216418352,0.4,T,T,Win,10,16,,25,11916.952164183518,1191.695216418352,0.4,T,T,Win,10,16,,25,9750.233588877423,975.0233588877423,0.4,T,T,Win,11,15,,25,9750.233588877418,975.0233588877418,0.5,H,H,Win,14,12,,25,21757.837216088148,2175.783721608815,0.3,T,T,Win,9,17,,25,21757.837216088155,2175.7837216088155,0.4,T,H,Lose,10,16,,25,6527.015873546042,652.7015873546043,0.5,T,H,Lose,13,13,,25,5340.28571471949,534.028571471949,0.5,H,T,Lose,12,14,,25,9750.23358887742,975.023358887742,0.5,T,H,Lose,12,14,,25,5340.285714719492,534.0285714719492,0.5,H,T,Lose,13,13,,25,6527.015873546042,652.7015873546043,0.5,T,H,Lose,12,14,,25,7977.46384544516,797.746384544516,0.5,T,T,Win,12,14,,25,5340.285714719488,534.0285714719488,0.6,H,T,Lose,15,11,,25,6527.015873546041,652.7015873546042,0.7,H,H,Win,17,9,,25,7977.463845445165,797.7463845445166,0.5,T,T,Win,12,14,,25,3574.9020073742035,357.49020073742037,0.5,H,H,Win,13,13,,25,6527.015873546042,652.7015873546043,0.5,T,H,Lose,13,13,,25,14565.163756224296,1456.5163756224297,0.4,T,T,Win,10,16,,25,9750.233588877423,975.0233588877423,0.4,T,H,Lose,11,15,,25,11916.952164183518,1191.695216418352,0.6,H,H,Win,16,10,,25,7977.463845445163,797.7463845445163,0.4,T,H,Lose,10,16,,25,17801.866813163033,1780.1866813163033,0.4,T,H,Lose,10,16,,25,14565.163756224298,1456.51637562243,0.5,H,T,Lose,13,13,,25,9750.233588877423,975.0233588877423,0.5,T,T,Win,14,12,,25,17801.86681316303,1780.186681316303,0.3,T,H,Lose,9,17,,25,11916.952164183518,1191.695216418352,0.6,H,H,Win,15,11,,25,9750.23358887742,975.023358887742,0.4,T,H,Lose,11,15,,25,4369.3246756795825,436.93246756795827,0.5,T,T,Win,13,13,,25,7977.463845445165,797.7463845445166,0.5,H,T,Lose,12,14,,25,6527.015873546041,652.7015873546042,0.5,H,T,Lose,12,14,,25,11916.952164183513,1191.6952164183513,0.4,T,T,Win,11,15,,25,9750.233588877423,975.0233588877423,0.4,T,H,Lose,10,16,,25,11916.952164183514,1191.6952164183515,0.6,H,T,Lose,15,11,,25,9750.23358887742,975.023358887742,0.5,T,H,Lose,13,13,,25,6527.015873546043,652.7015873546043,0.6,T,H,Lose,15,11,,25,26592.91215299663,2659.2912152996632,0.3,T,H,Lose,7,19,,25,6527.01587354604,652.701587354604,0.6,H,H,Win,16,10,,25,4369.324675679581,436.9324675679581,0.5,H,T,Lose,14,12,,25,17801.866813163033,1780.1866813163033,0.6,H,H,Win,16,10,,25,6527.0158735460445,652.7015873546045,0.4,T,T,Win,11,15,,25,9750.233588877423,975.0233588877423,0.7,H,H,Win,17,9,,25,17801.866813163033,1780.1866813163033,0.7,H,H,Win,17,9,,25,7977.463845445163,797.7463845445163,0.5,T,T,Win,13,13,,25,7977.463845445162,797.7463845445163,0.5,H,H,Win,13,13,,25,9750.233588877421,975.0233588877422,0.5,T,H,Lose,12,14,,25,6527.015873546044,652.7015873546044,0.5,T,H,Lose,12,14,,25,7977.463845445158,797.7463845445159,0.5,H,H,Win,13,13,,25,21757.837216088155,2175.7837216088155,0.3,T,H,Lose,8,18,,25,11916.952164183509,1191.695216418351,0.4,T,T,Win,10,16,,25,17801.86681316303,1780.186681316303,0.7,H,T,Lose,19,7,,25,9750.233588877423,975.0233588877423,0.5,H,T,Lose,12,14,,25,7977.463845445164,797.7463845445164,0.5,H,T,Lose,14,12,,25,11916.952164183518,1191.695216418352,0.5,T,T,Win,12,14,,25,9750.23358887742,975.023358887742,0.4,T,H,Lose,10,16,,25,4369.324675679581,436.9324675679581,0.6,H,H,Win,15,11,,25,17801.866813163033,1780.1866813163033,0.3,T,H,Lose,9,17,,25,7977.463845445163,797.7463845445163,0.5,T,T,Win,14,12,,25,5340.285714719486,534.0285714719487,0.5,T,H,Lose,12,14,,25,4369.324675679582,436.93246756795816,0.5,H,H,Win,13,13,,25,7977.46384544516,797.746384544516,0.5,T,T,Win,14,12,,25,11916.952164183514,1191.6952164183515,0.4,T,T,Win,10,16,,25,9750.23358887742,975.023358887742,0.5,H,T,Lose,14,12,,25,6527.015873546041,652.7015873546042,0.5,H,H,Win,13,13,,25,6527.015873546044,652.7015873546044,0.5,H,T,Lose,12,14,,25,14565.163756224292,1456.5163756224292,0.5,T,H,Lose,12,14,,25,9750.23358887742,975.023358887742,0.5,T,T,Win,14,12,,25,11916.952164183518,1191.695216418352,0.5,H,H,Win,14,12,,25,11916.952164183518,1191.695216418352,0.4,T,H,Lose,11,15,,25,11916.952164183514,1191.6952164183515,0.5,H,H,Win,13,13,,25,11916.952164183518,1191.695216418352,0.6,H,H,Win,16,10,,25,11916.95216418351,1191.695216418351,0.6,H,T,Lose,16,10,,25,6527.015873546042,652.7015873546043,0.6,H,T,Lose,15,11,,25,11916.952164183518,1191.695216418352,0.4,T,T,Win,10,16,,25,6527.01587354604,652.701587354604,0.5,T,H,Lose,13,13,,25,4369.32467567958,436.932467567958,0.5,T,T,Win,12,14,,25,3574.902007374204,357.4902007374204,0.5,H,T,Lose,12,14,,25,7977.463845445165,797.7463845445166,0.5,H,H,Win,14,12,,25,6527.015873546042,652.7015873546043,0.5,H,T,Lose,13,13,,25,7977.463845445162,797.7463845445163,0.5,T,H,Lose,12,14,,25,2924.919824215258,292.4919824215258,0.5,T,H,Lose,14,12,,25,5340.28571471949,534.028571471949,0.5,H,T,Lose,14,12,,25,11916.952164183513,1191.6952164183513,0.5,H,T,Lose,12,14,,25,6527.0158735460445,652.7015873546045,0.5,T,T,Win,13,13,,25,11916.952164183513,1191.6952164183513,0.4,T,H,Lose,11,15,,25,5340.285714719489,534.0285714719489,0.5,H,T,Lose,14,12,,25,21757.837216088144,2175.7837216088146,0.3,T,H,Lose,8,18,,25,5340.28571471949,534.028571471949,0.5,H,H,Win,14,12,,25,5340.285714719489,534.0285714719489,0.5,T,T,Win,14,12,,25,14565.163756224301,1456.5163756224301,0.4,T,H,Lose,10,16,,25,7977.463845445163,797.7463845445163,0.5,H,H,Win,13,13,,25,21757.83721608816,2175.783721608816,0.3,T,T,Win,8,18,,25,9750.233588877421,975.0233588877422,0.6,H,T,Lose,16,10,,25,4369.3246756795825,436.93246756795827,0.5,T,T,Win,13,13,,25,6527.015873546042,652.7015873546043,0.5,H,H,Win,14,12,,25,7977.463845445163,797.7463845445163,0.5,H,H,Win,13,13,,25,9750.233588877416,975.0233588877417,0.4,T,T,Win,11,15,,25,2924.9198242152565,292.4919824215257,0.5,T,H,Lose,14,12,,25,7977.463845445165,797.7463845445166,0.4,T,H,Lose,11,15,,25,11916.952164183514,1191.6952164183515,0.4,T,T,Win,10,16,,25,17801.866813163033,1780.1866813163033,0.8,H,H,Win,20,6,,25,5340.28571471949,534.028571471949,0.5,H,T,Lose,13,13,,25,9750.233588877423,975.0233588877423,0.4,T,T,Win,11,15,,25,14565.163756224298,1456.51637562243,0.5,H,T,Lose,12,14,,25,14565.163756224296,1456.5163756224297,0.3,T,T,Win,9,17,,25,14565.163756224294,1456.5163756224295,0.3,T,T,Win,9,17,,25,6527.01587354604,652.701587354604,0.5,H,H,Win,14,12,,25,6527.015873546043,652.7015873546043,0.4,T,T,Win,11,15,,25,32502.448186995884,3250.2448186995884,0.8,H,H,Win,20,6,,25,9750.233588877423,975.0233588877423,0.4,T,T,Win,11,15,,25,14565.163756224301,1456.5163756224301,0.5,T,H,Lose,12,14,,25,17801.86681316303,1780.186681316303,0.7,H,H,Win,18,8,,25,9750.23358887742,975.023358887742,0.7,H,H,Win,17,9,,25,2924.9198242152574,292.49198242152573,0.6,H,H,Win,15,11,,25,7977.463845445162,797.7463845445163,0.5,T,T,Win,13,13,,25,17801.866813163033,1780.1866813163033,0.3,T,T,Win,8,18,,25,11916.952164183518,1191.695216418352,0.6,H,H,Win,16,10,,25,7977.463845445165,797.7463845445166,0.5,T,H,Lose,13,13,,25,7977.463845445165,797.7463845445166,0.6,H,H,Win,16,10,,25,7977.4638454451615,797.7463845445162,0.5,H,H,Win,13,13,,25,11916.952164183516,1191.6952164183517,0.4,T,T,Win,10,16,,25,14565.163756224301,1456.5163756224301,0.4,T,H,Lose,11,15,,25,7977.463845445164,797.7463845445164,0.6,H,T,Lose,15,11,,25,7977.463845445161,797.7463845445161,0.6,H,H,Win,16,10,,25,11916.952164183514,1191.6952164183515,0.6,H,H,Win,16,10,,25,9750.233588877423,975.0233588877423,0.5,T,H,Lose,13,13,,25,5340.285714719489,534.0285714719489,0.5,H,H,Win,14,12,,25,11916.952164183514,1191.6952164183515,0.4,T,T,Win,10,16,,25,7977.463845445163,797.7463845445163,0.5,H,H,Win,14,12,,25,6527.0158735460445,652.7015873546045,0.4,T,H,Lose,11,15,,25,17801.866813163037,1780.1866813163037,0.6,H,H,Win,15,11,,25,2924.919824215258,292.4919824215258,0.5,H,T,Lose,14,12,,25,4369.324675679582,436.93246756795816,0.6,H,T,Lose,15,11,,25,5340.285714719489,534.0285714719489,0.5,T,T,Win,14,12,,25,7977.463845445163,797.7463845445163,0.5,T,H,Lose,13,13,,25,9750.233588877423,975.0233588877423,0.7,H,H,Win,18,8,,25,14565.163756224301,1456.5163756224301,0.6,H,T,Lose,15,11,,25,7977.463845445164,797.7463845445164,0.5,H,H,Win,13,13,,25,9750.23358887742,975.023358887742,0.6,H,T,Lose,15,11,,25,14565.163756224301,1456.5163756224301,0.6,H,H,Win,15,11,,25,17801.86681316303,1780.186681316303,0.7,H,H,Win,18,8,,25,5340.285714719489,534.0285714719489,0.5,T,T,Win,13,13,,25,11916.952164183518,1191.695216418352,0.4,T,T,Win,11,15,,25,9750.233588877423,975.0233588877423,0.5,T,H,Lose,12,14,,25,7977.46384544516,797.746384544516,0.5,H,T,Lose,13,13,,25,11916.952164183509,1191.695216418351,0.4,T,H,Lose,11,15,,25,14565.163756224303,1456.5163756224304,0.3,T,T,Win,9,17,,25,7977.4638454451615,797.7463845445162,0.5,H,H,Win,13,13,,25,14565.163756224298,1456.51637562243,0.4,T,H,Lose,11,15,,25,9750.233588877423,975.0233588877423,0.5,T,H,Lose,13,13,,25,14565.163756224298,1456.51637562243,0.7,H,H,Win,17,9,,25,5340.285714719491,534.0285714719491,0.5,T,T,Win,13,13,,25,14565.163756224301,1456.5163756224301,0.4,T,T,Win,11,15,,25,9750.233588877423,975.0233588877423,0.5,H,T,Lose,12,14,,25,6527.015873546041,652.7015873546042,0.5,T,H,Lose,13,13,,25,5340.285714719489,534.0285714719489,0.6,H,H,Win,15,11,,25,17801.86681316303,1780.186681316303,0.6,H,H,Win,16,10,,25,7977.4638454451615,797.7463845445162,0.5,H,T,Lose,12,14,,25,9750.233588877423,975.0233588877423,0.4,T,T,Win,11,15,,25,6527.015873546041,652.7015873546042,0.6,H,H,Win,15,11,,25,7977.463845445165,797.7463845445166,0.6,H,T,Lose,15,11,,25,9750.233588877423,975.0233588877423,0.5,T,H,Lose,12,14,,25,11916.952164183509,1191.695216418351,0.4,T,T,Win,10,16,,25,21757.837216088148,2175.783721608815,0.7,H,T,Lose,17,9,,25,5340.285714719489,534.0285714719489,0.5,H,T,Lose,14,12,,25,7977.4638454451615,797.7463845445162,0.6,H,H,Win,15,11,,25,7977.463845445162,797.7463845445163,0.6,H,H,Win,16,10,,25,6527.01587354604,652.701587354604,0.5,T,T,Win,12,14,,25,9750.233588877421,975.0233588877422,0.5,T,H,Lose,13,13,,25,17801.86681316303,1780.186681316303,0.3,T,T,Win,8,18,,25,14565.163756224301,1456.5163756224301,0.4,T,H,Lose,11,15,,25,2924.9198242152574,292.49198242152573,0.5,T,T,Win,14,12,,25,7977.463845445162,797.7463845445163,0.6,H,T,Lose,15,11,,25,32502.448186995876,3250.244818699588,0.7,H,T,Lose,19,7,,25,7977.463845445165,797.7463845445166,0.5,T,T,Win,13,13,,25,5340.285714719488,534.0285714719488,0.5,T,H,Lose,13,13,,25,9750.23358887742,975.023358887742,0.7,H,H,Win,17,9,,25,11916.952164183514,1191.6952164183515,0.4,T,H,Lose,11,15,,25,26592.912152996618,2659.291215299662,0.3,T,T,Win,8,18,,25,6527.015873546044,652.7015873546044,0.5,T,T,Win,12,14,,25,7977.463845445165,797.7463845445166,0.5,T,H,Lose,12,14,,25,11916.952164183518,1191.695216418352,0.4,T,H,Lose,11,15,,25,7977.4638454451615,797.7463845445162,0.5,H,H,Win,14,12,,25,5340.285714719489,534.0285714719489,0.5,T,H,Lose,12,14,,25,7977.4638454451615,797.7463845445162,0.5,T,T,Win,12,14,,25,11916.95216418352,1191.695216418352,0.6,H,T,Lose,15,11,,25,17801.866813163033,1780.1866813163033,0.4,T,H,Lose,11,15,,25,9750.233588877423,975.0233588877423,0.5,T,H,Lose,12,14,,25,11916.952164183513,1191.6952164183513,0.6,H,T,Lose,16,10,,25,5340.285714719487,534.0285714719488,0.5,T,H,Lose,12,14,,25,7977.463845445165,797.7463845445166,0.5,H,H,Win,14,12,,25,9750.233588877423,975.0233588877423,0.5,H,T,Lose,13,13,,25,39725.214450772735,3972.5214450772737,0.8,H,H,Win,21,5,,25,9750.23358887742,975.023358887742,0.6,H,H,Win,16,10,,25,9750.23358887742,975.023358887742,0.5,H,H,Win,14,12,,25,11916.952164183514,1191.6952164183515,0.7,H,T,Lose,17,9,,25,11916.952164183505,1191.6952164183506,0.4,T,T,Win,11,15,,25,14565.163756224301,1456.5163756224301,0.3,T,T,Win,9,17,,25,14565.1637562243,1456.5163756224301,0.4,T,H,Lose,10,16,,25,5340.285714719489,534.0285714719489,0.6,H,H,Win,16,10,,25,3574.902007374204,357.4902007374204,0.4,T,T,Win,11,15,,25,9750.23358887742,975.023358887742,0.4,T,T,Win,11,15,,25,17801.866813163033,1780.1866813163033,0.3,T,H,Lose,9,17,,25,5340.28571471949,534.028571471949,0.5,T,H,Lose,14,12,,25,21757.837216088155,2175.7837216088155,0.7,H,T,Lose,17,9,,25,17801.86681316303,1780.186681316303,0.4,T,T,Win,11,15,,25,21757.83721608815,2175.783721608815,0.4,T,H,Lose,10,16,,25,11916.952164183518,1191.695216418352,0.5,H,T,Lose,12,14,,25,7977.463845445165,797.7463845445166,0.6,H,H,Win,16,10,,25,7977.4638454451615,797.7463845445162,0.6,H,T,Lose,15,11,,25,14565.163756224298,1456.51637562243,0.5,H,T,Lose,14,12,,25,9750.233588877423,975.0233588877423,0.6,H,T,Lose,15,11,,25,7977.4638454451615,797.7463845445162,0.6,H,T,Lose,16,10,,25,7977.463845445162,797.7463845445163,0.5,T,T,Win,13,13,,25,7977.46384544516,797.746384544516,0.5,H,H,Win,14,12,,25,6527.015873546044,652.7015873546044,0.6,H,H,Win,16,10,,25,6527.015873546042,652.7015873546043,0.5,T,H,Lose,14,12,,25,5340.285714719491,534.0285714719491,0.5,T,H,Lose,13,13,,25,9750.233588877423,975.0233588877423,0.5,T,T,Win,13,13,,25,17801.86681316303,1780.186681316303,0.3,T,T,Win,8,18,,25,7977.463845445163,797.7463845445163,0.4,T,T,Win,11,15,,25,9750.233588877423,975.0233588877423,0.5,H,T,Lose,13,13,,25,7977.463845445164,797.7463845445164,0.6,H,T,Lose,15,11,,25,9750.233588877418,975.0233588877418,0.6,T,H,Lose,15,11,,25,9750.23358887742,975.023358887742,0.4,T,T,Win,11,15,,25,5340.285714719491,534.0285714719491,0.5,H,H,Win,13,13,,25,7977.4638454451615,797.7463845445162,0.5,T,T,Win,14,12,,25,17801.86681316303,1780.186681316303,0.4,T,H,Lose,10,16,,25,6527.015873546044,652.7015873546044,0.4,T,T,Win,11,15,,25,6527.015873546042,652.7015873546043,0.5,T,H,Lose,12,14,,25,4369.324675679583,436.9324675679584,0.6,H,H,Win,16,10,,25,11916.952164183514,1191.6952164183515,0.5,H,T,Lose,13,13,,25,21757.837216088155,2175.7837216088155,0.3,T,T,Win,9,17,,25,5340.285714719491,534.0285714719491,0.5,T,H,Lose,14,12,,25,2924.919824215258,292.4919824215258,0.5,T,T,Win,12,14,,25,5340.285714719488,534.0285714719488,0.5,T,T,Win,13,13,,25,21757.837216088144,2175.7837216088146,0.7,H,H,Win,18,8,,25,5340.285714719489,534.0285714719489,0.5,H,H,Win,13,13,,25,9750.233588877418,975.0233588877418,0.4,T,T,Win,11,15,,25,11916.952164183513,1191.6952164183513,0.5,H,T,Lose,12,14,,25,14565.163756224292,1456.5163756224292,0.3,T,T,Win,8,18,,25,5340.285714719489,534.0285714719489,0.5,H,T,Lose,14,12,,25,5340.285714719491,534.0285714719491,0.5,H,T,Lose,13,13,,25,11916.952164183514,1191.6952164183515,0.6,H,T,Lose,15,11,,25,11916.952164183514,1191.6952164183515,0.4,T,H,Lose,11,15,,25,14565.163756224301,1456.5163756224301,0.5,T,H,Lose,12,14,,25,7977.463845445162,797.7463845445163,0.5,T,H,Lose,12,14,,25,5340.28571471949,534.028571471949,0.4,T,T,Win,11,15,,25,5340.28571471949,534.028571471949,0.6,H,H,Win,16,10,,25,9750.233588877421,975.0233588877422,0.5,T,T,Win,13,13,,25,11916.952164183514,1191.6952164183515,0.5,H,T,Lose,13,13,,25,4369.3246756795825,436.93246756795827,0.5,H,T,Lose,14,12,,25,6527.01587354604,652.701587354604,0.6,H,T,Lose,16,10,,25,4369.324675679583,436.9324675679584,0.5,H,T,Lose,13,13,,25,6527.0158735460445,652.7015873546045,0.5,T,H,Lose,12,14,,25,5340.28571471949,534.028571471949,0.6,H,H,Win,15,11,,25,6527.015873546042,652.7015873546043,0.6,H,H,Win,16,10,,25,9750.233588877421,975.0233588877422,0.5,H,T,Lose,13,13,,25,5340.285714719492,534.0285714719492,0.5,H,H,Win,14,12,,25,7977.463845445164,797.7463845445164,0.5,T,H,Lose,12,14,,25,5340.285714719488,534.0285714719488,0.6,H,H,Win,16,10,,25,6527.015873546042,652.7015873546043,0.5,T,H,Lose,12,14,,25,11916.952164183518,1191.695216418352,0.5,T,T,Win,14,12,,25,17801.866813163026,1780.1866813163026,0.7,H,H,Win,19,7,,25,14565.163756224296,1456.5163756224297,0.5,T,H,Lose,12,14,,25,17801.866813163033,1780.1866813163033,0.5,T,T,Win,13,13,,25,17801.866813163033,1780.1866813163033,0.7,H,H,Win,17,9,,25,4369.3246756795825,436.93246756795827,0.5,T,T,Win,13,13,,25,4369.3246756795825,436.93246756795827,0.6,H,H,Win,15,11,,25,7977.463845445162,797.7463845445163,0.5,T,T,Win,14,12,,25,9750.233588877418,975.0233588877418,0.4,T,H,Lose,11,15,,25,9750.233588877421,975.0233588877422,0.6,H,H,Win,16,10,,25,9750.233588877425,975.0233588877426,0.4,T,H,Lose,11,15,,25,6527.015873546042,652.7015873546043,0.5,T,H,Lose,12,14,,25,7977.463845445166,797.7463845445167,0.5,T,T,Win,12,14,,25,6527.015873546041,652.7015873546042,0.5,T,H,Lose,13,13,
Lose,,,,,,,,,10.0,,,,,,,,,,12.0,,,,,,,,,,13.0,,,,,,,,,,13.0,,,,,,,,,,12.0,,,,,,,,,,11.0,,,,,,,,,,15.0,,,,,,,,,,14.0,,,,,,,,,,13.0,,,,,,,,,,14.0,,,,,,,,,,14.0,,,,,,,,,,12.0,,,,,,,,,,11.0,,,,,,,,,,10.0,,,,,,,,,,11.0,,,,,,,,,,14.0,,,,,,,,,,12.0,,,,,,,,,,12.0,,,,,,,,,,12.0,,,,,,,,,,12.0,,,,,,,,,,14.0,,,,,,,,,,12.0,,,,,,,,,,15.0,,,,,,,,,,9.0,,,,,,,,,,13.0,,,,,,,,,,14.0,,,,,,,,,,12.0,,,,,,,,,,9.0,,,,,,,,,,15.0,,,,,,,,,,15.0,,,,,,,,,,10.0,,,,,,,,,,12.0,,,,,,,,,,14.0,,,,,,,,,,13.0,,,,,,,,,,15.0,,,,,,,,,,11.0,,,,,,,,,,13.0,,,,,,,,,,13.0,,,,,,,,,,10.0,,,,,,,,,,11.0,,,,,,,,,,12.0,,,,,,,,,,11.0,,,,,,,,,,12.0,,,,,,,,,,12.0,,,,,,,,,,14.0,,,,,,,,,,12.0,,,,,,,,,,11.0,,,,,,,,,,14.0,,,,,,,,,,14.0,,,,,,,,,,10.0,,,,,,,,,,14.0,,,,,,,,,,11.0,,,,,,,,,,12.0,,,,,,,,,,10.0,,,,,,,,,,15.0,,,,,,,,,,13.0,,,,,,,,,,13.0,,,,,,,,,,12.0,,,,,,,,,,16.0,,,,,,,,,,12.0,,,,,,,,,,13.0,,,,,,,,,,14.0,,,,,,,,,,14.0,,,,,,,,,,8.0,,,,,,,,,,11.0,,,,,,,,,,14.0,,,,,,,,,,14.0,,,,,,,,,,13.0,,,,,,,,,,11.0,,,,,,,,,,18.0,,,,,,,,,,17.0,,,,,,,,,,15.0,,,,,,,,,,15.0,,,,,,,,,,11.0,,,,,,,,,,14.0,,,,,,,,,,15.0,,,,,,,,,,15.0,,,,,,,,,,11.0,,,,,,,,,,11.0,,,,,,,,,,12.0,,,,,,,,,,11.0,,,,,,,,,,16.0,,,,,,,,,,11.0,,,,,,,,,,15.0,,,,,,,,,,13.0,,,,,,,,,,17.0,,,,,,,,,,12.0,,,,,,,,,,14.0,,,,,,,,,,11.0,,,,,,,,,,14.0,,,,,,,,,,14.0,,,,,,,,,,18.0,,,,,,,,,,10.0,,,,,,,,,,10.0,,,,,,,,,,14.0,,,,,,,,,,8.0,,,,,,,,,,12.0,,,,,,,,,,14.0,,,,,,,,,,11.0,,,,,,,,,,17.0,,,,,,,,,,13.0,,,,,,,,,,10.0,,,,,,,,,,12.0,,,,,,,,,,11.0,,,,,,,,,,10.0,,,,,,,,,,16.0,,,,,,,,,,12.0,,,,,,,,,,15.0,,,,,,,,,,15.0,,,,,,,,,,12.0,,,,,,,,,,8.0,,,,,,,,,,17.0,,,,,,,,,,18.0,,,,,,,,,,16.0,,,,,,,,,,13.0,,,,,,,,,,13.0,,,,,,,,,,13.0,,,,,,,,,,16.0,,,,,,,,,,15.0,,,,,,,,,,14.0,,,,,,,,,,14.0,,,,,,,,,,9.0,,,,,,,,,,13.0,,,,,,,,,,13.0,,,,,,,,,,9.0,,,,,,,,,,15.0,,,,,,,,,,15.0,,,,,,,,,,12.0,,,,,,,,,,13.0,,,,,,,,,,14.0,,,,,,,,,,12.0,,,,,,,,,,12.0,,,,,,,,,,14.0,,,,,,,,,,10.0,,,,,,,,,,10.0,,,,,,,,,,11.0,,,,,,,,,,14.0,,,,,,,,,,18.0,,,,,,,,,,15.0,,,,,,,,,,12.0,,,,,,,,,,9.0,,,,,,,,,,11.0,,,,,,,,,,15.0,,,,,,,,,,14.0,,,,,,,,,,13.0,,,,,,,,,,12.0,,,,,,,,,,12.0,,,,,,,,,,12.0,,,,,,,,,,16.0,,,,,,,,,,14.0,,,,,,,,,,10.0,,,,,,,,,,16.0,,,,,,,,,,9.0,,,,,,,,,,12.0,,,,,,,,,,12.0,,,,,,,,,,17.0,,,,,,,,,,17.0,,,,,,,,,,16.0,,,,,,,,,,11.0,,,,,,,,,,8.0,,,,,,,,,,11.0,,,,,,,,,,17.0,,,,,,,,,,11.0,,,,,,,,,,17.0,,,,,,,,,,15.0,,,,,,,,,,15.0,,,,,,,,,,12.0,,,,,,,,,,12.0,,,,,,,,,,11.0,,,,,,,,,,9.0,,,,,,,,,,16.0,,,,,,,,,,13.0,,,,,,,,,,13.0,,,,,,,,,,12.0,,,,,,,,,,15.0,,,,,,,,,,10.0,,,,,,,,,,12.0,,,,,,,,,,13.0,,,,,,,,,,13.0,,,,,,,,,,14.0,,,,,,,,,,13.0,,,,,,,,,,11.0,,,,,,,,,,12.0,,,,,,,,,,15.0,,,,,,,,,,15.0,,,,,,,,,,10.0,,,,,,,,,,10.0,,,,,,,,,,8.0,,,,,,,,,,16.0,,,,,,,,,,14.0,,,,,,,,,,14.0,,,,,,,,,,9.0,,,,,,,,,,11.0,,,,,,,,,,11.0,,,,,,,,,,13.0,,,,,,,,,,13.0,,,,,,,,,,13.0,,,,,,,,,,15.0,,,,,,,,,,9.0,,,,,,,,,,7.0,,,,,,,,,,9.0,,,,,,,,,,10.0,,,,,,,,,,17.0,,,,,,,,,,12.0,,,,,,,,,,14.0,,,,,,,,,,13.0,,,,,,,,,,13.0,,,,,,,,,,11.0,,,,,,,,,,11.0,,,,,,,,,,9.0,,,,,,,,,,13.0,,,,,,,,,,14.0,,,,,,,,,,11.0,,,,,,,,,,11.0,,,,,,,,,,17.0,,,,,,,,,,14.0,,,,,,,,,,15.0,,,,,,,,,,9.0,,,,,,,,,,8.0,,,,,,,,,,13.0,,,,,,,,,,14.0,,,,,,,,,,15.0,,,,,,,,,,19.0,,,,,,,,,,16.0,,,,,,,,,,12.0,,,,,,,,,,10.0,,,,,,,,,,15.0,,,,,,,,,,17.0,,,,,,,,,,12.0,,,,,,,,,,15.0,,,,,,,,,,10.0,,,,,,,,,,12.0,,,,,,,,,,14.0,,,,,,,,,,15.0,,,,,,,,,,16.0,,,,,,,,,,11.0,,,,,,,,,,16.0,,,,,,,,,,10.0,,,,,,,,,,11.0,,,,,,,,,,13.0,,,,,,,,,,13.0,,,,,,,,,,13.0,,,,,,,,,,13.0,,,,,,,,,,12.0,,,,,,,,,,11.0,,,,,,,,,,17.0,,,,,,,,,,12.0,,,,,,,,,,9.0,,,,,,,,,,15.0,,,,,,,,,,13.0,,,,,,,,,,8.0,,,,,,,,,,10.0,,,,,,,,,,16.0,,,,,,,,,,15.0,,,,,,,,,,16.0,,,,,,,,,,15.0,,,,,,,,,,15.0,,,,,,,,,,19.0,,,,,,,,,,13.0,,,,,,,,,,13.0,,,,,,,,,,16.0,,,,,,,,,,11.0,,,,,,,,,,10.0,,,,,,,,,,14.0,,,,,,,,,,12.0,,,,,,,,,,16.0,,,,,,,,,,16.0,,,,,,,,,,13.0,,,,,,,,,,14.0,,,,,,,,,,12.0,,,,,,,,,,10.0,,,,,,,,,,15.0,,,,,,,,,,11.0,,,,,,,,,,11.0,,,,,,,,,,12.0,,,,,,,,,,15.0,,,,,,,,,,13.0,,,,,,,,,,12.0,,,,,,,,,,14.0,,,,,,,,,,8.0,,,,,,,,,,12.0,,,,,,,,,,12.0,,,,,,,,,,13.0,,,,,,,,,,13.0,,,,,,,,,,11.0,,,,,,,,,,12.0,,,,,,,,,,9.0,,,,,,,,,,13.0,,,,,,,,,,18.0,,,,,,,,,,11.0,,,,,,,,,,15.0,,,,,,,,,,13.0,,,,,,,,,,13.0,,,,,,,,,,14.0,,,,,,,,,,15.0,,,,,,,,,,15.0,,,,,,,,,,19.0,,,,,,,,,,15.0,,,,,,,,,,12.0,,,,,,,,,,13.0,,,,,,,,,,9.0,,,,,,,,,,13.0,,,,,,,,,,10.0,,,,,,,,,,8.0,,,,,,,,,,9.0,,,,,,,,,,11.0,,,,,,,,,,11.0,,,,,,,,,,13.0,,,,,,,,,,19.0,,,,,,,,,,15.0,,,,,,,,,,12.0,,,,,,,,,,15.0,,,,,,,,,,11.0,,,,,,,,,,17.0,,,,,,,,,,13.0,,,,,,,,,,17.0,,,,,,,,,,11.0,,,,,,,,,,7.0,,,,,,,,,,12.0,,,,,,,,,,13.0,,,,,,,,,,14.0,,,,,,,,,,12.0,,,,,,,,,,13.0,,,,,,,,,,16.0,,,,,,,,,,12.0,,,,,,,,,,12.0,,,,,,,,,,14.0,,,,,,,,,,13.0,,,,,,,,,,15.0,,,,,,,,,,18.0,,,,,,,,,,12.0,,,,,,,,,,17.0,,,,,,,,,,12.0,,,,,,,,,,9.0,,,,,,,,,,12.0,,,,,,,,,,10.0,,,,,,,,,,12.0,,,,,,,,,,15.0,,,,,,,,,,12.0,,,,,,,,,,16.0,,,,,,,,,,6.0,,,,,,,,,,15.0,,,,,,,,,,12.0,,,,,,,,,,12.0,,,,,,,,,,15.0,,,,,,,,,,17.0,,,,,,,,,,15.0,,,,,,,,,,16.0,,,,,,,,,,9.0,,,,,,,,,,15.0,,,,,,,,,,14.0,,,,,,,,,,13.0,,,,,,,,,,11.0,,,,,,,,,,10.0,,,,,,,,,,14.0,,,,,,,,,,15.0,,,,,,,,,,12.0,,,,,,,,,,12.0,,,,,,,,,,17.0,,,,,,,,,,13.0,,,,,,,,,,11.0,,,,,,,,,,9.0,,,,,,,,,,12.0,,,,,,,,,,13.0,,,,,,,,,,12.0,,,,,,,,,,9.0,,,,,,,,,,17.0,,,,,,,,,,11.0,,,,,,,,,,11.0,,,,,,,,,,14.0,,,,,,,,,,12.0,,,,,,,,,,17.0,,,,,,,,,,10.0,,,,,,,,,,17.0,,,,,,,,,,17.0,,,,,,,,,,11.0,,,,,,,,,,15.0,,,,,,,,,,16.0,,,,,,,,,,12.0,,,,,,,,,,10.0,,,,,,,,,,11.0,,,,,,,,,,11.0,,,,,,,,,,13.0,,,,,,,,,,10.0,,,,,,,,,,12.0,,,,,,,,,,10.0,,,,,,,,,,20.0,,,,,,,,,,14.0,,,,,,,,,,10.0,,,,,,,,,,16.0,,,,,,,,,,11.0,,,,,,,,,,15.0,,,,,,,,,,14.0,,,,,,,,,,7.0,,,,,,,,,,10.0,,,,,,,,,,10.0,,,,,,,,,,16.0,,,,,,,,,,15.0,,,,,,,,,,12.0,,,,,,,,,,15.0,,,,,,,,,,13.0,,,,,,,,,,12.0,,,,,,,,,,15.0,,,,,,,,,,15.0,,,,,,,,,,12.0,,,,,,,,,,10.0,,,,,,,,,,16.0,,,,,,,,,,12.0,,,,,,,,,,15.0,,,,,,,,,,17.0,,,,,,,,,,14.0,,,,,,,,,,11.0,,,,,,,,,,16.0,,,,,,,,,,15.0,,,,,,,,,,12.0,,,,,,,,,,13.0,,,,,,,,,,12.0,,,,,,,,,,15.0,,,,,,,,,,15.0,,,,,,,,,,11.0,,,,,,,,,,12.0,,,,,,,,,,16.0,,,,,,,,,,10.0,,,,,,,,,,15.0,,,,,,,,,,13.0,,,,,,,,,,11.0,,,,,,,,,,15.0,,,,,,,,,,15.0,,,,,,,,,,15.0,,,,,,,,,,18.0,,,,,,,,,,12.0,,,,,,,,,,17.0,,,,,,,,,,19.0,,,,,,,,,,14.0,,,,,,,,,,14.0,,,,,,,,,,14.0,,,,,,,,,,16.0,,,,,,,,,,11.0,,,,,,,,,,18.0,,,,,,,,,,13.0,,,,,,,,,,8.0,,,,,,,,,,13.0,,,,,,,,,,16.0,,,,,,,,,,17.0,,,,,,,,,,13.0,,,,,,,,,,14.0,,,,,,,,,,13.0,,,,,,,,,,17.0,,,,,,,,,,15.0,,,,,,,,,,15.0,,,,,,,,,,13.0,,,,,,,,,,13.0,,,,,,,,,,14.0,,,,,,,,,,9.0,,,,,,,,,,11.0,,,,,,,,,,18.0,,,,,,,,,,13.0,,,,,,,,,,11.0,,,,,,,,,,14.0,,,,,,,,,,13.0,,,,,,,,,,14.0,,,,,,,,,,13.0,,,,,,,,,,16.0,,,,,,,,,,11.0,,,,,,,,,,13.0,,,,,,,,,,13.0,,,,,,,,,,15.0,,,,,,,,,,15.0,,,,,,,,,,12.0,,,,,,,,,,11.0,,,,,,,,,,14.0,,,,,,,,,,13.0,,,,,,,,,,10.0,,,,,,,,,,12.0,,,,,,,,,,11.0,,,,,,,,,,14.0,,,,,,,,,,10.0,,,,,,,,,,15.0,,,,,,,,,,13.0,,,,,,,,,,11.0,,,,,,,,,,10.0,,,,,,,,,,16.0,,,,,,,,,,16.0,,,,,,,,,,8.0,,,,,,,,,,13.0,,,,,,,,,,16.0,,,,,,,,,,14.0,,,,,,,,,,8.0,,,,,,,,,,11.0,,,,,,,,,,11.0,,,,,,,,,,15.0,,,,,,,,,,10.0,,,,,,,,,,11.0,,,,,,,,,,10.0,,,,,,,,,,14.0,,,,,,,,,,14.0,,,,,,,,,,9.0,,,,,,,,,,11.0,,,,,,,,,,13.0,,,,,,,,,,18.0,,,,,,,,,,12.0,,,,,,,,,,8.0,,,,,,,,,,14.0,,,,,,,,,,14.0,,,,,,,,,,10.0,,,,,,,,,,14.0,,,,,,,,,,9.0,,,,,,,,,,17.0,,,,,,,,,,12.0,,,,,,,,,,10.0,,,,,,,,,,13.0,,,,,,,,,,11.0,,,,,,,,,,15.0,,,,,,,,,,13.0,,,,,,,,,,15.0,,,,,,,,,,12.0,,,,,,,,,,7.0,,,,,,,,,,7.0,,,,,,,,,,12.0,,,,,,,,,,11.0,,,,,,,,,,13.0,,,,,,,,,,13.0,,,,,,,,,,10.0,,,,,,,,,,10.0,,,,,,,,,,8.0,,,,,,,,,,15.0,,,,,,,,,,10.0,,,,,,,,,,13.0,,,,,,,,,,13.0,,,,,,,,,,12.0,,,,,,,,,,12.0,,,,,,,,,,19.0,,,,,,,,,,11.0,,,,,,,,,,18.0,,,,,,,,,,17.0,,,,,,,,,,12.0,,,,,,,,,,11.0,,,,,,,,,,10.0,,,,,,,,,,15.0,,,,,,,,,,14.0,,,,,,,,,,12.0,,,,,,,,,,7.0,,,,,,,,,,12.0,,,,,,,,,,11.0,,,,,,,,,,11.0,,,,,,,,,,12.0,,,,,,,,,,11.0,,,,,,,,,,14.0,,,,,,,,,,18.0,,,,,,,,,,12.0,,,,,,,,,,13.0,,,,,,,,,,12.0,,,,,,,,,,15.0,,,,,,,,,,15.0,,,,,,,,,,8.0,,,,,,,,,,10.0,,,,,,,,,,13.0,,,,,,,,,,12.0,,,,,,,,,,17.0,,,,,,,,,,12.0,,,,,,,,,,12.0,,,,,,,,,,15.0,,,,,,,,,,9.0,,,,,,,,,,17.0,,,,,,,,,,15.0,,,,,,,,,,16.0,,,,,,,,,,8.0,,,,,,,,,,11.0,,,,,,,,,,14.0,,,,,,,,,,12.0,,,,,,,,,,16.0,,,,,,,,,,13.0,,,,,,,,,,13.0,,,,,,,,,,12.0,,,,,,,,,,15.0,,,,,,,,,,14.0,,,,,,,,,,14.0,,,,,,,,,,14.0,,,,,,,,,,15.0,,,,,,,,,,9.0,,,,,,,,,,13.0,,,,,,,,,,11.0,,,,,,,,,,12.0,,,,,,,,,,18.0,,,,,,,,,,10.0,,,,,,,,,,11.0,,,,,,,,,,13.0,,,,,,,,,,12.0,,,,,,,,,,16.0,,,,,,,,,,12.0,,,,,,,,,,10.0,,,,,,,,,,9.0,,,,,,,,,,12.0,,,,,,,,,,16.0,,,,,,,,,,7.0,,,,,,,,,,15.0,,,,,,,,,,9.0,,,,,,,,,,18.0,,,,,,,,,,14.0,,,,,,,,,,11.0,,,,,,,,,,12.0,,,,,,,,,,11.0,,,,,,,,,,11.0,,,,,,,,,,19.0,,,,,,,,,,15.0,,,,,,,,,,10.0,,,,,,,,,,12.0,,,,,,,,,,13.0,,,,,,,,,,13.0,,,,,,,,,,17.0,,,,,,,,,,13.0,,,,,,,,,,16.0,,,,,,,,,,14.0,,,,,,,,,,16.0,,,,,,,,,,12.0,,,,,,,,,,10.0,,,,,,,,,,7.0,,,,,,,,,,13.0,,,,,,,,,,17.0,,,,,,,,,,12.0,,,,,,,,,,14.0,,,,,,,,,,15.0,,,,,,,,,,10.0,,,,,,,,,,16.0,,,,,,,,,,13.0,,,,,,,,,,12.0,,,,,,,,,,13.0,,,,,,,,,,11.0,,,,,,,,,,12.0,,,,,,,,,,13.0,,,,,,,,,,8.0,,,,,,,,,,8.0,,,,,,,,,,12.0,,,,,,,,,,12.0,,,,,,,,,,10.0,,,,,,,,,,15.0,,,,,,,,,,15.0,,,,,,,,,,8.0,,,,,,,,,,15.0,,,,,,,,,,15.0,,,,,,,,,,14.0,,,,,,,,,,10.0,,,,,,,,,,15.0,,,,,,,,,,10.0,,,,,,,,,,19.0,,,,,,,,,,13.0,,,,,,,,,,14.0,,,,,,,,,,17.0,,,,,,,,,,16.0,,,,,,,,,,11.0,,,,,,,,,,11.0,,,,,,,,,,17.0,,,,,,,,,,12.0,,,,,,,,,,14.0,,,,,,,,,,8.0,,,,,,,,,,16.0,,,,,,,,,,13.0,,,,,,,,,,15.0,,,,,,,,,,12.0,,,,,,,,,,17.0,,,,,,,,,,8.0,,,,,,,,,,15.0,,,,,,,,,,9.0,,,,,,,,,,12.0,,,,,,,,,,15.0,,,,,,,,,,10.0,,,,,,,,,,10.0,,,,,,,,,,17.0,,,,,,,,,,14.0,,,,,,,,,,11.0,,,,,,,,,,16.0,,,,,,,,,,11.0,,,,,,,,,,16.0,,,,,,,,,,11.0,,,,,,,,,,12.0,,,,,,,,,,10.0,,,,,,,,,,12.0,,,,,,,,,,14.0,,,,,,,,,,15.0,,,,,,,,,,8.0,,,,,,,,,,14.0,,,,,,,,,,12.0,,,,,,,,,,10.0,,,,,,,,,,10.0,,,,,,,,,,12.0,,,,,,,,,,15.0,,,,,,,,,,8.0,,,,,,,,,,14.0,,,,,,,,,,12.0,,,,,,,,,,8.0,,,,,,,,,,13.0,,,,,,,,,,16.0,,,,,,,,,,16.0,,,,,,,,,,13.0,,,,,,,,,,14.0,,,,,,,,,,12.0,,,,,,,,,,13.0,,,,,,,,,,16.0,,,,,,,,,,11.0,,,,,,,,,,11.0,,,,,,,,,,17.0,,,,,,,,,,13.0,,,,,,,,,,14.0,,,,,,,,,,18.0,,,,,,,,,,12.0,,,,,,,,,,12.0,,,,,,,,,,14.0,,,,,,,,,,11.0,,,,,,,,,,13.0,,,,,,,,,,14.0,,,,,,,,,,8.0,,,,,,,,,,15.0,,,,,,,,,,5.0,,,,,,,,,,15.0,,,,,,,,,,13.0,,,,,,,,,,12.0,,,,,,,,,,15.0,,,,,,,,,,14.0,,,,,,,,,,14.0,,,,,,,,,,12.0,,,,,,,,,,14.0,,,,,,,,,,17.0,,,,,,,,,,13.0,,,,,,,,,,10.0,,,,,,,,,,10.0,,,,,,,,,,11.0,,,,,,,,,,11.0,,,,,,,,,,12.0,,,,,,,,,,12.0,,,,,,,,,,8.0,,,,,,,,,,9.0,,,,,,,,,,15.0,,,,,,,,,,16.0,,,,,,,,,,13.0,,,,,,,,,,16.0,,,,,,,,,,15.0,,,,,,,,,,13.0,,,,,,,,,,16.0,,,,,,,,,,14.0,,,,,,,,,,13.0,,,,,,,,,,17.0,,,,,,,,,,15.0,,,,,,,,,,10.0,,,,,,,,,,13.0,,,,,,,,,,11.0,,,,,,,,,,14.0,,,,,,,,,,10.0,,,,,,,,,,11.0,,,,,,,,,,12.0,,,,,,,,,,10.0,,,,,,,,,,11.0,,,,,,,,,,13.0,,,,,,,,,,16.0,,,,,,,,,,14.0,,,,,,,,,,15.0,,,,,,,,,,11.0,,,,,,,,,,13.0,,,,,,,,,,12.0,,,,,,,,,,13.0,,,,,,,,,,15.0,,,,,,,,,,8.0,,,,,,,,,,14.0,,,,,,,,,,17.0,,,,,,,,,,9.0,,,,,,,,,,14.0,,,,,,,,,,12.0,,,,,,,,,,9.0,,,,,,,,,,13.0,,,,,,,,,,13.0,,,,,,,,,,13.0,,,,,,,,,,15.0,,,,,,,,,,13.0,,,,,,,,,,9.0,,,,,,,,,,11.0,,,,,,,,,,10.0,,,,,,,,,,13.0,,,,,,,,,,14.0,,,,,,,,,,11.0,,,,,,,,,,13.0,,,,,,,,,,16.0,,,,,,,,,,10.0,,,,,,,,,,13.0,,,,,,,,,,16.0,,,,,,,,,,16.0,,,,,,,,,,13.0,,,,,,,,,,11.0,,,,,,,,,,13.0,,,,,,,,,,14.0,,,,,,,,,,15.0,,,,,,,,,,11.0,,,,,,,,,,12.0,,,,,,,,,,11.0,,,,,,,,,,12.0,,,,,,,,,,11.0,,,,,,,,,,11.0,,,,,,,,,,12.0,,,,,,,,,,15.0,,,,,,,,,,11.0,,,,,,,,,,15.0,,,,,,,,,,16.0,,,,,,,,,,18.0,,,,,,,,,,13.0,,,,,,,,,,15.0,,,,,,,,,,14.0,,,,,,,,,,19.0,,,,,,,,,,16.0,,,,,,,,,,12.0,,,,,,,,,,14.0,,,,,,,,,,12.0,,,,,,,,,,16.0,,,,,,,,,,9.0,,,,,,,,,,15.0,,,,,,,,,,15.0,,,,,,,,,,11.0,,,,,,,,,,13.0,,,,,,,,,,8.0,,,,,,,,,,13.0,,,,,,,,,,16.0,,,,,,,,,,14.0,,,,,,,,,,13.0,,,,,,,,,,12.0,,,,,,,,,,19.0,,,,,,,,,,14.0,,,,,,,,,,11.0,,,,,,,,,,9.0,,,,,,,,,,16.0,,,,,,,,,,12.0,,,,,,,,,,11.0,,,,,,,,,,10.0,,,,,,,,,,10.0,,,,,,,,,,14.0,,,,,,,,,,14.0,,,,,,,,,,6.0,,,,,,,,,,12.0,,,,,,,,,,11.0,,,,,,,,,,9.0,,,,,,,,,,12.0,,,,,,,,,,18.0,,,,,,,,,,13.0,,,,,,,,,,9.0,,,,,,,,,,11.0,,,,,,,,,,14.0,,,,,,,,,,13.0,,,,,,,,,,13.0,,,,,,,,,,11.0,,,,,,,,,,11.0,,,,,,,,,,14.0,,,,,,,,,,13.0,,,,,,,,,,11.0,,,,,,,,,,13.0,,,,,,,,,,15.0,,,,,,,,,,11.0,,,,,,,,,,13.0,,,,,,,,,,15.0,,,,,,,,,,9.0,,,,,,,,,,19.0,,,,,,,,,,17.0,,,,,,,,,,15.0,,,,,,,,,,14.0,,,,,,,,,,12.0,,,,,,,,,,11.0,,,,,,,,,,13.0,,,,,,,,,,13.0,,,,,,,,,,10.0,,,,,,,,,,9.0,,,,,,,,,,15.0,,,,,,,,,,11.0,,,,,,,,,,13.0,,,,,,,,,,14.0,,,,,,,,,,12.0,,,,,,,,,,10.0,,,,,,,,,,13.0,,,,,,,,,,11.0,,,,,,,,,,13.0,,,,,,,,,,10.0,,,,,,,,,,15.0,,,,,,,,,,10.0,,,,,,,,,,13.0,,,,,,,,,,15.0,,,,,,,,,,15.0,,,,,,,,,,9.0,,,,,,,,,,14.0,,,,,,,,,,12.0,,,,,,,,,,14.0,,,,,,,,,,14.0,,,,,,,,,,13.0,,,,,,,,,,11.0,,,,,,,,,,9.0,,,,,,,,,,16.0,,,,,,,,,,13.0,,,,,,,,,,13.0,,,,,,,,,,14.0,,,,,,,,,,13.0,,,,,,,,,,9.0,,,,,,,,,,11.0,,,,,,,,,,18.0,,,,,,,,,,14.0,,,,,,,,,,7.0,,,,,,,,,,13.0,,,,,,,,,,16.0,,,,,,,,,,12.0,,,,,,,,,,12.0,,,,,,,,,,7.0,,,,,,,,,,14.0,,,,,,,,,,14.0,,,,,,,,,,12.0,,,,,,,,,,13.0,,,,,,,,,,16.0,,,,,,,,,,13.0,,,,,,,,,,12.0,,,,,,,,,,10.0,,,,,,,,,,13.0,,,,,,,,,,12.0,,,,,,,,,,16.0,,,,,,,,,,13.0,,,,,,,,,,13.0,,,,,,,,,,5.0,,,,,,,,,,12.0,,,,,,,,,,12.0,,,,,,,,,,12.0,,,,,,,,,,11.0,,,,,,,,,,10.0,,,,,,,,,,11.0,,,,,,,,,,15.0,,,,,,,,,,17.0,,,,,,,,,,12.0,,,,,,,,,,10.0,,,,,,,,,,16.0,,,,,,,,,,9.0,,,,,,,,,,9.0,,,,,,,,,,9.0,,,,,,,,,,12.0,,,,,,,,,,13.0,,,,,,,,,,14.0,,,,,,,,,,11.0,,,,,,,,,,13.0,,,,,,,,,,14.0,,,,,,,,,,13.0,,,,,,,,,,13.0,,,,,,,,,,14.0,,,,,,,,,,15.0,,,,,,,,,,16.0,,,,,,,,,,12.0,,,,,,,,,,9.0,,,,,,,,,,13.0,,,,,,,,,,13.0,,,,,,,,,,14.0,,,,,,,,,,13.0,,,,,,,,,,12.0,,,,,,,,,,15.0,,,,,,,,,,13.0,,,,,,,,,,10.0,,,,,,,,,,14.0,,,,,,,,,,15.0,,,,,,,,,,16.0,,,,,,,,,,12.0,,,,,,,,,,8.0,,,,,,,,,,16.0,,,,,,,,,,18.0,,,,,,,,,,15.0,,,,,,,,,,8.0,,,,,,,,,,15.0,,,,,,,,,,12.0,,,,,,,,,,12.0,,,,,,,,,,10.0,,,,,,,,,,16.0,,,,,,,,,,16.0,,,,,,,,,,12.0,,,,,,,,,,12.0,,,,,,,,,,11.0,,,,,,,,,,14.0,,,,,,,,,,15.0,,,,,,,,,,15.0,,,,,,,,,,12.0,,,,,,,,,,12.0,,,,,,,,,,17.0,,,,,,,,,,15.0,,,,,,,,,,17.0,,,,,,,,,,15.0,,,,,,,,,,15.0,,,,,,,,,,14.0,,,,,,,,,,13.0,,,,,,,,,,15.0,,,,,,,,,,14.0,,,,,,,,,,15.0,,,,,,,,,,15.0,,,,,,,,,,11.0,,,,,,,,,,9.0,,,,,,,,,,11.0,,,,,,,,,,9.0,,,,,,,,,,9.0,,,,,,,,,,16.0,,,,,,,,,,16.0,,,,,,,,,,13.0,,,,,,,,,,13.0,,,,,,,,,,12.0,,,,,,,,,,13.0,,,,,,,,,,15.0,,,,,,,,,,13.0,,,,,,,,,,15.0
Win,,,,,,,,,16.0,,,,,,,,,,14.0,,,,,,,,,,13.0,,,,,,,,,,13.0,,,,,,,,,,14.0,,,,,,,,,,15.0,,,,,,,,,,11.0,,,,,,,,,,12.0,,,,,,,,,,13.0,,,,,,,,,,12.0,,,,,,,,,,12.0,,,,,,,,,,14.0,,,,,,,,,,15.0,,,,,,,,,,16.0,,,,,,,,,,15.0,,,,,,,,,,12.0,,,,,,,,,,14.0,,,,,,,,,,14.0,,,,,,,,,,14.0,,,,,,,,,,14.0,,,,,,,,,,12.0,,,,,,,,,,14.0,,,,,,,,,,11.0,,,,,,,,,,17.0,,,,,,,,,,13.0,,,,,,,,,,12.0,,,,,,,,,,14.0,,,,,,,,,,17.0,,,,,,,,,,11.0,,,,,,,,,,11.0,,,,,,,,,,16.0,,,,,,,,,,14.0,,,,,,,,,,12.0,,,,,,,,,,13.0,,,,,,,,,,11.0,,,,,,,,,,15.0,,,,,,,,,,13.0,,,,,,,,,,13.0,,,,,,,,,,16.0,,,,,,,,,,15.0,,,,,,,,,,14.0,,,,,,,,,,15.0,,,,,,,,,,14.0,,,,,,,,,,14.0,,,,,,,,,,12.0,,,,,,,,,,14.0,,,,,,,,,,15.0,,,,,,,,,,12.0,,,,,,,,,,12.0,,,,,,,,,,16.0,,,,,,,,,,12.0,,,,,,,,,,15.0,,,,,,,,,,14.0,,,,,,,,,,16.0,,,,,,,,,,11.0,,,,,,,,,,13.0,,,,,,,,,,13.0,,,,,,,,,,14.0,,,,,,,,,,10.0,,,,,,,,,,14.0,,,,,,,,,,13.0,,,,,,,,,,12.0,,,,,,,,,,12.0,,,,,,,,,,18.0,,,,,,,,,,15.0,,,,,,,,,,12.0,,,,,,,,,,12.0,,,,,,,,,,13.0,,,,,,,,,,15.0,,,,,,,,,,8.0,,,,,,,,,,9.0,,,,,,,,,,11.0,,,,,,,,,,11.0,,,,,,,,,,15.0,,,,,,,,,,12.0,,,,,,,,,,11.0,,,,,,,,,,11.0,,,,,,,,,,15.0,,,,,,,,,,15.0,,,,,,,,,,14.0,,,,,,,,,,15.0,,,,,,,,,,10.0,,,,,,,,,,15.0,,,,,,,,,,11.0,,,,,,,,,,13.0,,,,,,,,,,9.0,,,,,,,,,,14.0,,,,,,,,,,12.0,,,,,,,,,,15.0,,,,,,,,,,12.0,,,,,,,,,,12.0,,,,,,,,,,8.0,,,,,,,,,,16.0,,,,,,,,,,16.0,,,,,,,,,,12.0,,,,,,,,,,18.0,,,,,,,,,,14.0,,,,,,,,,,12.0,,,,,,,,,,15.0,,,,,,,,,,9.0,,,,,,,,,,13.0,,,,,,,,,,16.0,,,,,,,,,,14.0,,,,,,,,,,15.0,,,,,,,,,,16.0,,,,,,,,,,10.0,,,,,,,,,,14.0,,,,,,,,,,11.0,,,,,,,,,,11.0,,,,,,,,,,14.0,,,,,,,,,,18.0,,,,,,,,,,9.0,,,,,,,,,,8.0,,,,,,,,,,10.0,,,,,,,,,,13.0,,,,,,,,,,13.0,,,,,,,,,,13.0,,,,,,,,,,10.0,,,,,,,,,,11.0,,,,,,,,,,12.0,,,,,,,,,,12.0,,,,,,,,,,17.0,,,,,,,,,,13.0,,,,,,,,,,13.0,,,,,,,,,,17.0,,,,,,,,,,11.0,,,,,,,,,,11.0,,,,,,,,,,14.0,,,,,,,,,,13.0,,,,,,,,,,12.0,,,,,,,,,,14.0,,,,,,,,,,14.0,,,,,,,,,,12.0,,,,,,,,,,16.0,,,,,,,,,,16.0,,,,,,,,,,15.0,,,,,,,,,,12.0,,,,,,,,,,8.0,,,,,,,,,,11.0,,,,,,,,,,14.0,,,,,,,,,,17.0,,,,,,,,,,15.0,,,,,,,,,,11.0,,,,,,,,,,12.0,,,,,,,,,,13.0,,,,,,,,,,14.0,,,,,,,,,,14.0,,,,,,,,,,14.0,,,,,,,,,,10.0,,,,,,,,,,12.0,,,,,,,,,,16.0,,,,,,,,,,10.0,,,,,,,,,,17.0,,,,,,,,,,14.0,,,,,,,,,,14.0,,,,,,,,,,9.0,,,,,,,,,,9.0,,,,,,,,,,10.0,,,,,,,,,,15.0,,,,,,,,,,18.0,,,,,,,,,,15.0,,,,,,,,,,9.0,,,,,,,,,,15.0,,,,,,,,,,9.0,,,,,,,,,,11.0,,,,,,,,,,11.0,,,,,,,,,,14.0,,,,,,,,,,14.0,,,,,,,,,,15.0,,,,,,,,,,17.0,,,,,,,,,,10.0,,,,,,,,,,13.0,,,,,,,,,,13.0,,,,,,,,,,14.0,,,,,,,,,,11.0,,,,,,,,,,16.0,,,,,,,,,,14.0,,,,,,,,,,13.0,,,,,,,,,,13.0,,,,,,,,,,12.0,,,,,,,,,,13.0,,,,,,,,,,15.0,,,,,,,,,,14.0,,,,,,,,,,11.0,,,,,,,,,,11.0,,,,,,,,,,16.0,,,,,,,,,,16.0,,,,,,,,,,18.0,,,,,,,,,,10.0,,,,,,,,,,12.0,,,,,,,,,,12.0,,,,,,,,,,17.0,,,,,,,,,,15.0,,,,,,,,,,15.0,,,,,,,,,,13.0,,,,,,,,,,13.0,,,,,,,,,,13.0,,,,,,,,,,11.0,,,,,,,,,,17.0,,,,,,,,,,19.0,,,,,,,,,,17.0,,,,,,,,,,16.0,,,,,,,,,,9.0,,,,,,,,,,14.0,,,,,,,,,,12.0,,,,,,,,,,13.0,,,,,,,,,,13.0,,,,,,,,,,15.0,,,,,,,,,,15.0,,,,,,,,,,17.0,,,,,,,,,,13.0,,,,,,,,,,12.0,,,,,,,,,,15.0,,,,,,,,,,15.0,,,,,,,,,,9.0,,,,,,,,,,12.0,,,,,,,,,,11.0,,,,,,,,,,17.0,,,,,,,,,,18.0,,,,,,,,,,13.0,,,,,,,,,,12.0,,,,,,,,,,11.0,,,,,,,,,,7.0,,,,,,,,,,10.0,,,,,,,,,,14.0,,,,,,,,,,16.0,,,,,,,,,,11.0,,,,,,,,,,9.0,,,,,,,,,,14.0,,,,,,,,,,11.0,,,,,,,,,,16.0,,,,,,,,,,14.0,,,,,,,,,,12.0,,,,,,,,,,11.0,,,,,,,,,,10.0,,,,,,,,,,15.0,,,,,,,,,,10.0,,,,,,,,,,16.0,,,,,,,,,,15.0,,,,,,,,,,13.0,,,,,,,,,,13.0,,,,,,,,,,13.0,,,,,,,,,,13.0,,,,,,,,,,14.0,,,,,,,,,,15.0,,,,,,,,,,9.0,,,,,,,,,,14.0,,,,,,,,,,17.0,,,,,,,,,,11.0,,,,,,,,,,13.0,,,,,,,,,,18.0,,,,,,,,,,16.0,,,,,,,,,,10.0,,,,,,,,,,11.0,,,,,,,,,,10.0,,,,,,,,,,11.0,,,,,,,,,,11.0,,,,,,,,,,7.0,,,,,,,,,,13.0,,,,,,,,,,13.0,,,,,,,,,,10.0,,,,,,,,,,15.0,,,,,,,,,,16.0,,,,,,,,,,12.0,,,,,,,,,,14.0,,,,,,,,,,10.0,,,,,,,,,,10.0,,,,,,,,,,13.0,,,,,,,,,,12.0,,,,,,,,,,14.0,,,,,,,,,,16.0,,,,,,,,,,11.0,,,,,,,,,,15.0,,,,,,,,,,15.0,,,,,,,,,,14.0,,,,,,,,,,11.0,,,,,,,,,,13.0,,,,,,,,,,14.0,,,,,,,,,,12.0,,,,,,,,,,18.0,,,,,,,,,,14.0,,,,,,,,,,14.0,,,,,,,,,,13.0,,,,,,,,,,13.0,,,,,,,,,,15.0,,,,,,,,,,14.0,,,,,,,,,,17.0,,,,,,,,,,13.0,,,,,,,,,,8.0,,,,,,,,,,15.0,,,,,,,,,,11.0,,,,,,,,,,13.0,,,,,,,,,,13.0,,,,,,,,,,12.0,,,,,,,,,,11.0,,,,,,,,,,11.0,,,,,,,,,,7.0,,,,,,,,,,11.0,,,,,,,,,,14.0,,,,,,,,,,13.0,,,,,,,,,,17.0,,,,,,,,,,13.0,,,,,,,,,,16.0,,,,,,,,,,18.0,,,,,,,,,,17.0,,,,,,,,,,15.0,,,,,,,,,,15.0,,,,,,,,,,13.0,,,,,,,,,,7.0,,,,,,,,,,11.0,,,,,,,,,,14.0,,,,,,,,,,11.0,,,,,,,,,,15.0,,,,,,,,,,9.0,,,,,,,,,,13.0,,,,,,,,,,9.0,,,,,,,,,,15.0,,,,,,,,,,19.0,,,,,,,,,,14.0,,,,,,,,,,13.0,,,,,,,,,,12.0,,,,,,,,,,14.0,,,,,,,,,,13.0,,,,,,,,,,10.0,,,,,,,,,,14.0,,,,,,,,,,14.0,,,,,,,,,,12.0,,,,,,,,,,13.0,,,,,,,,,,11.0,,,,,,,,,,8.0,,,,,,,,,,14.0,,,,,,,,,,9.0,,,,,,,,,,14.0,,,,,,,,,,17.0,,,,,,,,,,14.0,,,,,,,,,,16.0,,,,,,,,,,14.0,,,,,,,,,,11.0,,,,,,,,,,14.0,,,,,,,,,,10.0,,,,,,,,,,20.0,,,,,,,,,,11.0,,,,,,,,,,14.0,,,,,,,,,,14.0,,,,,,,,,,11.0,,,,,,,,,,9.0,,,,,,,,,,11.0,,,,,,,,,,10.0,,,,,,,,,,17.0,,,,,,,,,,11.0,,,,,,,,,,12.0,,,,,,,,,,13.0,,,,,,,,,,15.0,,,,,,,,,,16.0,,,,,,,,,,12.0,,,,,,,,,,11.0,,,,,,,,,,14.0,,,,,,,,,,14.0,,,,,,,,,,9.0,,,,,,,,,,13.0,,,,,,,,,,15.0,,,,,,,,,,17.0,,,,,,,,,,14.0,,,,,,,,,,13.0,,,,,,,,,,14.0,,,,,,,,,,17.0,,,,,,,,,,9.0,,,,,,,,,,15.0,,,,,,,,,,15.0,,,,,,,,,,12.0,,,,,,,,,,14.0,,,,,,,,,,9.0,,,,,,,,,,16.0,,,,,,,,,,9.0,,,,,,,,,,9.0,,,,,,,,,,15.0,,,,,,,,,,11.0,,,,,,,,,,10.0,,,,,,,,,,14.0,,,,,,,,,,16.0,,,,,,,,,,15.0,,,,,,,,,,15.0,,,,,,,,,,13.0,,,,,,,,,,16.0,,,,,,,,,,14.0,,,,,,,,,,16.0,,,,,,,,,,6.0,,,,,,,,,,12.0,,,,,,,,,,16.0,,,,,,,,,,10.0,,,,,,,,,,15.0,,,,,,,,,,11.0,,,,,,,,,,12.0,,,,,,,,,,19.0,,,,,,,,,,16.0,,,,,,,,,,16.0,,,,,,,,,,10.0,,,,,,,,,,11.0,,,,,,,,,,14.0,,,,,,,,,,11.0,,,,,,,,,,13.0,,,,,,,,,,14.0,,,,,,,,,,11.0,,,,,,,,,,11.0,,,,,,,,,,14.0,,,,,,,,,,16.0,,,,,,,,,,10.0,,,,,,,,,,14.0,,,,,,,,,,11.0,,,,,,,,,,9.0,,,,,,,,,,12.0,,,,,,,,,,15.0,,,,,,,,,,10.0,,,,,,,,,,11.0,,,,,,,,,,14.0,,,,,,,,,,13.0,,,,,,,,,,14.0,,,,,,,,,,11.0,,,,,,,,,,11.0,,,,,,,,,,15.0,,,,,,,,,,14.0,,,,,,,,,,10.0,,,,,,,,,,16.0,,,,,,,,,,11.0,,,,,,,,,,13.0,,,,,,,,,,15.0,,,,,,,,,,11.0,,,,,,,,,,11.0,,,,,,,,,,11.0,,,,,,,,,,8.0,,,,,,,,,,14.0,,,,,,,,,,9.0,,,,,,,,,,7.0,,,,,,,,,,12.0,,,,,,,,,,12.0,,,,,,,,,,12.0,,,,,,,,,,10.0,,,,,,,,,,15.0,,,,,,,,,,8.0,,,,,,,,,,13.0,,,,,,,,,,18.0,,,,,,,,,,13.0,,,,,,,,,,10.0,,,,,,,,,,9.0,,,,,,,,,,13.0,,,,,,,,,,12.0,,,,,,,,,,13.0,,,,,,,,,,9.0,,,,,,,,,,11.0,,,,,,,,,,11.0,,,,,,,,,,13.0,,,,,,,,,,13.0,,,,,,,,,,12.0,,,,,,,,,,17.0,,,,,,,,,,15.0,,,,,,,,,,8.0,,,,,,,,,,13.0,,,,,,,,,,15.0,,,,,,,,,,12.0,,,,,,,,,,13.0,,,,,,,,,,12.0,,,,,,,,,,13.0,,,,,,,,,,10.0,,,,,,,,,,15.0,,,,,,,,,,13.0,,,,,,,,,,13.0,,,,,,,,,,11.0,,,,,,,,,,11.0,,,,,,,,,,14.0,,,,,,,,,,15.0,,,,,,,,,,12.0,,,,,,,,,,13.0,,,,,,,,,,16.0,,,,,,,,,,14.0,,,,,,,,,,15.0,,,,,,,,,,12.0,,,,,,,,,,16.0,,,,,,,,,,11.0,,,,,,,,,,13.0,,,,,,,,,,15.0,,,,,,,,,,16.0,,,,,,,,,,10.0,,,,,,,,,,10.0,,,,,,,,,,18.0,,,,,,,,,,13.0,,,,,,,,,,10.0,,,,,,,,,,12.0,,,,,,,,,,18.0,,,,,,,,,,15.0,,,,,,,,,,15.0,,,,,,,,,,11.0,,,,,,,,,,16.0,,,,,,,,,,15.0,,,,,,,,,,16.0,,,,,,,,,,12.0,,,,,,,,,,12.0,,,,,,,,,,17.0,,,,,,,,,,15.0,,,,,,,,,,13.0,,,,,,,,,,8.0,,,,,,,,,,14.0,,,,,,,,,,18.0,,,,,,,,,,12.0,,,,,,,,,,12.0,,,,,,,,,,16.0,,,,,,,,,,12.0,,,,,,,,,,17.0,,,,,,,,,,9.0,,,,,,,,,,14.0,,,,,,,,,,16.0,,,,,,,,,,13.0,,,,,,,,,,15.0,,,,,,,,,,11.0,,,,,,,,,,13.0,,,,,,,,,,11.0,,,,,,,,,,14.0,,,,,,,,,,19.0,,,,,,,,,,19.0,,,,,,,,,,14.0,,,,,,,,,,15.0,,,,,,,,,,13.0,,,,,,,,,,13.0,,,,,,,,,,16.0,,,,,,,,,,16.0,,,,,,,,,,18.0,,,,,,,,,,11.0,,,,,,,,,,16.0,,,,,,,,,,13.0,,,,,,,,,,13.0,,,,,,,,,,14.0,,,,,,,,,,14.0,,,,,,,,,,7.0,,,,,,,,,,15.0,,,,,,,,,,8.0,,,,,,,,,,9.0,,,,,,,,,,14.0,,,,,,,,,,15.0,,,,,,,,,,16.0,,,,,,,,,,11.0,,,,,,,,,,12.0,,,,,,,,,,14.0,,,,,,,,,,19.0,,,,,,,,,,14.0,,,,,,,,,,15.0,,,,,,,,,,15.0,,,,,,,,,,14.0,,,,,,,,,,15.0,,,,,,,,,,12.0,,,,,,,,,,8.0,,,,,,,,,,14.0,,,,,,,,,,13.0,,,,,,,,,,14.0,,,,,,,,,,11.0,,,,,,,,,,11.0,,,,,,,,,,18.0,,,,,,,,,,16.0,,,,,,,,,,13.0,,,,,,,,,,14.0,,,,,,,,,,9.0,,,,,,,,,,14.0,,,,,,,,,,14.0,,,,,,,,,,11.0,,,,,,,,,,17.0,,,,,,,,,,9.0,,,,,,,,,,11.0,,,,,,,,,,10.0,,,,,,,,,,18.0,,,,,,,,,,15.0,,,,,,,,,,12.0,,,,,,,,,,14.0,,,,,,,,,,10.0,,,,,,,,,,13.0,,,,,,,,,,13.0,,,,,,,,,,14.0,,,,,,,,,,11.0,,,,,,,,,,12.0,,,,,,,,,,12.0,,,,,,,,,,12.0,,,,,,,,,,11.0,,,,,,,,,,17.0,,,,,,,,,,13.0,,,,,,,,,,15.0,,,,,,,,,,14.0,,,,,,,,,,8.0,,,,,,,,,,16.0,,,,,,,,,,15.0,,,,,,,,,,13.0,,,,,,,,,,14.0,,,,,,,,,,10.0,,,,,,,,,,14.0,,,,,,,,,,16.0,,,,,,,,,,17.0,,,,,,,,,,14.0,,,,,,,,,,10.0,,,,,,,,,,19.0,,,,,,,,,,11.0,,,,,,,,,,17.0,,,,,,,,,,8.0,,,,,,,,,,12.0,,,,,,,,,,15.0,,,,,,,,,,14.0,,,,,,,,,,15.0,,,,,,,,,,15.0,,,,,,,,,,7.0,,,,,,,,,,11.0,,,,,,,,,,16.0,,,,,,,,,,14.0,,,,,,,,,,13.0,,,,,,,,,,13.0,,,,,,,,,,9.0,,,,,,,,,,13.0,,,,,,,,,,10.0,,,,,,,,,,12.0,,,,,,,,,,10.0,,,,,,,,,,14.0,,,,,,,,,,16.0,,,,,,,,,,19.0,,,,,,,,,,13.0,,,,,,,,,,9.0,,,,,,,,,,14.0,,,,,,,,,,12.0,,,,,,,,,,11.0,,,,,,,,,,16.0,,,,,,,,,,10.0,,,,,,,,,,13.0,,,,,,,,,,14.0,,,,,,,,,,13.0,,,,,,,,,,15.0,,,,,,,,,,14.0,,,,,,,,,,13.0,,,,,,,,,,18.0,,,,,,,,,,18.0,,,,,,,,,,14.0,,,,,,,,,,14.0,,,,,,,,,,16.0,,,,,,,,,,11.0,,,,,,,,,,11.0,,,,,,,,,,18.0,,,,,,,,,,11.0,,,,,,,,,,11.0,,,,,,,,,,12.0,,,,,,,,,,16.0,,,,,,,,,,11.0,,,,,,,,,,16.0,,,,,,,,,,7.0,,,,,,,,,,13.0,,,,,,,,,,12.0,,,,,,,,,,9.0,,,,,,,,,,10.0,,,,,,,,,,15.0,,,,,,,,,,15.0,,,,,,,,,,9.0,,,,,,,,,,14.0,,,,,,,,,,12.0,,,,,,,,,,18.0,,,,,,,,,,10.0,,,,,,,,,,13.0,,,,,,,,,,11.0,,,,,,,,,,14.0,,,,,,,,,,9.0,,,,,,,,,,18.0,,,,,,,,,,11.0,,,,,,,,,,17.0,,,,,,,,,,14.0,,,,,,,,,,11.0,,,,,,,,,,16.0,,,,,,,,,,16.0,,,,,,,,,,9.0,,,,,,,,,,12.0,,,,,,,,,,15.0,,,,,,,,,,10.0,,,,,,,,,,15.0,,,,,,,,,,10.0,,,,,,,,,,15.0,,,,,,,,,,14.0,,,,,,,,,,16.0,,,,,,,,,,14.0,,,,,,,,,,12.0,,,,,,,,,,11.0,,,,,,,,,,18.0,,,,,,,,,,12.0,,,,,,,,,,14.0,,,,,,,,,,16.0,,,,,,,,,,16.0,,,,,,,,,,14.0,,,,,,,,,,11.0,,,,,,,,,,18.0,,,,,,,,,,12.0,,,,,,,,,,14.0,,,,,,,,,,18.0,,,,,,,,,,13.0,,,,,,,,,,10.0,,,,,,,,,,10.0,,,,,,,,,,13.0,,,,,,,,,,12.0,,,,,,,,,,14.0,,,,,,,,,,13.0,,,,,,,,,,10.0,,,,,,,,,,15.0,,,,,,,,,,15.0,,,,,,,,,,9.0,,,,,,,,,,13.0,,,,,,,,,,12.0,,,,,,,,,,8.0,,,,,,,,,,14.0,,,,,,,,,,14.0,,,,,,,,,,12.0,,,,,,,,,,15.0,,,,,,,,,,13.0,,,,,,,,,,12.0,,,,,,,,,,18.0,,,,,,,,,,11.0,,,,,,,,,,21.0,,,,,,,,,,11.0,,,,,,,,,,13.0,,,,,,,,,,14.0,,,,,,,,,,11.0,,,,,,,,,,12.0,,,,,,,,,,12.0,,,,,,,,,,14.0,,,,,,,,,,12.0,,,,,,,,,,9.0,,,,,,,,,,13.0,,,,,,,,,,16.0,,,,,,,,,,16.0,,,,,,,,,,15.0,,,,,,,,,,15.0,,,,,,,,,,14.0,,,,,,,,,,14.0,,,,,,,,,,18.0,,,,,,,,,,17.0,,,,,,,,,,11.0,,,,,,,,,,10.0,,,,,,,,,,13.0,,,,,,,,,,10.0,,,,,,,,,,11.0,,,,,,,,,,13.0,,,,,,,,,,10.0,,,,,,,,,,12.0,,,,,,,,,,13.0,,,,,,,,,,9.0,,,,,,,,,,11.0,,,,,,,,,,16.0,,,,,,,,,,13.0,,,,,,,,,,15.0,,,,,,,,,,12.0,,,,,,,,,,16.0,,,,,,,,,,15.0,,,,,,,,,,14.0,,,,,,,,,,16.0,,,,,,,,,,15.0,,,,,,,,,,13.0,,,,,,,,,,10.0,,,,,,,,,,12.0,,,,,,,,,,11.0,,,,,,,,,,15.0,,,,,,,,,,13.0,,,,,,,,,,14.0,,,,,,,,,,13.0,,,,,,,,,,11.0,,,,,,,,,,18.0,,,,,,,,,,12.0,,,,,,,,,,9.0,,,,,,,,,,17.0,,,,,,,,,,12.0,,,,,,,,,,14.0,,,,,,,,,,17.0,,,,,,,,,,13.0,,,,,,,,,,13.0,,,,,,,,,,13.0,,,,,,,,,,11.0,,,,,,,,,,13.0,,,,,,,,,,17.0,,,,,,,,,,15.0,,,,,,,,,,16.0,,,,,,,,,,13.0,,,,,,,,,,12.0,,,,,,,,,,15.0,,,,,,,,,,13.0,,,,,,,,,,10.0,,,,,,,,,,16.0,,,,,,,,,,13.0,,,,,,,,,,10.0,,,,,,,,,,10.0,,,,,,,,,,13.0,,,,,,,,,,15.0,,,,,,,,,,13.0,,,,,,,,,,12.0,,,,,,,,,,11.0,,,,,,,,,,15.0,,,,,,,,,,14.0,,,,,,,,,,15.0,,,,,,,,,,14.0,,,,,,,,,,15.0,,,,,,,,,,15.0,,,,,,,,,,14.0,,,,,,,,,,11.0,,,,,,,,,,15.0,,,,,,,,,,11.0,,,,,,,,,,10.0,,,,,,,,,,8.0,,,,,,,,,,13.0,,,,,,,,,,11.0,,,,,,,,,,12.0,,,,,,,,,,7.0,,,,,,,,,,10.0,,,,,,,,,,14.0,,,,,,,,,,12.0,,,,,,,,,,14.0,,,,,,,,,,10.0,,,,,,,,,,17.0,,,,,,,,,,11.0,,,,,,,,,,11.0,,,,,,,,,,15.0,,,,,,,,,,13.0,,,,,,,,,,18.0,,,,,,,,,,13.0,,,,,,,,,,10.0,,,,,,,,,,12.0,,,,,,,,,,13.0,,,,,,,,,,14.0,,,,,,,,,,7.0,,,,,,,,,,12.0,,,,,,,,,,15.0,,,,,,,,,,17.0,,,,,,,,,,10.0,,,,,,,,,,14.0,,,,,,,,,,15.0,,,,,,,,,,16.0,,,,,,,,,,16.0,,,,,,,,,,12.0,,,,,,,,,,12.0,,,,,,,,,,20.0,,,,,,,,,,14.0,,,,,,,,,,15.0,,,,,,,,,,17.0,,,,,,,,,,14.0,,,,,,,,,,8.0,,,,,,,,,,13.0,,,,,,,,,,17.0,,,,,,,,,,15.0,,,,,,,,,,12.0,,,,,,,,,,13.0,,,,,,,,,,13.0,,,,,,,,,,15.0,,,,,,,,,,15.0,,,,,,,,,,12.0,,,,,,,,,,13.0,,,,,,,,,,15.0,,,,,,,,,,13.0,,,,,,,,,,11.0,,,,,,,,,,15.0,,,,,,,,,,13.0,,,,,,,,,,11.0,,,,,,,,,,17.0,,,,,,,,,,7.0,,,,,,,,,,9.0,,,,,,,,,,11.0,,,,,,,,,,12.0,,,,,,,,,,14.0,,,,,,,,,,15.0,,,,,,,,,,13.0,,,,,,,,,,13.0,,,,,,,,,,16.0,,,,,,,,,,17.0,,,,,,,,,,11.0,,,,,,,,,,15.0,,,,,,,,,,13.0,,,,,,,,,,12.0,,,,,,,,,,14.0,,,,,,,,,,16.0,,,,,,,,,,13.0,,,,,,,,,,15.0,,,,,,,,,,13.0,,,,,,,,,,16.0,,,,,,,,,,11.0,,,,,,,,,,16.0,,,,,,,,,,13.0,,,,,,,,,,11.0,,,,,,,,,,11.0,,,,,,,,,,17.0,,,,,,,,,,12.0,,,,,,,,,,14.0,,,,,,,,,,12.0,,,,,,,,,,12.0,,,,,,,,,,13.0,,,,,,,,,,15.0,,,,,,,,,,17.0,,,,,,,,,,10.0,,,,,,,,,,13.0,,,,,,,,,,13.0,,,,,,,,,,12.0,,,,,,,,,,13.0,,,,,,,,,,17.0,,,,,,,,,,15.0,,,,,,,,,,8.0,,,,,,,,,,12.0,,,,,,,,,,19.0,,,,,,,,,,13.0,,,,,,,,,,10.0,,,,,,,,,,14.0,,,,,,,,,,14.0,,,,,,,,,,19.0,,,,,,,,,,12.0,,,,,,,,,,12.0,,,,,,,,,,14.0,,,,,,,,,,13.0,,,,,,,,,,10.0,,,,,,,,,,13.0,,,,,,,,,,14.0,,,,,,,,,,16.0,,,,,,,,,,13.0,,,,,,,,,,14.0,,,,,,,,,,10.0,,,,,,,,,,13.0,,,,,,,,,,13.0,,,,,,,,,,21.0,,,,,,,,,,14.0,,,,,,,,,,14.0,,,,,,,,,,14.0,,,,,,,,,,15.0,,,,,,,,,,16.0,,,,,,,,,,15.0,,,,,,,,,,11.0,,,,,,,,,,9.0,,,,,,,,,,14.0,,,,,,,,,,16.0,,,,,,,,,,10.0,,,,,,,,,,17.0,,,,,,,,,,17.0,,,,,,,,,,17.0,,,,,,,,,,14.0,,,,,,,,,,13.0,,,,,,,,,,12.0,,,,,,,,,,15.0,,,,,,,,,,13.0,,,,,,,,,,12.0,,,,,,,,,,13.0,,,,,,,,,,13.0,,,,,,,,,,12.0,,,,,,,,,,11.0,,,,,,,,,,10.0,,,,,,,,,,14.0,,,,,,,,,,17.0,,,,,,,,,,13.0,,,,,,,,,,13.0,,,,,,,,,,12.0,,,,,,,,,,13.0,,,,,,,,,,14.0,,,,,,,,,,11.0,,,,,,,,,,13.0,,,,,,,,,,16.0,,,,,,,,,,12.0,,,,,,,,,,11.0,,,,,,,,,,10.0,,,,,,,,,,14.0,,,,,,,,,,18.0,,,,,,,,,,10.0,,,,,,,,,,8.0,,,,,,,,,,11.0,,,,,,,,,,18.0,,,,,,,,,,11.0,,,,,,,,,,14.0,,,,,,,,,,14.0,,,,,,,,,,16.0,,,,,,,,,,10.0,,,,,,,,,,10.0,,,,,,,,,,14.0,,,,,,,,,,14.0,,,,,,,,,,15.0,,,,,,,,,,12.0,,,,,,,,,,11.0,,,,,,,,,,11.0,,,,,,,,,,14.0,,,,,,,,,,14.0,,,,,,,,,,9.0,,,,,,,,,,11.0,,,,,,,,,,9.0,,,,,,,,,,11.0,,,,,,,,,,11.0,,,,,,,,,,12.0,,,,,,,,,,13.0,,,,,,,,,,11.0,,,,,,,,,,12.0,,,,,,,,,,11.0,,,,,,,,,,11.0,,,,,,,,,,15.0,,,,,,,,,,17.0,,,,,,,,,,15.0,,,,,,,,,,17.0,,,,,,,,,,17.0,,,,,,,,,,10.0,,,,,,,,,,10.0,,,,,,,,,,13.0,,,,,,,,,,13.0,,,,,,,,,,14.0,,,,,,,,,,13.0,,,,,,,,,,11.0,,,,,,,,,,13.0,,,,,,,,,,11.0
